# Total_native_contacts: 525
#Frame Native_contacts
0 460
1 459
2 462
3 466
4 459
5 461
6 459
7 458
8 452
9 441
10 435
11 439
12 441
13 448
14 452
15 443
16 437
17 447
18 452
19 452
20 445
21 451
22 437
23 444
24 442
25 449
26 446
27 452
28 441
29 439
30 440
31 440
32 444
33 445
34 449
35 433
36 451
37 442
38 446
39 424
40 428
41 435
42 440
43 433
44 423
45 428
46 435
47 420
48 437
49 439
50 439
51 443
52 437
53 443
54 446
55 453
56 446
57 438
58 451
59 449
60 452
61 450
62 442
63 441
64 439
65 438
66 437
67 438
68 435
69 430
70 431
71 434
72 422
73 436
74 437
75 426
76 435
77 435
78 424
79 429
80 426
81 423
82 410
83 425
84 422
85 422
86 437
87 430
88 423
89 421
90 428
91 422
92 431
93 433
94 446
95 429
96 438
97 432
98 435
99 439
100 437
101 433
102 432
103 430
104 442
105 426
106 423
107 430
108 433
109 434
110 428
111 428
112 427
113 429
114 435
115 439
116 432
117 427
118 433
119 427
120 427
121 425
122 423
123 418
124 419
125 418
126 416
127 418
128 421
129 431
130 420
131 425
132 415
133 415
134 416
135 408
136 406
137 403
138 410
139 407
140 402
141 414
142 403
143 407
144 418
145 412
146 409
147 427
148 416
149 422
150 417
151 415
152 424
153 410
154 416
155 414
156 420
157 414
158 426
159 419
160 428
161 420
162 422
163 429
164 421
165 427
166 426
167 426
168 429
169 421
170 418
171 421
172 419
173 407
174 421
175 416
176 414
177 411
178 411
179 413
180 419
181 410
182 417
183 423
184 416
185 412
186 411
187 420
188 420
189 423
190 432
191 428
192 426
193 417
194 424
195 423
196 418
197 421
198 430
199 412
200 420
201 429
202 424
203 421
204 419
205 428
206 429
207 426
208 421
209 417
210 409
211 422
212 426
213 431
214 432
215 427
216 419
217 426
218 423
219 421
220 421
221 427
222 420
223 416
224 411
225 410
226 424
227 427
228 424
229 418
230 413
231 413
232 419
233 419
234 413
235 413
236 412
237 414
238 416
239 415
240 424
241 423
242 416
243 412
244 415
245 416
246 415
247 417
248 407
249 409
250 403
251 394
252 400
253 406
254 406
255 401
256 415
257 415
258 409
259 405
260 408
261 407
262 409
263 403
264 406
265 405
266 411
267 412
268 417
269 392
270 418
271 417
272 415
273 406
274 415
275 407
276 415
277 411
278 417
279 417
280 423
281 419
282 419
283 419
284 405
285 410
286 398
287 410
288 407
289 414
290 419
291 426
292 418
293 418
294 423
295 418
296 411
297 417
298 414
299 420
300 425
301 404
302 415
303 410
304 410
305 415
306 419
307 414
308 414
309 420
310 414
311 410
312 408
313 416
314 422
315 419
316 420
317 407
318 404
319 415
320 416
321 403
322 410
323 419
324 414
325 423
326 418
327 416
328 427
329 421
330 413
331 411
332 412
333 415
334 415
335 412
336 412
337 417
338 415
339 416
340 411
341 412
342 401
343 401
344 408
345 407
346 411
347 401
348 406
349 406
350 400
351 403
352 413
353 397
354 399
355 410
356 408
357 403
358 407
359 408
360 408
361 417
362 398
363 401
364 393
365 397
366 404
367 402
368 401
369 406
370 410
371 393
372 392
373 400
374 400
375 393
376 387
377 379
378 388
379 378
380 377
381 372
382 380
383 386
384 380
385 386
386 382
387 391
388 386
389 389
390 389
391 386
392 403
393 403
394 409
395 392
396 403
397 398
398 400
399 405
400 404
401 402
402 393
403 404
404 406
405 409
406 424
407 404
408 400
409 390
410 398
411 398
412 400
413 397
414 401
415 396
416 389
417 392
418 397
419 403
420 390
421 404
422 397
423 406
424 394
425 400
426 394
427 396
428 398
429 395
430 395
431 403
432 398
433 395
434 400
435 402
436 390
437 401
438 398
439 408
440 390
441 404
442 386
443 411
444 393
445 393
446 399
447 396
448 397
449 389
450 394
451 392
452 394
453 401
454 397
455 403
456 396
457 391
458 392
459 387
460 401
461 393
462 392
463 389
464 389
465 394
466 413
467 386
468 397
469 396
470 389
471 398
472 397
473 394
474 402
475 389
476 387
477 394
478 399
479 404
480 400
481 403
482 400
483 398
484 394
485 389
486 396
487 397
488 392
489 391
490 386
491 395
492 392
493 395
494 396
495 398
496 397
497 387
498 397
499 391
500 389
501 387
502 399
503 392
504 396
505 382
506 390
507 389
508 379
509 376
510 390
511 388
512 381
513 393
514 391
515 387
516 398
517 394
518 389
519 386
520 375
521 388
522 388
523 384
524 385
525 383
526 389
527 386
528 383
529 380
530 380
531 386
532 381
533 387
534 384
535 374
536 388
537 374
538 385
539 381
540 381
541 385
542 381
543 385
544 388
545 384
546 390
547 386
548 392
549 386
550 386
551 380
552 383
553 385
554 389
555 383
556 389
557 381
558 384
559 376
560 381
561 388
562 383
563 383
564 378
565 392
566 388
567 389
568 378
569 382
570 383
571 374
572 385
573 378
574 373
575 383
576 381
577 388
578 374
579 377
580 386
581 379
582 387
583 388
584 378
585 383
586 379
587 380
588 374
589 382
590 386
591 383
592 386
593 382
594 383
595 389
596 382
597 381
598 381
599 388
600 385
601 378
602 380
603 380
604 382
605 379
606 388
607 384
608 380
609 382
610 383
611 389
612 376
613 377
614 369
615 375
616 382
617 377
618 375
619 375
620 383
621 386
622 384
623 389
624 390
625 384
626 387
627 384
628 384
629 390
630 384
631 386
632 384
633 385
634 385
635 386
636 389
637 381
638 382
639 379
640 374
641 372
642 382
643 377
644 373
645 372
646 381
647 382
648 387
649 389
650 387
651 398
652 392
653 377
654 383
655 387
656 373
657 385
658 369
659 379
660 376
661 364
662 372
663 368
664 366
665 385
666 381
667 380
668 381
669 388
670 383
671 390
672 380
673 391
674 380
675 385
676 387
677 387
678 389
679 390
680 390
681 387
682 386
683 389
684 385
685 387
686 377
687 383
688 385
689 371
690 383
691 382
692 380
693 376
694 375
695 374
696 374
697 384
698 384
699 370
700 376
701 372
702 373
703 375
704 382
705 392
706 386
707 381
708 378
709 383
710 374
711 382
712 377
713 373
714 377
715 374
716 371
717 370
718 365
719 368
720 375
721 381
722 369
723 369
724 369
725 361
726 363
727 362
728 369
729 358
730 362
731 358
732 364
733 361
734 366
735 362
736 349
737 355
738 359
739 351
740 337
741 348
742 338
743 341
744 343
745 345
746 345
747 344
748 324
749 329
750 324
751 317
752 336
753 332
754 322
755 314
756 313
757 322
758 321
759 325
760 327
761 328
762 330
763 341
764 351
765 332
766 345
767 344
768 338
769 349
770 344
771 355
772 356
773 360
774 364
775 360
776 371
777 361
778 360
779 358
780 357
781 364
782 355
783 350
784 362
785 366
786 362
787 355
788 370
789 362
790 378
791 374
792 375
793 371
794 362
795 367
796 366
797 357
798 363
799 360
800 356
801 365
802 360
803 371
804 363
805 369
806 369
807 367
808 352
809 352
810 359
811 354
812 354
813 346
814 347
815 355
816 358
817 357
818 351
819 349
820 353
821 346
822 354
823 355
824 354
825 343
826 347
827 343
828 355
829 347
830 348
831 345
832 342
833 356
834 340
835 339
836 339
837 338
838 344
839 345
840 336
841 346
842 339
843 343
844 331
845 340
846 339
847 340
848 343
849 346
850 347
851 343
852 343
853 344
854 335
855 351
856 344
857 345
858 340
859 347
860 343
861 341
862 345
863 335
864 345
865 345
866 337
867 345
868 346
869 344
870 343
871 339
872 339
873 341
874 347
875 340
876 343
877 345
878 346
879 347
880 355
881 343
882 342
883 347
884 341
885 340
886 354
887 345
888 347
889 339
890 350
891 346
892 345
893 350
894 342
895 346
896 346
897 347
898 351
899 352
900 350
901 352
902 347
903 353
904 352
905 351
906 346
907 353
908 347
909 347
910 352
911 352
912 352
913 348
914 355
915 349
916 344
917 354
918 351
919 348
920 356
921 346
922 347
923 345
924 347
925 342
926 353
927 344
928 345
929 346
930 357
931 353
932 343
933 347
934 356
935 351
936 351
937 343
938 352
939 351
940 354
941 340
942 332
943 338
944 342
945 346
946 347
947 349
948 350
949 349
950 349
951 342
952 356
953 349
954 346
955 336
956 349
957 357
958 341
959 352
960 349
961 346
962 353
963 350
964 350
965 348
966 353
967 357
968 350
969 345
970 335
971 339
972 348
973 349
974 344
975 352
976 347
977 356
978 353
979 352
980 345
981 352
982 343
983 346
984 353
985 338
986 329
987 339
988 343
989 340
990 342
991 331
992 340
993 335
994 336
995 334
996 323
997 332
998 334
999 339
1000 332
1001 332
1002 342
1003 339
1004 338
1005 336
1006 337
1007 330
1008 337
1009 336
1010 329
1011 336
1012 334
1013 335
1014 328
1015 336
1016 333
1017 334
1018 345
1019 331
1020 333
1021 335
1022 338
1023 333
1024 335
1025 329
1026 341
1027 329
1028 332
1029 335
1030 332
1031 338
1032 332
1033 345
1034 338
1035 333
1036 339
1037 349
1038 344
1039 335
1040 341
1041 340
1042 340
1043 330
1044 341
1045 334
1046 337
1047 335
1048 343
1049 337
1050 338
1051 330
1052 334
1053 339
1054 345
1055 342
1056 338
1057 338
1058 333
1059 334
1060 334
1061 340
1062 338
1063 345
1064 342
1065 333
1066 329
1067 339
1068 341
1069 341
1070 333
1071 328
1072 328
1073 335
1074 339
1075 332
1076 330
1077 334
1078 335
1079 328
1080 330
1081 329
1082 339
1083 334
1084 337
1085 333
1086 347
1087 337
1088 345
1089 347
1090 327
1091 335
1092 332
1093 332
1094 333
1095 336
1096 332
1097 339
1098 352
1099 341
1100 345
1101 333
1102 331
1103 340
1104 336
1105 325
1106 335
1107 326
1108 331
1109 327
1110 329
1111 334
1112 337
1113 338
1114 336
1115 328
1116 334
1117 332
1118 333
1119 331
1120 333
1121 340
1122 337
1123 328
1124 333
1125 329
1126 327
1127 332
1128 340
1129 330
1130 337
1131 332
1132 329
1133 334
1134 334
1135 331
1136 338
1137 326
1138 328
1139 324
1140 326
1141 329
1142 331
1143 336
1144 333
1145 331
1146 333
1147 336
1148 330
1149 329
1150 331
1151 330
1152 330
1153 329
1154 339
1155 327
1156 332
1157 327
1158 333
1159 332
1160 333
1161 331
1162 337
1163 334
1164 328
1165 328
1166 320
1167 330
1168 327
1169 336
1170 329
1171 331
1172 332
1173 331
1174 336
1175 332
1176 331
1177 329
1178 328
1179 332
1180 336
1181 332
1182 324
1183 331
1184 339
1185 342
1186 336
1187 336
1188 330
1189 334
1190 335
1191 338
1192 337
1193 343
1194 339
1195 340
1196 339
1197 334
1198 343
1199 335
1200 338
1201 338
1202 327
1203 325
1204 332
1205 325
1206 334
1207 333
1208 340
1209 337
1210 338
1211 337
1212 345
1213 347
1214 341
1215 346
1216 345
1217 339
1218 355
1219 350
1220 358
1221 347
1222 349
1223 355
1224 351
1225 345
1226 348
1227 340
1228 337
1229 338
1230 331
1231 346
1232 344
1233 336
1234 342
1235 333
1236 325
1237 339
1238 340
1239 340
1240 336
1241 336
1242 334
1243 337
1244 334
1245 338
1246 338
1247 336
1248 338
1249 336
1250 336
1251 333
1252 338
1253 331
1254 339
1255 335
1256 338
1257 338
1258 340
1259 339
1260 334
1261 336
1262 335
1263 339
1264 338
1265 335
1266 337
1267 326
1268 326
1269 333
1270 332
1271 341
1272 343
1273 342
1274 341
1275 333
1276 338
1277 338
1278 339
1279 336
1280 332
1281 337
1282 340
1283 337
1284 339
1285 339
1286 343
1287 349
1288 347
1289 341
1290 347
1291 347
1292 344
1293 337
1294 339
1295 338
1296 335
1297 331
1298 333
1299 341
1300 342
1301 343
1302 334
1303 340
1304 335
1305 346
1306 344
1307 341
1308 343
1309 340
1310 341
1311 343
1312 334
1313 331
1314 336
1315 335
1316 336
1317 328
1318 331
1319 336
1320 329
1321 340
1322 332
1323 335
1324 338
1325 342
1326 341
1327 345
1328 342
1329 340
1330 341
1331 333
1332 340
1333 336
1334 341
1335 348
1336 341
1337 348
1338 342
1339 337
1340 339
1341 335
1342 341
1343 329
1344 332
1345 337
1346 332
1347 336
1348 331
1349 326
1350 325
1351 322
1352 323
1353 322
1354 324
1355 334
1356 336
1357 327
1358 340
1359 321
1360 325
1361 327
1362 326
1363 319
1364 326
1365 331
1366 326
1367 324
1368 323
1369 317
1370 317
1371 325
1372 326
1373 325
1374 328
1375 327
1376 330
1377 325
1378 336
1379 324
1380 327
1381 318
1382 325
1383 319
1384 327
1385 325
1386 322
1387 326
1388 320
1389 326
1390 324
1391 331
1392 326
1393 326
1394 327
1395 324
1396 324
1397 322
1398 327
1399 328
1400 329
1401 324
1402 325
1403 330
1404 331
1405 326
1406 329
1407 336
1408 333
1409 323
1410 321
1411 332
1412 330
1413 329
1414 331
1415 331
1416 323
1417 329
1418 329
1419 333
1420 325
1421 334
1422 331
1423 331
1424 323
1425 334
1426 329
1427 320
1428 342
1429 330
1430 331
1431 326
1432 329
1433 329
1434 338
1435 334
1436 335
1437 326
1438 326
1439 329
1440 342
1441 329
1442 331
1443 331
1444 329
1445 330
1446 342
1447 332
1448 333
1449 327
1450 332
1451 326
1452 326
1453 332
1454 323
1455 331
1456 331
1457 320
1458 331
1459 323
1460 329
1461 329
1462 321
1463 324
1464 320
1465 327
1466 322
1467 319
1468 317
1469 319
1470 317
1471 320
1472 322
1473 311
1474 325
1475 316
1476 324
1477 320
1478 316
1479 333
1480 331
1481 322
1482 326
1483 322
1484 323
1485 332
1486 321
1487 316
1488 329
1489 316
1490 336
1491 321
1492 321
1493 322
1494 326
1495 334
1496 321
1497 320
1498 324
1499 322
1500 308
1501 320
1502 315
1503 308
1504 316
1505 319
1506 328
1507 323
1508 322
1509 332
1510 315
1511 321
1512 320
1513 323
1514 324
1515 329
1516 315
1517 322
1518 317
1519 327
1520 333
1521 325
1522 316
1523 318
1524 311
1525 320
1526 322
1527 319
1528 317
1529 315
1530 314
1531 320
1532 323
1533 325
1534 318
1535 316
1536 314
1537 327
1538 322
1539 328
1540 325
1541 315
1542 320
1543 320
1544 315
1545 323
1546 328
1547 317
1548 320
1549 316
1550 314
1551 315
1552 314
1553 326
1554 310
1555 315
1556 321
1557 314
1558 315
1559 316
1560 315
1561 318
1562 321
1563 315
1564 313
1565 311
1566 317
1567 317
1568 315
1569 314
1570 324
1571 328
1572 327
1573 323
1574 315
1575 314
1576 317
1577 318
1578 325
1579 317
1580 321
1581 325
1582 318
1583 324
1584 327
1585 318
1586 318
1587 326
1588 322
1589 318
1590 314
1591 323
1592 315
1593 317
1594 316
1595 318
1596 318
1597 322
1598 323
1599 325
1600 318
1601 317
1602 318
1603 316
1604 320
1605 316
1606 324
1607 326
1608 323
1609 324
1610 335
1611 329
1612 329
1613 322
1614 318
1615 327
1616 331
1617 321
1618 326
1619 327
1620 326
1621 320
1622 323
1623 328
1624 326
1625 329
1626 321
1627 329
1628 328
1629 320
1630 329
1631 330
1632 323
1633 331
1634 325
1635 324
1636 329
1637 322
1638 326
1639 321
1640 328
1641 319
1642 318
1643 322
1644 328
1645 326
1646 318
1647 322
1648 324
1649 325
1650 330
1651 318
1652 323
1653 321
1654 325
1655 324
1656 328
1657 332
1658 330
1659 335
1660 331
1661 328
1662 326
1663 322
1664 321
1665 325
1666 323
1667 329
1668 327
1669 328
1670 326
1671 324
1672 328
1673 330
1674 330
1675 322
1676 327
1677 325
1678 330
1679 321
1680 334
1681 326
1682 324
1683 331
1684 320
1685 323
1686 322
1687 324
1688 330
1689 327
1690 326
1691 322
1692 331
1693 334
1694 323
1695 319
1696 323
1697 315
1698 315
1699 311
1700 325
1701 315
1702 315
1703 312
1704 324
1705 318
1706 318
1707 322
1708 325
1709 316
1710 324
1711 323
1712 321
1713 316
1714 322
1715 319
1716 320
1717 322
1718 329
1719 329
1720 321
1721 328
1722 319
1723 330
1724 328
1725 329
1726 329
1727 330
1728 334
1729 325
1730 329
1731 322
1732 325
1733 321
1734 325
1735 330
1736 325
1737 326
1738 322
1739 325
1740 328
1741 330
1742 334
1743 323
1744 329
1745 336
1746 326
1747 324
1748 325
1749 327
1750 327
1751 330
1752 323
1753 326
1754 328
1755 321
1756 327
1757 329
1758 324
1759 322
1760 320
1761 324
1762 320
1763 327
1764 326
1765 328
1766 324
1767 323
1768 324
1769 322
1770 324
1771 326
1772 320
1773 320
1774 321
1775 317
1776 327
1777 328
1778 327
1779 319
1780 327
1781 324
1782 317
1783 322
1784 321
1785 324
1786 322
1787 326
1788 318
1789 323
1790 323
1791 320
1792 330
1793 328
1794 323
1795 324
1796 324
1797 321
1798 325
1799 322
1800 324
1801 331
1802 338
1803 331
1804 327
1805 336
1806 326
1807 329
1808 329
1809 330
1810 336
1811 330
1812 324
1813 326
1814 330
1815 329
1816 325
1817 328
1818 327
1819 325
1820 328
1821 331
1822 322
1823 323
1824 330
1825 328
1826 327
1827 329
1828 321
1829 330
1830 322
1831 331
1832 328
1833 330
1834 324
1835 329
1836 317
1837 324
1838 319
1839 324
1840 326
1841 323
1842 324
1843 323
1844 326
1845 327
1846 329
1847 322
1848 328
1849 329
1850 329
1851 322
1852 324
1853 320
1854 324
1855 326
1856 331
1857 325
1858 325
1859 323
1860 325
1861 324
1862 320
1863 315
1864 330
1865 328
1866 323
1867 322
1868 327
1869 333
1870 331
1871 326
1872 322
1873 324
1874 329
1875 324
1876 325
1877 323
1878 327
1879 323
1880 319
1881 323
1882 327
1883 323
1884 321
1885 324
1886 322
1887 324
1888 326
1889 327
1890 323
1891 328
1892 334
1893 322
1894 334
1895 322
1896 334
1897 325
1898 325
1899 322
1900 327
1901 326
1902 326
1903 326
1904 326
1905 336
1906 336
1907 333
1908 338
1909 335
1910 331
1911 332
1912 329
1913 328
1914 329
1915 329
1916 330
1917 331
1918 329
1919 330
1920 327
1921 322
1922 326
1923 322
1924 329
1925 329
1926 323
1927 325
1928 323
1929 327
1930 324
1931 333
1932 324
1933 323
1934 322
1935 330
1936 328
1937 326
1938 321
1939 327
1940 329
1941 329
1942 329
1943 324
1944 327
1945 327
1946 323
1947 323
1948 326
1949 318
1950 323
1951 321
1952 323
1953 322
1954 320
1955 323
1956 325
1957 327
1958 325
1959 325
1960 323
1961 322
1962 320
1963 327
1964 315
1965 323
1966 324
1967 330
1968 326
1969 327
1970 318
1971 319
1972 326
1973 319
1974 318
1975 322
1976 322
1977 323
1978 320
1979 320
1980 318
1981 315
1982 320
1983 326
1984 320
1985 322
1986 315
1987 322
1988 321
1989 321
1990 329
1991 327
1992 317
1993 327
1994 325
1995 325
1996 317
1997 329
1998 327
1999 321
2000 316
2001 326
2002 324
2003 324
2004 324
2005 324
2006 321
2007 319
2008 321
2009 319
2010 318
2011 320
2012 323
2013 316
2014 321
2015 324
2016 316
2017 318
2018 318
2019 315
2020 327
2021 318
2022 317
2023 318
2024 321
2025 315
2026 314
2027 318
2028 323
2029 316
2030 312
2031 327
2032 326
2033 320
2034 322
2035 326
2036 324
2037 317
2038 327
2039 326
2040 327
2041 332
2042 327
2043 324
2044 327
2045 333
2046 332
2047 321
2048 325
2049 328
2050 323
2051 326
2052 327
2053 321
2054 332
2055 327
2056 330
2057 323
2058 325
2059 328
2060 328
2061 332
2062 324
2063 326
2064 321
2065 330
2066 321
2067 326
2068 322
2069 323
2070 325
2071 320
2072 328
2073 323
2074 323
2075 328
2076 320
2077 317
2078 321
2079 317
2080 322
2081 327
2082 327
2083 322
2084 318
2085 324
2086 321
2087 323
2088 323
2089 322
2090 328
2091 327
2092 315
2093 329
2094 331
2095 326
2096 327
2097 328
2098 323
2099 325
2100 326
2101 331
2102 331
2103 321
2104 325
2105 321
2106 315
2107 321
2108 331
2109 322
2110 323
2111 319
2112 324
2113 322
2114 321
2115 322
2116 316
2117 319
2118 320
2119 323
2120 317
2121 328
2122 322
2123 328
2124 329
2125 319
2126 324
2127 325
2128 321
2129 327
2130 324
2131 315
2132 323
2133 317
2134 322
2135 322
2136 318
2137 317
2138 317
2139 315
2140 320
2141 319
2142 315
2143 319
2144 317
2145 321
2146 320
2147 321
2148 321
2149 323
2150 321
2151 324
2152 326
2153 329
2154 319
2155 327
2156 321
2157 320
2158 317
2159 327
2160 326
2161 312
2162 320
2163 321
2164 326
2165 327
2166 324
2167 327
2168 324
2169 322
2170 325
2171 334
2172 326
2173 330
2174 326
2175 318
2176 324
2177 315
2178 324
2179 322
2180 321
2181 324
2182 321
2183 329
2184 323
2185 320
2186 317
2187 327
2188 321
2189 321
2190 324
2191 323
2192 330
2193 324
2194 329
2195 324
2196 323
2197 322
2198 330
2199 332
2200 332
2201 326
2202 326
2203 326
2204 321
2205 319
2206 322
2207 324
2208 325
2209 322
2210 322
2211 325
2212 322
2213 316
2214 327
2215 325
2216 318
2217 326
2218 325
2219 322
2220 317
2221 328
2222 323
2223 318
2224 327
2225 328
2226 322
2227 319
2228 323
2229 323
2230 323
2231 322
2232 320
2233 320
2234 316
2235 324
2236 327
2237 321
2238 314
2239 312
2240 315
2241 320
2242 322
2243 319
2244 319
2245 313
2246 321
2247 314
2248 315
2249 312
2250 319
2251 321
2252 310
2253 314
2254 309
2255 320
2256 325
2257 316
2258 315
2259 320
2260 318
2261 316
2262 322
2263 321
2264 316
2265 313
2266 317
2267 317
2268 326
2269 318
2270 309
2271 314
2272 311
2273 319
2274 321
2275 317
2276 321
2277 319
2278 326
2279 322
2280 323
2281 319
2282 320
2283 317
2284 319
2285 305
2286 315
2287 316
2288 317
2289 316
2290 321
2291 318
2292 319
2293 323
2294 326
2295 315
2296 319
2297 321
2298 326
2299 329
2300 319
2301 320
2302 317
2303 312
2304 319
2305 313
2306 318
2307 317
2308 323
2309 322
2310 320
2311 318
2312 319
2313 316
2314 318
2315 304
2316 308
2317 315
2318 305
2319 308
2320 315
2321 309
2322 313
2323 314
2324 319
2325 314
2326 323
2327 318
2328 324
2329 316
2330 318
2331 316
2332 315
2333 320
2334 318
2335 316
2336 316
2337 318
2338 310
2339 314
2340 325
2341 322
2342 311
2343 320
2344 320
2345 318
2346 321
2347 322
2348 314
2349 315
2350 320
2351 314
2352 314
2353 308
2354 315
2355 322
2356 320
2357 316
2358 313
2359 311
2360 319
2361 314
2362 314
2363 320
2364 320
2365 317
2366 317
2367 324
2368 322
2369 307
2370 312
2371 315
2372 323
2373 320
2374 325
2375 318
2376 312
2377 319
2378 316
2379 322
2380 317
2381 316
2382 319
2383 316
2384 318
2385 316
2386 310
2387 313
2388 311
2389 317
2390 314
2391 313
2392 317
2393 316
2394 307
2395 318
2396 313
2397 321
2398 318
2399 321
2400 326
2401 317
2402 320
2403 326
2404 316
2405 309
2406 324
2407 312
2408 317
2409 319
2410 319
2411 319
2412 320
2413 316
2414 324
2415 321
2416 324
2417 314
2418 319
2419 319
2420 313
2421 318
2422 318
2423 314
2424 316
2425 316
2426 319
2427 313
2428 310
2429 311
2430 311
2431 318
2432 311
2433 316
2434 303
2435 307
2436 314
2437 310
2438 317
2439 311
2440 314
2441 311
2442 315
2443 317
2444 313
2445 318
2446 319
2447 315
2448 314
2449 311
2450 312
2451 311
2452 313
2453 316
2454 311
2455 312
2456 316
2457 314
2458 317
2459 320
2460 320
2461 315
2462 319
2463 321
2464 320
2465 314
2466 316
2467 319
2468 312
2469 313
2470 305
2471 319
2472 316
2473 320
2474 321
2475 327
2476 327
2477 314
2478 319
2479 314
2480 313
2481 321
2482 318
2483 321
2484 322
2485 317
2486 321
2487 323
2488 323
2489 323
2490 317
2491 312
2492 309
2493 315
2494 313
2495 312
2496 310
2497 311
2498 322
2499 307
2500 315
2501 320
2502 316
2503 326
2504 319
2505 324
2506 319
2507 320
2508 314
2509 325
2510 320
2511 322
2512 322
2513 320
2514 321
2515 321
2516 321
2517 321
2518 317
2519 314
2520 311
2521 313
2522 315
2523 316
2524 318
2525 313
2526 317
2527 323
2528 318
2529 313
2530 319
2531 323
2532 316
2533 314
2534 313
2535 320
2536 319
2537 313
2538 321
2539 318
2540 320
2541 324
2542 328
2543 322
2544 320
2545 321
2546 322
2547 320
2548 316
2549 333
2550 320
2551 320
2552 320
2553 322
2554 316
2555 318
2556 317
2557 323
2558 320
2559 320
2560 329
2561 331
2562 333
2563 334
2564 326
2565 317
2566 319
2567 323
2568 319
2569 323
2570 322
2571 317
2572 317
2573 319
2574 322
2575 325
2576 316
2577 317
2578 314
2579 310
2580 312
2581 316
2582 313
2583 312
2584 307
2585 321
2586 314
2587 314
2588 313
2589 314
2590 311
2591 320
2592 317
2593 318
2594 311
2595 317
2596 321
2597 318
2598 319
2599 317
2600 311
2601 308
2602 311
2603 314
2604 314
2605 307
2606 306
2607 312
2608 313
2609 313
2610 310
2611 314
2612 317
2613 306
2614 310
2615 311
2616 307
2617 315
2618 313
2619 310
2620 314
2621 314
2622 314
2623 322
2624 307
2625 309
2626 315
2627 309
2628 309
2629 311
2630 316
2631 313
2632 311
2633 326
2634 318
2635 317
2636 322
2637 312
2638 322
2639 317
2640 320
2641 313
2642 321
2643 319
2644 318
2645 323
2646 323
2647 322
2648 317
2649 316
2650 310
2651 322
2652 318
2653 324
2654 320
2655 318
2656 322
2657 324
2658 319
2659 325
2660 316
2661 327
2662 319
2663 324
2664 318
2665 321
2666 324
2667 316
2668 319
2669 322
2670 315
2671 323
2672 319
2673 321
2674 315
2675 324
2676 317
2677 319
2678 317
2679 319
2680 318
2681 325
2682 320
2683 321
2684 323
2685 316
2686 329
2687 323
2688 329
2689 323
2690 321
2691 321
2692 323
2693 327
2694 331
2695 322
2696 312
2697 320
2698 319
2699 320
2700 326
2701 323
2702 324
2703 325
2704 315
2705 325
2706 324
2707 323
2708 328
2709 316
2710 325
2711 327
2712 326
2713 321
2714 322
2715 325
2716 334
2717 322
2718 321
2719 325
2720 319
2721 317
2722 322
2723 327
2724 322
2725 328
2726 331
2727 330
2728 318
2729 326
2730 325
2731 322
2732 319
2733 323
2734 317
2735 322
2736 325
2737 325
2738 324
2739 319
2740 323
2741 326
2742 326
2743 331
2744 315
2745 320
2746 327
2747 324
2748 322
2749 328
2750 321
2751 327
2752 322
2753 322
2754 322
2755 323
2756 326
2757 321
2758 325
2759 326
2760 324
2761 311
2762 320
2763 317
2764 324
2765 327
2766 322
2767 331
2768 323
2769 322
2770 324
2771 322
2772 318
2773 320
2774 321
2775 321
2776 320
2777 317
2778 326
2779 320
2780 319
2781 323
2782 318
2783 326
2784 322
2785 328
2786 322
2787 322
2788 315
2789 320
2790 313
2791 320
2792 318
2793 321
2794 321
2795 317
2796 316
2797 317
2798 324
2799 316
2800 320
2801 322
2802 312
2803 331
2804 307
2805 314
2806 324
2807 318
2808 317
2809 321
2810 313
2811 324
2812 319
2813 318
2814 310
2815 311
2816 318
2817 313
2818 315
2819 312
2820 307
2821 316
2822 317
2823 311
2824 313
2825 312
2826 317
2827 321
2828 318
2829 318
2830 320
2831 318
2832 314
2833 316
2834 315
2835 318
2836 317
2837 311
2838 320
2839 317
2840 319
2841 312
2842 318
2843 315
2844 315
2845 315
2846 315
2847 317
2848 321
2849 318
2850 321
2851 310
2852 310
2853 315
2854 306
2855 314
2856 318
2857 318
2858 316
2859 321
2860 314
2861 318
2862 314
2863 320
2864 318
2865 317
2866 315
2867 317
2868 319
2869 317
2870 319
2871 320
2872 321
2873 314
2874 308
2875 321
2876 320
2877 317
2878 323
2879 317
2880 321
2881 319
2882 318
2883 325
2884 323
2885 324
2886 317
2887 314
2888 314
2889 310
2890 313
2891 317
2892 315
2893 318
2894 319
2895 314
2896 321
2897 315
2898 322
2899 312
2900 316
2901 315
2902 328
2903 328
2904 326
2905 323
2906 325
2907 319
2908 322
2909 327
2910 327
2911 319
2912 321
2913 331
2914 321
2915 318
2916 322
2917 315
2918 332
2919 327
2920 327
2921 334
2922 322
2923 319
2924 322
2925 325
2926 329
2927 323
2928 321
2929 321
2930 316
2931 323
2932 320
2933 315
2934 315
2935 320
2936 322
2937 321
2938 317
2939 323
2940 319
2941 321
2942 316
2943 322
2944 326
2945 327
2946 332
2947 317
2948 324
2949 330
2950 324
2951 314
2952 323
2953 319
2954 322
2955 317
2956 311
2957 323
2958 324
2959 318
2960 312
2961 324
2962 321
2963 320
2964 317
2965 313
2966 321
2967 319
2968 320
2969 326
2970 329
2971 324
2972 318
2973 315
2974 317
2975 324
2976 316
2977 320
2978 311
2979 319
2980 315
2981 316
2982 328
2983 316
2984 316
2985 315
2986 309
2987 313
2988 316
2989 316
2990 317
2991 314
2992 318
2993 314
2994 316
2995 318
2996 325
2997 322
2998 327
2999 308
3000 316
3001 326
3002 313
3003 314
3004 306
3005 308
3006 301
3007 310
3008 300
3009 303
3010 320
3011 318
3012 320
3013 314
3014 313
3015 310
3016 315
3017 320
3018 320
3019 319
3020 314
3021 315
3022 322
3023 324
3024 316
3025 312
3026 320
3027 313
3028 315
3029 316
3030 323
3031 311
3032 316
3033 315
3034 307
3035 315
3036 313
3037 313
3038 314
3039 318
3040 309
3041 314
3042 316
3043 318
3044 310
3045 321
3046 322
3047 313
3048 317
3049 313
3050 320
3051 309
3052 316
3053 315
3054 313
3055 320
3056 327
3057 318
3058 321
3059 312
3060 314
3061 306
3062 306
3063 306
3064 305
3065 311
3066 303
3067 315
3068 308
3069 308
3070 310
3071 311
3072 306
3073 312
3074 312
3075 308
3076 313
3077 308
3078 311
3079 303
3080 315
3081 319
3082 309
3083 322
3084 305
3085 309
3086 308
3087 311
3088 306
3089 310
3090 314
3091 308
3092 315
3093 310
3094 319
3095 314
3096 315
3097 317
3098 312
3099 319
3100 309
3101 322
3102 309
3103 311
3104 311
3105 315
3106 312
3107 308
3108 312
3109 308
3110 307
3111 315
3112 309
3113 315
3114 309
3115 313
3116 316
3117 311
3118 310
3119 315
3120 306
3121 311
3122 315
3123 309
3124 308
3125 309
3126 316
3127 311
3128 311
3129 301
3130 310
3131 309
3132 304
3133 307
3134 310
3135 303
3136 307
3137 296
3138 296
3139 306
3140 306
3141 311
3142 308
3143 307
3144 310
3145 301
3146 305
3147 300
3148 302
3149 309
3150 313
3151 315
3152 305
3153 308
3154 300
3155 306
3156 311
3157 310
3158 306
3159 305
3160 307
3161 311
3162 320
3163 311
3164 305
3165 307
3166 306
3167 297
3168 310
3169 304
3170 307
3171 315
3172 305
3173 301
3174 307
3175 321
3176 316
3177 318
3178 318
3179 310
3180 315
3181 314
3182 308
3183 319
3184 313
3185 313
3186 313
3187 316
3188 303
3189 304
3190 307
3191 307
3192 312
3193 310
3194 309
3195 315
3196 300
3197 308
3198 307
3199 311
3200 307
3201 312
3202 309
3203 307
3204 310
3205 308
3206 308
3207 310
3208 311
3209 318
3210 308
3211 306
3212 308
3213 309
3214 315
3215 319
3216 309
3217 311
3218 316
3219 316
3220 314
3221 316
3222 317
3223 313
3224 311
3225 309
3226 311
3227 313
3228 309
3229 313
3230 307
3231 310
3232 308
3233 307
3234 307
3235 301
3236 309
3237 313
3238 311
3239 307
3240 313
3241 315
3242 308
3243 314
3244 318
3245 310
3246 308
3247 313
3248 309
3249 313
3250 313
3251 308
3252 309
3253 309
3254 309
3255 312
3256 308
3257 310
3258 311
3259 310
3260 304
3261 304
3262 307
3263 305
3264 314
3265 307
3266 307
3267 307
3268 310
3269 308
3270 308
3271 304
3272 310
3273 305
3274 304
3275 307
3276 303
3277 307
3278 302
3279 301
3280 297
3281 297
3282 301
3283 296
3284 301
3285 306
3286 299
3287 300
3288 302
3289 297
3290 301
3291 308
3292 303
3293 305
3294 302
3295 302
3296 311
3297 303
3298 310
3299 315
3300 309
3301 305
3302 300
3303 304
3304 309
3305 307
3306 315
3307 310
3308 307
3309 302
3310 306
3311 307
3312 305
3313 299
3314 306
3315 308
3316 305
3317 306
3318 305
3319 308
3320 311
3321 306
3322 300
3323 302
3324 305
3325 318
3326 314
3327 317
3328 314
3329 322
3330 310
3331 313
3332 308
3333 305
3334 299
3335 310
3336 315
3337 313
3338 312
3339 311
3340 313
3341 311
3342 305
3343 313
3344 313
3345 310
3346 310
3347 306
3348 311
3349 313
3350 307
3351 302
3352 306
3353 311
3354 310
3355 313
3356 312
3357 309
3358 311
3359 311
3360 310
3361 313
3362 312
3363 315
3364 312
3365 316
3366 312
3367 314
3368 306
3369 311
3370 319
3371 317
3372 315
3373 311
3374 315
3375 311
3376 311
3377 304
3378 315
3379 317
3380 317
3381 314
3382 314
3383 319
3384 323
3385 323
3386 324
3387 321
3388 326
3389 317
3390 323
3391 324
3392 318
3393 328
3394 323
3395 321
3396 327
3397 325
3398 331
3399 325
3400 330
3401 318
3402 315
3403 329
3404 322
3405 327
3406 330
3407 327
3408 321
3409 325
3410 324
3411 328
3412 322
3413 323
3414 335
3415 326
3416 320
3417 320
3418 324
3419 322
3420 322
3421 311
3422 318
3423 316
3424 318
3425 321
3426 316
3427 318
3428 317
3429 318
3430 312
3431 317
3432 312
3433 327
3434 324
3435 323
3436 310
3437 319
3438 325
3439 322
3440 322
3441 319
3442 313
3443 315
3444 317
3445 317
3446 317
3447 325
3448 333
3449 329
3450 330
3451 327
3452 327
3453 324
3454 327
3455 324
3456 322
3457 315
3458 324
3459 322
3460 325
3461 325
3462 322
3463 325
3464 317
3465 326
3466 322
3467 318
3468 318
3469 317
3470 306
3471 317
3472 310
3473 311
3474 314
3475 316
3476 312
3477 316
3478 318
3479 316
3480 321
3481 311
3482 311
3483 308
3484 315
3485 314
3486 314
3487 316
3488 319
3489 325
3490 307
3491 311
3492 319
3493 320
3494 315
3495 310
3496 312
3497 317
3498 314
3499 314
3500 321
3501 315
3502 315
3503 320
3504 313
3505 315
3506 318
3507 312
3508 318
3509 313
3510 310
3511 313
3512 319
3513 321
3514 317
3515 320
3516 318
3517 312
3518 317
3519 322
3520 323
3521 321
3522 313
3523 313
3524 319
3525 308
3526 311
3527 317
3528 312
3529 311
3530 313
3531 310
3532 315
3533 315
3534 308
3535 322
3536 313
3537 321
3538 318
3539 318
3540 307
3541 307
3542 312
3543 310
3544 323
3545 324
3546 317
3547 310
3548 312
3549 308
3550 315
3551 304
3552 303
3553 314
3554 326
3555 322
3556 318
3557 327
3558 325
3559 330
3560 321
3561 327
3562 329
3563 336
3564 327
3565 322
3566 322
3567 311
3568 320
3569 321
3570 327
3571 323
3572 330
3573 335
3574 319
3575 326
3576 325
3577 327
3578 322
3579 328
3580 327
3581 327
3582 324
3583 325
3584 328
3585 322
3586 320
3587 326
3588 319
3589 322
3590 322
3591 323
3592 324
3593 326
3594 326
3595 330
3596 332
3597 325
3598 329
3599 341
3600 341
3601 339
3602 335
3603 334
3604 337
3605 332
3606 334
3607 331
3608 337
3609 334
3610 333
3611 327
3612 333
3613 330
3614 316
3615 327
3616 332
3617 329
3618 327
3619 323
3620 326
3621 327
3622 322
3623 333
3624 322
3625 329
3626 324
3627 319
3628 322
3629 323
3630 325
3631 324
3632 320
3633 324
3634 327
3635 321
3636 332
3637 327
3638 321
3639 319
3640 329
3641 327
3642 324
3643 334
3644 329
3645 321
3646 328
3647 329
3648 325
3649 323
3650 327
3651 324
3652 324
3653 325
3654 332
3655 333
3656 330
3657 326
3658 322
3659 317
3660 325
3661 327
3662 324
3663 322
3664 320
3665 327
3666 327
3667 327
3668 328
3669 323
3670 323
3671 329
3672 322
3673 327
3674 329
3675 332
3676 323
3677 328
3678 323
3679 322
3680 332
3681 332
3682 330
3683 323
3684 322
3685 323
3686 324
3687 327
3688 328
3689 326
3690 331
3691 328
3692 331
3693 325
3694 330
3695 319
3696 322
3697 330
3698 334
3699 328
3700 332
3701 327
3702 328
3703 323
3704 323
3705 325
3706 317
3707 324
3708 319
3709 313
3710 313
3711 320
3712 327
3713 323
3714 316
3715 323
3716 328
3717 316
3718 319
3719 322
3720 327
3721 325
3722 318
3723 334
3724 326
3725 328
3726 339
3727 338
3728 331
3729 329
3730 331
3731 335
3732 339
3733 346
3734 340
3735 340
3736 339
3737 335
3738 345
3739 343
3740 338
3741 335
3742 336
3743 326
3744 337
3745 334
3746 332
3747 329
3748 329
3749 339
3750 341
3751 336
3752 323
3753 334
3754 334
3755 333
3756 340
3757 329
3758 333
3759 331
3760 320
3761 328
3762 339
3763 334
3764 334
3765 326
3766 328
3767 326
3768 331
3769 328
3770 336
3771 329
3772 335
3773 329
3774 331
3775 328
3776 332
3777 332
3778 333
3779 330
3780 329
3781 325
3782 333
3783 330
3784 326
3785 328
3786 320
3787 322
3788 329
3789 317
3790 322
3791 323
3792 328
3793 324
3794 320
3795 327
3796 333
3797 331
3798 326
3799 322
3800 330
3801 334
3802 335
3803 334
3804 337
3805 333
3806 334
3807 335
3808 333
3809 330
3810 333
3811 327
3812 334
3813 337
3814 336
3815 337
3816 332
3817 329
3818 332
3819 330
3820 331
3821 330
3822 333
3823 334
3824 333
3825 325
3826 331
3827 326
3828 329
3829 328
3830 338
3831 338
3832 332
3833 338
3834 335
3835 328
3836 336
3837 334
3838 338
3839 343
3840 332
3841 332
3842 339
3843 334
3844 333
3845 334
3846 329
3847 330
3848 332
3849 332
3850 334
3851 339
3852 335
3853 335
3854 335
3855 334
3856 338
3857 336
3858 338
3859 335
3860 340
3861 339
3862 338
3863 336
3864 329
3865 329
3866 336
3867 338
3868 335
3869 335
3870 338
3871 327
3872 329
3873 336
3874 331
3875 340
3876 328
3877 335
3878 334
3879 335
3880 334
3881 334
3882 336
3883 331
3884 328
3885 331
3886 327
3887 333
3888 332
3889 330
3890 330
3891 331
3892 327
3893 332
3894 333
3895 331
3896 331
3897 330
3898 332
3899 330
3900 334
3901 333
3902 326
3903 326
3904 325
3905 331
3906 330
3907 325
3908 328
3909 337
3910 328
3911 318
3912 336
3913 327
3914 328
3915 328
3916 324
3917 320
3918 329
3919 330
3920 324
3921 331
3922 331
3923 333
3924 335
3925 333
3926 325
3927 330
3928 326
3929 332
3930 320
3931 328
3932 331
3933 334
3934 338
3935 330
3936 331
3937 327
3938 325
3939 327
3940 326
3941 325
3942 329
3943 329
3944 333
3945 333
3946 332
3947 332
3948 331
3949 329
3950 327
3951 332
3952 320
3953 322
3954 330
3955 331
3956 323
3957 323
3958 331
3959 337
3960 321
3961 329
3962 334
3963 328
3964 322
3965 322
3966 329
3967 322
3968 335
3969 335
3970 319
3971 325
3972 331
3973 328
3974 330
3975 332
3976 328
3977 333
3978 333
3979 336
3980 330
3981 323
3982 321
3983 330
3984 326
3985 320
3986 325
3987 320
3988 323
