# Total_native_contacts: 470
#Frame Native_contacts
0 365
1 365
2 372
3 379
4 368
5 363
6 366
7 369
8 373
9 376
10 376
11 383
12 380
13 387
14 371
15 388
16 372
17 385
18 376
19 377
20 382
21 371
22 372
23 380
24 380
25 376
26 382
27 374
28 375
29 387
30 381
31 383
32 376
33 371
34 378
35 378
36 385
37 391
38 382
39 380
40 380
41 376
42 376
43 381
44 385
45 380
46 379
47 373
48 380
49 384
50 376
51 386
52 373
53 376
54 387
55 378
56 376
57 368
58 383
59 379
60 379
61 376
62 370
63 377
64 365
65 381
66 379
67 370
68 380
69 379
70 383
71 385
72 380
73 375
74 379
75 378
76 387
77 373
78 386
79 382
80 383
81 385
82 376
83 380
84 382
85 372
86 385
87 374
88 385
89 382
90 385
91 371
92 372
93 375
94 383
95 384
96 380
97 386
98 387
99 385
100 378
101 375
102 378
103 387
104 388
105 386
106 389
107 384
108 389
109 389
110 396
111 394
112 387
113 393
114 389
115 390
116 392
117 387
118 390
119 393
120 390
121 388
122 380
123 383
124 386
125 382
126 373
127 385
128 377
129 389
130 375
131 377
132 381
133 380
134 384
135 384
136 397
137 381
138 384
139 389
140 387
141 376
142 376
143 383
144 385
145 390
146 381
147 384
148 382
149 371
150 387
151 377
152 382
153 386
154 379
155 374
156 380
157 378
158 387
159 382
160 386
161 385
162 390
163 383
164 379
165 385
166 382
167 372
168 388
169 381
170 377
171 374
172 376
173 376
174 378
175 377
176 380
177 366
178 376
179 370
180 372
181 377
182 368
183 369
184 368
185 368
186 369
187 365
188 369
189 359
190 364
191 363
192 365
193 376
194 363
195 366
196 366
197 364
198 357
199 362
200 366
201 369
202 362
203 372
204 366
205 371
206 371
207 378
208 372
209 365
210 365
211 370
212 371
213 371
214 354
215 373
216 372
217 376
218 375
219 369
220 380
221 376
222 368
223 369
224 362
225 374
226 368
227 381
228 379
229 367
230 365
231 363
232 372
233 375
234 380
235 377
236 373
237 379
238 375
239 379
240 375
241 374
242 372
243 373
244 376
245 369
246 369
247 373
248 374
249 373
250 376
251 372
252 380
253 374
254 376
255 367
256 368
257 380
258 379
259 374
260 384
261 373
262 374
263 374
264 374
265 374
266 377
267 376
268 381
269 374
270 375
271 378
272 368
273 373
274 381
275 368
276 375
277 374
278 377
279 369
280 371
281 374
282 374
283 372
284 375
285 379
286 371
287 373
288 372
289 378
290 376
291 377
292 367
293 380
294 375
295 373
296 374
297 372
298 364
299 373
300 375
301 371
302 378
303 368
304 371
305 380
306 375
307 376
308 375
309 369
310 378
311 372
312 369
313 370
314 367
315 369
316 369
317 370
318 378
319 369
320 358
321 371
322 369
323 362
324 362
325 357
326 372
327 364
328 365
329 364
330 369
331 370
332 358
333 369
334 370
335 370
336 365
337 372
338 372
339 364
340 363
341 363
342 368
343 359
344 366
345 363
346 357
347 366
348 365
349 363
350 357
351 356
352 349
353 350
354 356
355 355
356 361
357 357
358 360
359 361
360 356
361 352
362 358
363 371
364 371
365 373
366 365
367 363
368 362
369 362
370 371
371 357
372 364
373 364
374 367
375 355
376 356
377 374
378 377
379 373
380 362
381 364
382 362
383 360
384 355
385 366
386 363
387 358
388 360
389 363
390 356
391 357
392 361
393 359
394 360
395 364
396 364
397 366
398 363
399 358
400 363
401 364
402 361
403 362
404 357
405 363
406 359
407 363
408 364
409 359
410 362
411 361
412 366
413 355
414 358
415 360
416 364
417 363
418 359
419 356
420 360
421 355
422 354
423 353
424 353
425 354
426 364
427 361
428 359
429 350
430 333
431 359
432 348
433 345
434 352
435 342
436 339
437 343
438 345
439 345
440 347
441 346
442 352
443 349
444 353
445 357
446 349
447 361
448 360
449 359
450 363
451 353
452 361
453 364
454 362
455 360
456 362
457 364
458 369
459 356
460 355
461 354
462 358
463 368
464 364
465 363
466 363
467 375
468 364
469 361
470 362
471 359
472 359
473 355
474 367
475 361
476 365
477 370
478 369
479 362
480 360
481 353
482 363
483 361
484 363
485 358
486 360
487 362
488 358
489 365
490 350
491 357
492 355
493 351
494 353
495 353
496 358
497 370
498 365
499 363
500 368
501 363
502 362
503 363
504 357
505 357
506 361
507 359
508 363
509 368
510 359
511 355
512 363
513 362
514 365
515 359
516 358
517 362
518 363
519 353
520 354
521 350
522 355
523 355
524 358
525 357
526 352
527 357
528 353
529 361
530 355
531 357
532 366
533 364
534 367
535 368
536 368
537 362
538 360
539 361
540 356
541 356
542 365
543 366
544 352
545 358
546 357
547 367
548 363
549 361
550 358
551 354
552 365
553 355
554 355
555 365
556 368
557 357
558 355
559 358
560 361
561 358
562 359
563 360
564 370
565 372
566 373
567 361
568 364
569 365
570 359
571 363
572 356
573 356
574 358
575 353
576 358
577 361
578 368
579 364
580 353
581 356
582 364
583 363
584 371
585 372
586 363
587 366
588 360
589 367
590 365
591 365
592 366
593 366
594 374
595 365
596 364
597 368
598 362
599 362
600 368
601 363
602 372
603 359
604 357
605 366
606 352
607 348
608 360
609 362
610 344
611 355
612 360
613 352
614 352
615 355
616 353
617 351
618 362
619 356
620 358
621 353
622 348
623 356
624 347
625 353
626 345
627 349
628 348
629 347
630 348
631 343
632 346
633 346
634 349
635 341
636 351
637 350
638 346
639 354
640 348
641 352
642 352
643 348
644 343
645 345
646 347
647 340
648 343
649 349
650 355
651 347
652 347
653 343
654 356
655 343
656 344
657 343
658 348
659 343
660 352
661 352
662 361
663 352
664 348
665 349
666 344
667 347
668 347
669 356
670 350
671 352
672 350
673 353
674 351
675 347
676 354
677 355
678 360
679 363
680 359
681 351
682 349
683 353
684 359
685 346
686 355
687 346
688 343
689 350
690 344
691 350
692 347
693 343
694 349
695 339
696 344
697 352
698 346
699 352
700 351
701 356
702 342
703 346
704 352
705 348
706 359
707 362
708 352
709 347
710 364
711 354
712 360
713 359
714 362
715 355
716 371
717 359
718 355
719 361
720 356
721 363
722 355
723 360
724 359
725 354
726 355
727 350
728 351
729 352
730 361
731 361
732 353
733 355
734 356
735 352
736 352
737 352
738 352
739 359
740 344
741 349
742 356
743 350
744 357
745 357
746 357
747 359
748 359
749 356
750 350
751 354
752 356
753 347
754 357
755 347
756 350
757 354
758 352
759 343
760 351
761 348
762 348
763 352
764 357
765 348
766 349
767 345
768 351
769 347
770 344
771 345
772 347
773 356
774 356
775 347
776 351
777 348
778 347
779 353
780 347
781 353
782 357
783 354
784 348
785 350
786 348
787 354
788 343
789 344
790 342
791 344
792 347
793 341
794 346
795 333
796 353
797 338
798 345
799 352
800 349
801 347
802 341
803 352
804 345
805 345
806 346
807 342
808 342
809 346
810 349
811 344
812 342
813 348
814 340
815 348
816 343
817 343
818 348
819 351
820 347
821 333
822 345
823 360
824 348
825 345
826 346
827 350
828 355
829 359
830 354
831 354
832 350
833 354
834 356
835 358
836 348
837 351
838 356
839 345
840 351
841 355
842 344
843 353
844 346
845 341
846 344
847 352
848 349
849 347
850 339
851 350
852 351
853 345
854 349
855 347
856 344
857 348
858 358
859 352
860 355
861 356
862 351
863 357
864 357
865 352
866 339
867 345
868 346
869 360
870 357
871 350
872 364
873 359
874 350
875 358
876 357
877 350
878 354
879 357
880 356
881 358
882 362
883 363
884 364
885 366
886 375
887 370
888 367
889 362
890 357
891 360
892 360
893 357
894 357
895 357
896 357
897 348
898 345
899 352
900 355
901 351
902 352
903 361
904 351
905 348
906 344
907 344
908 346
909 347
910 350
911 359
912 357
913 349
914 353
915 360
916 354
917 357
918 358
919 356
920 356
921 351
922 358
923 359
924 353
925 353
926 359
927 352
928 352
929 346
930 346
931 346
932 336
933 339
934 336
935 344
936 344
937 346
938 343
939 341
940 352
941 348
942 348
943 352
944 347
945 351
946 346
947 352
948 345
949 350
950 355
951 368
952 358
953 356
954 355
955 359
956 352
957 353
958 347
959 342
960 353
961 342
962 355
963 351
964 349
965 353
966 348
967 353
968 352
969 352
970 359
971 351
972 362
973 351
974 353
975 351
976 348
977 353
978 346
979 354
980 344
981 345
982 355
983 349
984 349
985 351
986 350
987 339
988 348
989 351
990 347
991 353
992 355
993 347
994 354
995 359
996 357
997 352
998 349
999 341
1000 333
1001 340
1002 346
1003 340
1004 340
1005 340
1006 343
1007 349
1008 339
1009 352
1010 344
1011 338
1012 346
1013 350
1014 336
1015 351
1016 353
1017 349
1018 348
1019 345
1020 354
1021 351
1022 354
1023 348
1024 357
1025 362
1026 356
1027 350
1028 353
1029 367
1030 358
1031 362
1032 359
1033 353
1034 343
1035 356
1036 361
1037 349
1038 353
1039 346
1040 346
1041 354
1042 347
1043 342
1044 344
1045 343
1046 336
1047 342
1048 333
1049 331
1050 338
1051 350
1052 344
1053 351
1054 343
1055 342
1056 335
1057 337
1058 342
1059 342
1060 329
1061 328
1062 342
1063 338
1064 339
1065 347
1066 333
1067 353
1068 343
1069 342
1070 343
1071 343
1072 341
1073 350
1074 344
1075 346
1076 348
1077 349
1078 341
1079 338
1080 342
1081 337
1082 331
1083 342
1084 347
1085 330
1086 342
1087 344
1088 339
1089 342
1090 343
1091 349
1092 340
1093 337
1094 330
1095 349
1096 346
1097 335
1098 337
1099 330
1100 335
1101 338
1102 336
1103 333
1104 330
1105 333
1106 336
1107 337
1108 343
1109 340
1110 334
1111 336
1112 339
1113 349
1114 338
1115 346
1116 344
1117 344
1118 343
1119 342
1120 340
1121 335
1122 337
1123 344
1124 340
1125 334
1126 341
1127 335
1128 332
1129 332
1130 339
1131 335
1132 337
1133 336
1134 340
1135 334
1136 342
1137 333
1138 332
1139 334
1140 338
1141 329
1142 332
1143 339
1144 331
1145 324
1146 331
1147 329
1148 332
1149 330
1150 326
1151 321
1152 321
1153 335
1154 334
1155 324
1156 320
1157 330
1158 333
1159 325
1160 331
1161 326
1162 331
1163 325
1164 330
1165 334
1166 331
1167 334
1168 333
1169 331
1170 332
1171 322
1172 320
1173 324
1174 330
1175 335
1176 322
1177 327
1178 323
1179 334
1180 327
1181 323
1182 327
1183 321
1184 322
1185 327
1186 316
1187 324
1188 325
1189 336
1190 325
1191 330
1192 335
1193 320
1194 317
1195 326
1196 318
1197 326
1198 322
1199 328
1200 310
1201 328
1202 322
1203 328
1204 327
1205 328
1206 326
1207 322
1208 331
1209 323
1210 334
1211 323
1212 327
1213 323
1214 327
1215 327
1216 331
1217 326
1218 322
1219 323
1220 321
1221 329
1222 328
1223 325
1224 331
1225 333
1226 328
1227 333
1228 323
1229 328
1230 314
1231 329
1232 328
1233 327
1234 322
1235 323
1236 322
1237 330
1238 326
1239 325
1240 336
1241 323
1242 324
1243 329
1244 321
1245 333
1246 325
1247 321
1248 326
1249 324
1250 325
1251 320
1252 322
1253 327
1254 324
1255 316
1256 328
1257 328
1258 326
1259 317
1260 320
1261 315
1262 319
1263 318
1264 313
1265 318
1266 318
1267 322
1268 315
1269 312
1270 322
1271 324
1272 320
1273 325
1274 329
1275 323
1276 330
1277 326
1278 327
1279 329
1280 325
1281 327
1282 330
1283 342
1284 343
1285 335
1286 336
1287 331
1288 340
1289 326
1290 339
1291 333
1292 326
1293 321
1294 331
1295 319
1296 322
1297 322
1298 321
1299 316
1300 324
1301 324
1302 320
1303 322
1304 318
1305 316
1306 323
1307 322
1308 324
1309 315
1310 324
1311 319
1312 323
1313 320
1314 323
1315 314
1316 329
1317 327
1318 329
1319 324
1320 316
1321 319
1322 326
1323 323
1324 327
1325 328
1326 331
1327 323
1328 321
1329 326
1330 331
1331 332
1332 329
1333 327
1334 329
1335 331
1336 319
1337 320
1338 323
1339 317
1340 314
1341 324
1342 324
1343 321
1344 333
1345 334
1346 326
1347 320
1348 330
1349 323
1350 319
1351 332
1352 327
1353 329
1354 324
1355 325
1356 324
1357 330
1358 320
1359 336
1360 323
1361 328
1362 331
1363 333
1364 330
1365 326
1366 322
1367 326
1368 325
1369 312
1370 321
1371 317
1372 314
1373 306
1374 312
1375 319
1376 320
1377 323
1378 325
1379 313
1380 320
1381 322
1382 320
1383 324
1384 321
1385 329
1386 321
1387 321
1388 320
1389 325
1390 326
1391 324
1392 318
1393 336
1394 327
1395 314
1396 323
1397 321
1398 324
1399 326
1400 323
1401 320
1402 330
1403 324
1404 331
1405 329
1406 319
1407 328
1408 321
1409 316
1410 320
1411 312
1412 321
1413 325
1414 326
1415 316
1416 320
1417 315
1418 320
1419 320
1420 314
1421 325
1422 320
1423 325
1424 314
1425 316
1426 320
1427 320
1428 317
1429 320
1430 315
1431 318
1432 317
1433 323
1434 324
1435 320
1436 322
1437 322
1438 329
1439 333
1440 339
1441 329
1442 331
1443 324
1444 328
1445 333
1446 334
1447 328
1448 339
1449 334
1450 320
1451 321
1452 317
1453 331
1454 336
1455 326
1456 322
1457 329
1458 334
1459 340
1460 342
1461 328
1462 330
1463 332
1464 335
1465 331
1466 336
1467 337
1468 334
1469 341
1470 336
1471 329
1472 343
1473 341
1474 325
1475 338
1476 343
1477 353
1478 346
1479 347
1480 349
1481 347
1482 338
1483 339
1484 337
1485 340
1486 339
1487 343
1488 340
1489 350
1490 341
1491 338
1492 343
1493 339
1494 348
1495 341
1496 346
1497 347
1498 346
1499 347
1500 339
1501 344
1502 350
1503 338
1504 337
1505 341
1506 349
1507 339
1508 339
1509 347
1510 347
1511 347
1512 352
1513 346
1514 347
1515 341
1516 346
1517 343
1518 340
1519 334
1520 349
1521 346
1522 352
1523 348
1524 346
1525 349
1526 358
1527 347
1528 348
1529 351
1530 346
1531 347
1532 348
1533 346
1534 348
1535 350
1536 346
1537 347
1538 348
1539 347
1540 352
1541 350
1542 344
1543 349
1544 345
1545 348
1546 342
1547 342
1548 336
1549 346
1550 346
1551 343
1552 342
1553 344
1554 341
1555 344
1556 343
1557 356
1558 337
1559 344
1560 339
1561 347
1562 335
1563 336
1564 335
1565 345
1566 335
1567 336
1568 339
1569 340
1570 349
1571 344
1572 351
1573 342
1574 338
1575 343
1576 347
1577 338
1578 333
1579 326
1580 332
1581 334
1582 336
1583 327
1584 325
1585 333
1586 336
1587 332
1588 327
1589 333
1590 342
1591 337
1592 331
1593 339
1594 330
1595 329
1596 330
1597 332
1598 342
1599 339
1600 344
1601 341
1602 340
1603 338
1604 341
1605 335
1606 322
1607 336
1608 343
1609 336
1610 336
1611 337
1612 342
1613 337
1614 340
1615 334
1616 346
1617 334
1618 332
1619 337
1620 337
1621 331
1622 338
1623 325
1624 326
1625 326
1626 333
1627 329
1628 331
1629 332
1630 329
1631 332
1632 328
1633 332
1634 334
1635 327
1636 326
1637 337
1638 332
1639 337
1640 331
1641 343
1642 337
1643 332
1644 336
1645 328
1646 327
1647 334
1648 333
1649 331
1650 332
1651 335
1652 336
1653 331
1654 335
1655 333
1656 338
1657 334
1658 334
1659 325
1660 334
1661 336
1662 333
1663 328
1664 328
1665 330
1666 333
1667 345
1668 339
1669 330
1670 335
1671 326
1672 328
1673 329
1674 334
1675 331
1676 334
1677 333
1678 336
1679 330
1680 331
1681 325
1682 327
1683 325
1684 325
1685 329
1686 330
1687 320
1688 318
1689 328
1690 324
1691 320
1692 333
1693 334
1694 333
1695 327
1696 334
1697 332
1698 327
1699 333
1700 327
1701 330
1702 323
1703 331
1704 327
1705 328
1706 335
1707 338
1708 337
1709 329
1710 341
1711 341
1712 336
1713 336
1714 331
1715 331
1716 330
1717 331
1718 332
1719 331
1720 344
1721 336
1722 335
1723 327
1724 332
1725 334
1726 319
1727 331
1728 335
1729 333
1730 333
1731 327
1732 325
1733 331
1734 320
1735 329
1736 331
1737 329
1738 326
1739 328
1740 329
1741 324
1742 341
1743 329
1744 331
1745 336
1746 332
1747 338
1748 334
1749 332
1750 337
1751 332
1752 330
1753 331
1754 332
1755 330
1756 338
1757 328
1758 334
1759 338
1760 326
1761 333
1762 331
1763 324
1764 335
1765 329
1766 329
1767 326
1768 325
1769 337
1770 327
1771 334
1772 333
1773 331
1774 322
1775 330
1776 328
1777 326
1778 337
1779 328
1780 336
1781 334
1782 330
1783 325
1784 331
1785 331
1786 337
1787 326
1788 333
1789 332
1790 330
1791 331
1792 327
1793 333
1794 337
1795 327
1796 333
1797 335
1798 336
1799 338
1800 329
1801 332
1802 333
1803 340
1804 333
1805 335
1806 333
1807 329
1808 324
1809 323
1810 328
1811 325
1812 318
1813 324
1814 330
1815 315
1816 319
1817 319
1818 320
1819 320
1820 317
1821 333
1822 323
1823 321
1824 320
1825 321
1826 327
1827 323
1828 319
1829 317
1830 320
1831 324
1832 319
1833 327
1834 326
1835 324
1836 332
1837 329
1838 327
1839 326
1840 321
1841 317
1842 315
1843 324
1844 316
1845 316
1846 324
1847 329
1848 320
1849 322
1850 327
1851 319
1852 309
1853 318
1854 318
1855 324
1856 314
1857 329
1858 319
1859 318
1860 315
1861 322
1862 313
1863 328
1864 325
1865 324
1866 323
1867 322
1868 315
1869 320
1870 320
1871 322
1872 324
1873 321
1874 315
1875 326
1876 322
1877 323
1878 314
1879 317
1880 330
1881 321
1882 316
1883 319
1884 318
1885 326
1886 318
1887 308
1888 314
1889 318
1890 310
1891 314
1892 310
1893 309
1894 328
1895 327
1896 322
1897 328
1898 336
1899 328
1900 333
1901 326
1902 325
1903 317
1904 318
1905 325
1906 329
1907 328
1908 325
1909 326
1910 316
1911 323
1912 320
1913 324
1914 323
1915 313
1916 317
1917 325
1918 326
1919 323
1920 326
1921 325
1922 321
1923 323
1924 329
1925 332
1926 324
1927 322
1928 331
1929 324
1930 324
1931 322
1932 327
1933 322
1934 327
1935 318
1936 317
1937 313
1938 321
1939 320
1940 320
1941 322
1942 322
1943 318
1944 316
1945 320
1946 316
1947 311
1948 317
1949 305
1950 317
1951 322
1952 316
1953 313
1954 318
1955 326
1956 326
1957 321
1958 319
1959 320
1960 318
1961 322
1962 324
1963 321
1964 325
1965 326
1966 327
1967 322
1968 315
1969 317
1970 315
1971 317
1972 315
1973 312
1974 319
1975 328
1976 331
1977 326
1978 325
1979 326
1980 321
1981 329
1982 324
1983 323
1984 324
1985 325
1986 328
1987 322
1988 326
1989 326
1990 335
1991 334
1992 326
1993 335
1994 318
1995 315
1996 313
1997 328
1998 324
1999 321
2000 315
2001 326
2002 325
2003 325
2004 323
2005 329
2006 339
2007 338
2008 334
2009 324
2010 318
2011 325
2012 327
2013 332
2014 332
2015 322
2016 337
2017 330
2018 322
2019 330
2020 327
2021 318
2022 327
2023 321
2024 331
2025 321
2026 320
2027 326
2028 324
2029 317
2030 329
2031 320
2032 329
2033 324
2034 330
2035 335
2036 334
2037 326
2038 334
2039 333
2040 334
2041 333
2042 332
2043 325
2044 330
2045 333
2046 341
2047 329
2048 334
2049 336
2050 333
2051 325
2052 325
2053 324
2054 323
2055 321
2056 328
2057 332
2058 337
2059 329
2060 331
2061 326
2062 332
2063 336
2064 327
2065 336
2066 330
2067 327
2068 342
2069 326
2070 334
2071 321
2072 323
2073 326
2074 328
2075 334
2076 327
2077 333
2078 331
2079 332
2080 333
2081 338
2082 331
2083 328
2084 333
2085 328
2086 341
2087 334
2088 335
2089 327
2090 342
2091 336
2092 330
2093 339
2094 329
2095 326
2096 336
2097 331
2098 339
2099 338
2100 327
2101 330
2102 335
2103 331
2104 334
2105 331
2106 338
2107 335
2108 329
2109 332
2110 333
2111 335
2112 335
2113 328
2114 341
2115 334
2116 333
2117 341
2118 337
2119 339
2120 336
2121 338
2122 333
2123 333
2124 331
2125 323
2126 326
2127 333
2128 335
2129 332
2130 332
2131 331
2132 332
2133 331
2134 333
2135 319
2136 324
2137 322
2138 320
2139 322
2140 332
2141 321
2142 324
2143 319
2144 330
2145 318
2146 322
2147 322
2148 319
2149 322
2150 329
2151 328
2152 326
2153 329
2154 326
2155 333
2156 333
2157 326
2158 326
2159 328
2160 328
2161 326
2162 329
2163 334
2164 332
2165 327
2166 331
2167 322
2168 326
2169 329
2170 331
2171 326
2172 325
2173 323
2174 333
2175 317
2176 325
2177 311
2178 319
2179 321
2180 327
2181 330
2182 327
2183 319
2184 322
2185 329
2186 324
2187 320
2188 315
2189 317
2190 325
2191 321
2192 325
2193 326
2194 332
2195 335
2196 335
2197 332
2198 321
2199 327
2200 326
2201 331
2202 326
2203 323
2204 324
2205 328
2206 329
2207 328
2208 326
2209 331
2210 330
2211 329
2212 328
2213 334
2214 329
2215 334
2216 328
2217 324
2218 330
2219 317
2220 323
2221 322
2222 315
2223 320
2224 320
2225 323
2226 323
2227 321
2228 312
2229 315
2230 304
2231 311
2232 320
2233 319
2234 314
2235 318
2236 306
2237 311
2238 308
2239 318
2240 310
2241 325
2242 319
2243 319
2244 318
2245 315
2246 310
2247 301
2248 311
2249 309
2250 309
2251 315
2252 308
2253 311
2254 317
2255 309
2256 308
2257 306
2258 316
2259 315
2260 321
2261 313
2262 312
2263 312
2264 319
2265 307
2266 306
2267 302
2268 319
2269 317
2270 314
2271 308
2272 303
2273 319
2274 315
2275 314
2276 326
2277 317
2278 309
2279 319
2280 318
2281 323
2282 327
2283 315
2284 321
2285 332
2286 326
2287 321
2288 325
2289 321
2290 329
2291 321
2292 322
2293 329
2294 331
2295 321
2296 325
2297 320
2298 325
2299 319
2300 324
2301 321
2302 321
2303 320
2304 326
2305 327
2306 322
2307 321
2308 314
2309 323
2310 331
2311 330
2312 325
2313 321
2314 312
2315 320
2316 319
2317 319
2318 314
2319 318
2320 325
2321 312
2322 323
2323 317
2324 315
2325 311
2326 312
2327 319
2328 320
2329 318
2330 313
2331 315
2332 316
2333 322
2334 317
2335 322
2336 314
2337 307
2338 317
2339 308
2340 325
2341 322
2342 323
2343 328
2344 329
2345 324
2346 322
2347 327
2348 324
2349 328
2350 313
2351 317
2352 316
2353 316
2354 319
2355 318
2356 312
2357 313
2358 317
2359 319
2360 318
2361 314
2362 310
2363 318
2364 326
2365 317
2366 322
2367 312
2368 310
2369 320
2370 321
2371 313
2372 311
2373 319
2374 310
2375 320
2376 325
2377 328
2378 327
2379 319
2380 329
2381 334
2382 322
2383 331
2384 332
2385 325
2386 329
2387 332
2388 331
2389 333
2390 326
2391 332
2392 327
2393 330
2394 328
2395 328
2396 329
2397 330
2398 325
2399 319
2400 320
2401 333
2402 324
2403 322
2404 322
2405 328
2406 325
2407 329
2408 327
2409 324
2410 323
2411 329
2412 323
2413 322
2414 327
2415 325
2416 322
2417 330
2418 329
2419 334
2420 327
2421 332
2422 330
2423 329
2424 331
2425 337
2426 333
2427 322
2428 336
2429 329
2430 332
2431 331
2432 334
2433 339
2434 334
2435 337
2436 324
2437 332
2438 331
2439 331
2440 330
2441 326
2442 322
2443 320
2444 325
2445 331
2446 324
2447 327
2448 323
2449 327
2450 327
2451 329
2452 333
2453 334
2454 330
2455 332
2456 330
2457 327
2458 325
2459 319
2460 322
2461 323
2462 319
2463 323
2464 320
2465 325
2466 320
2467 320
2468 317
2469 315
2470 322
2471 318
2472 310
2473 312
2474 323
2475 321
2476 317
2477 325
2478 324
2479 328
2480 315
2481 322
2482 318
2483 314
2484 320
2485 318
2486 316
2487 302
2488 316
2489 319
2490 319
2491 322
2492 322
2493 330
2494 329
2495 327
2496 322
2497 329
2498 323
2499 331
2500 325
2501 326
2502 331
2503 324
2504 318
2505 322
2506 322
2507 323
2508 328
2509 325
2510 326
2511 318
2512 316
2513 321
2514 319
2515 323
2516 323
2517 314
2518 320
2519 310
2520 316
2521 321
2522 319
2523 324
2524 317
2525 327
2526 315
2527 318
2528 316
2529 318
2530 317
2531 317
2532 314
2533 306
2534 311
2535 311
2536 320
2537 309
2538 315
2539 312
2540 316
2541 314
2542 321
2543 318
2544 328
2545 322
2546 314
2547 319
2548 323
2549 315
2550 323
2551 314
2552 313
2553 317
2554 318
2555 315
2556 313
2557 317
2558 321
2559 321
2560 322
2561 320
2562 319
2563 331
2564 325
2565 324
2566 329
2567 322
2568 324
2569 327
2570 325
2571 319
2572 330
2573 321
2574 321
2575 327
2576 326
2577 317
2578 321
2579 324
2580 321
2581 322
2582 323
2583 326
2584 322
2585 319
2586 326
2587 320
2588 324
2589 320
2590 318
2591 319
2592 328
2593 320
2594 317
2595 322
2596 316
2597 322
2598 323
2599 319
2600 321
2601 324
2602 321
2603 330
2604 319
2605 327
2606 324
2607 323
2608 317
2609 318
2610 332
2611 327
2612 311
2613 312
2614 321
2615 322
2616 319
2617 324
2618 313
2619 322
2620 332
2621 326
2622 327
2623 318
2624 325
2625 321
2626 326
2627 319
2628 333
2629 322
2630 325
2631 312
2632 322
2633 317
2634 321
2635 316
2636 319
2637 323
2638 312
2639 318
2640 315
2641 318
2642 306
2643 315
2644 313
2645 307
2646 312
2647 310
2648 321
2649 315
2650 315
2651 320
2652 312
2653 314
2654 307
2655 306
2656 310
2657 309
2658 311
2659 309
2660 302
2661 306
2662 303
2663 307
2664 303
2665 305
2666 301
2667 302
2668 313
2669 322
2670 310
2671 313
2672 314
2673 317
2674 315
2675 316
2676 318
2677 311
2678 325
2679 314
2680 318
2681 310
2682 316
2683 313
2684 314
2685 309
2686 313
2687 315
2688 316
2689 324
2690 316
2691 307
2692 305
2693 303
2694 301
2695 301
2696 310
2697 315
2698 308
2699 308
2700 308
2701 302
2702 311
2703 311
2704 304
2705 302
2706 313
2707 304
2708 306
2709 303
2710 305
2711 315
2712 313
2713 317
2714 308
2715 316
2716 306
2717 297
2718 304
2719 311
2720 306
2721 305
2722 308
2723 303
2724 306
2725 302
2726 316
2727 305
2728 309
2729 315
2730 306
2731 311
2732 310
2733 301
2734 308
2735 311
2736 308
2737 304
2738 312
2739 313
2740 309
2741 313
2742 316
2743 319
2744 317
2745 312
2746 315
2747 317
2748 310
2749 321
2750 320
2751 322
2752 303
2753 318
2754 313
2755 319
2756 309
2757 310
2758 307
2759 310
2760 305
2761 305
2762 306
2763 312
2764 314
2765 308
2766 306
2767 313
2768 313
2769 313
2770 319
2771 312
2772 321
2773 312
2774 310
2775 306
2776 313
2777 308
2778 313
2779 311
2780 316
2781 305
2782 306
2783 309
2784 308
2785 303
2786 308
2787 305
2788 315
2789 316
2790 311
2791 315
2792 307
2793 313
2794 307
2795 314
2796 315
2797 309
2798 311
2799 307
2800 312
2801 316
2802 308
2803 306
2804 310
2805 310
2806 308
2807 313
2808 314
2809 312
2810 309
2811 307
2812 311
2813 310
2814 306
2815 307
2816 296
2817 304
2818 302
2819 299
2820 298
2821 309
2822 303
2823 313
2824 298
2825 300
2826 310
2827 306
2828 306
2829 305
2830 303
2831 302
2832 309
2833 309
2834 294
2835 295
2836 294
2837 301
2838 304
2839 299
2840 301
2841 292
2842 300
2843 297
2844 299
2845 301
2846 313
2847 309
2848 307
2849 301
2850 304
2851 295
2852 302
2853 296
2854 300
2855 303
2856 295
2857 302
2858 299
2859 298
2860 302
2861 314
2862 314
2863 311
2864 309
2865 304
2866 309
2867 304
2868 290
2869 301
2870 297
2871 300
2872 291
2873 289
2874 289
2875 290
2876 294
2877 302
2878 291
2879 283
2880 290
2881 289
2882 285
2883 293
2884 293
2885 299
2886 302
2887 300
2888 292
2889 308
2890 306
2891 295
2892 305
2893 298
2894 299
2895 301
2896 303
2897 304
2898 295
2899 307
2900 293
2901 293
2902 295
2903 296
2904 305
2905 284
2906 295
2907 305
2908 310
2909 301
2910 300
2911 301
2912 307
2913 310
2914 304
2915 303
2916 312
2917 314
2918 308
2919 317
2920 313
2921 304
2922 301
2923 302
2924 301
2925 299
2926 293
2927 297
2928 302
2929 293
2930 299
2931 307
2932 307
2933 305
2934 301
2935 298
2936 300
2937 310
2938 301
2939 304
2940 304
2941 295
2942 304
2943 299
2944 302
2945 303
2946 305
2947 300
2948 310
2949 304
2950 300
2951 303
2952 313
2953 309
2954 304
2955 297
2956 288
2957 303
2958 303
2959 294
2960 291
2961 302
2962 301
2963 294
2964 294
2965 299
2966 292
2967 295
2968 295
2969 298
2970 297
2971 300
2972 301
2973 302
2974 292
2975 296
2976 295
2977 304
2978 295
2979 302
2980 296
2981 300
2982 292
2983 296
2984 290
2985 293
2986 299
2987 304
2988 304
2989 301
2990 300
2991 293
2992 300
2993 300
2994 293
2995 289
2996 301
2997 302
2998 293
2999 296
3000 294
3001 301
3002 294
3003 303
3004 300
3005 298
3006 309
3007 287
3008 291
3009 295
3010 287
3011 300
3012 280
3013 291
3014 299
3015 292
3016 296
3017 283
3018 295
3019 296
3020 298
3021 301
3022 294
3023 301
3024 304
3025 286
3026 293
3027 294
3028 294
3029 290
3030 288
3031 298
3032 295
3033 279
3034 301
3035 292
3036 295
3037 301
3038 294
3039 299
3040 294
3041 306
3042 297
3043 293
3044 295
3045 307
3046 304
3047 307
3048 300
3049 299
3050 300
3051 308
3052 299
3053 303
3054 299
3055 305
3056 304
3057 298
3058 300
3059 302
3060 306
3061 304
3062 296
3063 299
3064 306
3065 309
3066 297
3067 300
3068 306
3069 295
3070 307
3071 300
3072 306
3073 303
3074 309
3075 299
3076 300
3077 315
3078 301
3079 315
3080 317
3081 320
3082 320
3083 314
3084 320
3085 308
3086 319
3087 321
3088 316
3089 311
3090 311
3091 316
3092 313
3093 314
3094 308
3095 313
3096 317
3097 313
3098 318
3099 317
3100 310
3101 316
3102 315
3103 309
3104 314
3105 313
3106 314
3107 313
3108 309
3109 313
3110 314
3111 313
3112 311
3113 307
3114 307
3115 312
3116 307
3117 308
3118 309
3119 315
3120 310
3121 312
3122 312
3123 307
3124 315
3125 312
3126 313
3127 310
3128 310
3129 314
3130 312
3131 318
3132 305
3133 309
3134 310
3135 309
3136 306
3137 305
3138 310
3139 309
3140 308
3141 301
3142 307
3143 306
3144 309
3145 307
3146 312
3147 310
3148 300
3149 306
3150 312
3151 319
3152 312
3153 312
3154 318
3155 320
3156 310
3157 319
3158 317
3159 318
3160 315
3161 313
3162 297
3163 303
3164 296
3165 312
3166 310
3167 308
3168 308
3169 305
3170 310
3171 307
3172 315
3173 306
3174 314
3175 304
3176 309
3177 315
3178 304
3179 307
3180 309
3181 313
3182 300
3183 306
3184 308
3185 304
3186 304
3187 303
3188 300
3189 304
3190 301
3191 303
3192 303
3193 296
3194 299
3195 298
3196 302
3197 304
3198 315
3199 305
3200 310
3201 308
3202 304
3203 307
3204 301
3205 308
3206 305
3207 304
3208 306
3209 301
3210 303
3211 298
3212 304
3213 304
3214 308
3215 302
3216 306
3217 308
3218 307
3219 306
3220 307
3221 304
3222 308
3223 303
3224 309
3225 309
3226 311
3227 302
3228 303
3229 303
3230 307
3231 299
3232 302
3233 291
3234 298
3235 306
3236 299
3237 304
3238 306
3239 302
3240 303
3241 302
3242 297
3243 301
3244 306
3245 302
3246 308
3247 317
3248 308
3249 302
3250 308
3251 310
3252 305
3253 315
3254 304
3255 307
3256 307
3257 301
3258 297
3259 313
3260 296
3261 303
3262 304
3263 304
3264 310
3265 300
3266 313
3267 310
3268 308
3269 313
3270 309
3271 311
3272 312
3273 305
3274 305
3275 305
3276 301
3277 312
3278 307
3279 312
3280 311
3281 314
3282 302
3283 309
3284 306
3285 301
3286 296
3287 320
3288 320
3289 323
3290 320
3291 312
3292 317
3293 303
3294 310
3295 310
3296 314
3297 312
3298 310
3299 309
3300 321
3301 305
3302 319
3303 317
3304 323
3305 313
3306 320
3307 315
3308 312
3309 310
3310 316
3311 317
3312 309
3313 309
3314 318
3315 321
3316 313
3317 312
3318 311
3319 308
3320 314
3321 310
3322 311
3323 307
3324 313
3325 313
3326 311
3327 306
3328 306
3329 313
3330 313
3331 301
3332 309
3333 312
3334 310
3335 303
3336 310
3337 314
3338 308
3339 313
3340 316
3341 308
3342 304
3343 308
3344 309
3345 305
3346 310
3347 309
3348 301
3349 308
3350 308
3351 300
3352 302
3353 308
3354 302
3355 302
3356 298
3357 295
3358 303
3359 299
3360 296
3361 298
3362 294
3363 291
3364 306
3365 311
3366 295
3367 302
3368 303
3369 304
3370 305
3371 307
3372 304
3373 313
3374 308
3375 315
3376 310
3377 308
3378 314
3379 310
3380 310
3381 319
3382 315
3383 314
3384 307
3385 313
3386 313
3387 316
3388 314
3389 305
3390 307
3391 314
3392 309
3393 300
3394 308
3395 297
3396 312
3397 306
3398 308
3399 314
3400 311
3401 309
3402 311
3403 307
3404 302
3405 307
3406 312
3407 319
3408 307
3409 315
3410 303
3411 311
3412 305
3413 306
3414 314
3415 313
3416 313
3417 320
3418 309
3419 313
3420 315
3421 315
3422 319
3423 319
3424 305
3425 315
3426 317
3427 314
3428 317
3429 314
3430 308
3431 305
3432 309
3433 307
3434 302
3435 311
3436 321
3437 312
3438 314
3439 322
3440 318
3441 317
3442 312
3443 321
3444 323
3445 319
3446 320
3447 317
3448 315
3449 312
3450 312
3451 313
3452 322
3453 321
3454 312
3455 314
3456 313
3457 321
3458 315
3459 319
3460 314
3461 312
3462 310
3463 315
3464 318
3465 311
3466 315
3467 318
3468 306
3469 301
3470 310
3471 311
3472 312
3473 313
3474 307
3475 313
3476 310
3477 312
3478 309
3479 311
3480 308
3481 313
3482 323
3483 313
3484 319
3485 321
3486 325
3487 318
3488 321
3489 317
3490 323
3491 317
3492 316
3493 306
3494 319
3495 319
3496 318
3497 315
3498 314
3499 310
3500 316
3501 326
3502 317
3503 313
3504 323
3505 319
3506 320
3507 319
3508 321
3509 326
3510 318
3511 318
3512 318
3513 318
3514 319
3515 313
3516 321
3517 312
3518 311
3519 311
3520 313
3521 315
3522 317
3523 314
3524 324
3525 321
3526 320
3527 318
3528 312
3529 310
3530 322
3531 313
3532 323
3533 322
3534 315
3535 318
3536 312
3537 323
3538 318
3539 321
3540 317
3541 321
3542 309
3543 318
3544 312
3545 309
3546 311
3547 309
3548 312
3549 313
3550 305
3551 315
3552 314
3553 316
3554 316
3555 314
3556 318
3557 319
3558 316
3559 318
3560 320
3561 321
3562 321
3563 310
3564 320
3565 318
3566 324
3567 319
3568 312
3569 321
3570 312
3571 324
3572 311
3573 316
3574 319
3575 320
3576 311
3577 317
3578 315
3579 312
3580 315
3581 318
3582 313
3583 315
3584 316
3585 321
3586 319
3587 313
3588 314
3589 309
3590 309
3591 308
3592 308
3593 308
3594 307
3595 311
3596 305
3597 303
3598 308
3599 303
3600 309
3601 304
3602 313
3603 302
3604 305
3605 307
3606 317
3607 312
3608 309
3609 311
3610 305
3611 309
3612 303
3613 302
3614 304
3615 301
3616 306
3617 306
3618 305
3619 309
3620 297
3621 298
3622 303
3623 299
3624 302
3625 303
3626 305
3627 300
3628 303
3629 306
3630 298
3631 309
3632 305
3633 303
3634 301
3635 301
3636 304
3637 305
3638 305
3639 296
3640 304
3641 301
3642 299
3643 300
3644 302
3645 294
3646 303
3647 307
3648 299
3649 291
3650 309
3651 296
3652 296
3653 287
3654 282
3655 287
3656 280
3657 294
3658 293
3659 288
3660 296
3661 283
3662 289
3663 280
3664 273
3665 275
3666 287
3667 277
3668 289
3669 283
3670 283
3671 289
3672 281
3673 285
3674 286
3675 285
3676 288
3677 288
3678 290
3679 289
3680 287
3681 290
3682 288
3683 292
3684 290
3685 280
3686 293
3687 286
3688 291
3689 289
3690 301
3691 292
3692 290
3693 289
3694 293
3695 284
3696 289
3697 284
3698 299
3699 303
3700 294
3701 292
3702 284
3703 293
3704 291
3705 291
3706 296
3707 299
3708 296
3709 299
3710 287
3711 301
3712 299
3713 290
3714 297
3715 301
3716 297
3717 302
3718 302
3719 295
3720 304
3721 301
3722 296
3723 301
3724 300
3725 297
3726 305
3727 306
3728 300
3729 301
3730 299
3731 294
3732 298
3733 296
3734 296
3735 303
3736 300
3737 295
3738 295
3739 296
3740 301
3741 293
3742 302
3743 307
3744 292
3745 295
3746 292
3747 297
3748 289
3749 294
3750 285
3751 290
3752 298
3753 298
3754 296
3755 299
3756 291
3757 300
3758 298
3759 301
3760 288
3761 297
3762 301
3763 299
3764 302
3765 299
3766 291
3767 297
3768 298
3769 285
3770 293
3771 290
3772 293
3773 299
3774 288
3775 292
3776 284
3777 289
3778 292
3779 290
3780 288
3781 298
3782 296
3783 297
3784 300
3785 303
3786 307
3787 305
3788 301
3789 303
3790 310
3791 303
3792 311
3793 303
3794 305
3795 300
3796 311
3797 292
3798 297
3799 300
3800 301
3801 300
3802 303
3803 301
3804 309
3805 309
3806 304
3807 302
3808 295
3809 307
3810 300
3811 303
3812 306
3813 296
3814 296
3815 299
3816 300
3817 294
3818 300
3819 301
3820 299
3821 298
3822 307
3823 308
3824 307
3825 307
3826 310
3827 312
3828 304
3829 306
3830 300
3831 301
3832 312
3833 302
3834 299
3835 306
3836 303
3837 310
3838 300
3839 296
3840 303
3841 300
3842 302
3843 302
3844 310
3845 303
3846 310
3847 299
3848 290
3849 298
3850 296
3851 298
3852 306
3853 300
3854 299
3855 292
3856 300
3857 310
3858 307
3859 297
3860 301
3861 300
3862 298
3863 297
3864 293
3865 303
3866 297
3867 293
3868 295
3869 295
3870 298
3871 304
3872 298
3873 302
3874 297
3875 296
3876 300
3877 300
3878 306
3879 301
3880 296
3881 306
3882 310
3883 296
3884 294
3885 302
3886 295
3887 296
3888 302
3889 300
3890 296
3891 309
3892 301
3893 296
3894 299
3895 298
3896 299
3897 291
3898 296
3899 294
3900 289
3901 290
3902 298
3903 278
3904 283
3905 274
3906 286
3907 286
3908 293
3909 287
3910 292
3911 282
3912 286
3913 291
3914 296
3915 296
3916 283
3917 291
3918 293
3919 299
3920 299
3921 301
3922 305
3923 294
3924 306
3925 307
3926 300
3927 303
3928 296
3929 297
3930 299
3931 304
3932 302
3933 303
3934 301
3935 297
3936 298
3937 295
3938 294
3939 300
3940 302
3941 302
3942 300
3943 302
3944 306
3945 302
3946 297
3947 305
3948 302
3949 291
3950 298
3951 299
3952 303
3953 298
3954 303
3955 301
3956 300
3957 289
3958 297
3959 297
3960 298
3961 302
3962 296
3963 299
3964 311
3965 314
3966 309
3967 306
3968 313
3969 313
3970 306
3971 313
3972 312
3973 311
3974 299
3975 306
3976 301
3977 301
3978 302
3979 301
3980 297
3981 297
3982 303
3983 301
3984 288
3985 294
3986 283
3987 296
3988 296
