200.00000000000000000000   11
200.10000000000000000000   11
200.20000000000000000000   12
200.30000000000000000000   11
200.40000000000000000000   15
200.50000000000000000000   14
200.60000000000000000000   11
200.70000000000000000000   11
200.80000000000000000000   10
200.90000000000000000000   12
201.00000000000000000000   10
201.10000000000000000000   8
201.20000000000000000000   10
201.30000000000000000000   11
201.40000000000000000000   6
201.50000000000000000000   9
201.60000000000000000000   13
201.70000000000000000000   11
201.80000000000000000000   13
201.90000000000000000000   14
202.00000000000000000000   11
202.10000000000000000000   17
202.20000000000000000000   14
202.30000000000000000000   17
202.40000000000000000000   12
202.50000000000000000000   14
202.60000000000000000000   15
202.70000000000000000000   14
202.80000000000000000000   16
202.90000000000000000000   13
203.00000000000000000000   10
203.10000000000000000000   7
203.20000000000000000000   9
203.30000000000000000000   11
203.40000000000000000000   14
203.50000000000000000000   15
203.60000000000000000000   14
203.70000000000000000000   15
203.80000000000000000000   13
203.90000000000000000000   16
204.00000000000000000000   13
204.10000000000000000000   12
204.20000000000000000000   16
204.30000000000000000000   14
204.40000000000000000000   15
204.50000000000000000000   14
204.60000000000000000000   13
204.70000000000000000000   15
204.80000000000000000000   14
204.90000000000000000000   14
205.00000000000000000000   12
205.10000000000000000000   16
205.20000000000000000000   13
205.30000000000000000000   14
205.40000000000000000000   14
205.50000000000000000000   14
205.60000000000000000000   15
205.70000000000000000000   14
205.80000000000000000000   13
205.90000000000000000000   15
206.00000000000000000000   15
206.10000000000000000000   18
206.20000000000000000000   17
206.30000000000000000000   16
206.40000000000000000000   13
206.50000000000000000000   13
206.60000000000000000000   13
206.70000000000000000000   13
206.80000000000000000000   17
206.90000000000000000000   16
207.00000000000000000000   16
207.10000000000000000000   14
207.20000000000000000000   13
207.30000000000000000000   14
207.40000000000000000000   13
207.50000000000000000000   13
207.60000000000000000000   14
207.70000000000000000000   14
207.80000000000000000000   18
207.90000000000000000000   15
208.00000000000000000000   13
208.10000000000000000000   12
208.20000000000000000000   14
208.30000000000000000000   13
208.40000000000000000000   12
208.50000000000000000000   9
208.60000000000000000000   12
208.70000000000000000000   11
208.80000000000000000000   8
208.90000000000000000000   11
209.00000000000000000000   8
209.10000000000000000000   11
209.20000000000000000000   11
209.30000000000000000000   12
209.40000000000000000000   11
209.50000000000000000000   10
209.60000000000000000000   10
209.70000000000000000000   11
209.80000000000000000000   12
209.90000000000000000000   10
210.00000000000000000000   13
210.10000000000000000000   15
210.20000000000000000000   12
210.30000000000000000000   11
210.40000000000000000000   10
210.50000000000000000000   10
210.60000000000000000000   10
210.70000000000000000000   15
210.80000000000000000000   16
210.90000000000000000000   10
211.00000000000000000000   10
211.10000000000000000000   9
211.20000000000000000000   13
211.30000000000000000000   13
211.40000000000000000000   13
211.50000000000000000000   14
211.60000000000000000000   9
211.70000000000000000000   12
211.80000000000000000000   9
211.90000000000000000000   10
212.00000000000000000000   11
212.10000000000000000000   10
212.20000000000000000000   12
212.30000000000000000000   11
212.40000000000000000000   12
212.50000000000000000000   9
212.60000000000000000000   10
212.70000000000000000000   8
212.80000000000000000000   7
212.90000000000000000000   9
213.00000000000000000000   10
213.10000000000000000000   3
213.20000000000000000000   4
213.30000000000000000000   5
213.40000000000000000000   5
213.50000000000000000000   9
213.60000000000000000000   7
213.70000000000000000000   6
213.80000000000000000000   16
213.90000000000000000000   7
214.00000000000000000000   9
214.10000000000000000000   10
214.20000000000000000000   13
214.30000000000000000000   11
214.40000000000000000000   11
214.50000000000000000000   7
214.60000000000000000000   10
214.70000000000000000000   9
214.80000000000000000000   11
214.90000000000000000000   15
215.00000000000000000000   15
215.10000000000000000000   15
215.20000000000000000000   14
215.30000000000000000000   12
215.40000000000000000000   15
215.50000000000000000000   10
215.60000000000000000000   9
215.70000000000000000000   9
215.80000000000000000000   10
215.90000000000000000000   6
216.00000000000000000000   6
216.10000000000000000000   7
216.20000000000000000000   9
216.30000000000000000000   8
216.40000000000000000000   10
216.50000000000000000000   6
216.60000000000000000000   7
216.70000000000000000000   7
216.80000000000000000000   5
216.90000000000000000000   4
217.00000000000000000000   7
217.10000000000000000000   7
217.20000000000000000000   7
217.30000000000000000000   3
217.40000000000000000000   5
217.50000000000000000000   9
217.60000000000000000000   13
217.70000000000000000000   9
217.80000000000000000000   7
217.90000000000000000000   5
218.00000000000000000000   6
218.10000000000000000000   5
218.20000000000000000000   4
218.30000000000000000000   8
218.40000000000000000000   4
218.50000000000000000000   4
218.60000000000000000000   3
218.70000000000000000000   5
218.80000000000000000000   4
218.90000000000000000000   0
219.00000000000000000000   3
219.10000000000000000000   5
219.20000000000000000000   8
219.30000000000000000000   8
219.40000000000000000000   11
219.50000000000000000000   13
219.60000000000000000000   11
219.70000000000000000000   9
219.80000000000000000000   13
219.90000000000000000000   12
220.00000000000000000000   11
220.10000000000000000000   11
220.20000000000000000000   14
220.30000000000000000000   12
220.40000000000000000000   11
220.50000000000000000000   17
220.60000000000000000000   11
220.70000000000000000000   13
220.80000000000000000000   10
220.90000000000000000000   10
221.00000000000000000000   7
221.10000000000000000000   6
221.20000000000000000000   8
221.30000000000000000000   8
221.40000000000000000000   12
221.50000000000000000000   9
221.60000000000000000000   10
221.70000000000000000000   10
221.80000000000000000000   8
221.90000000000000000000   9
222.00000000000000000000   6
222.10000000000000000000   14
222.20000000000000000000   14
222.30000000000000000000   16
222.40000000000000000000   18
222.50000000000000000000   16
222.60000000000000000000   7
222.70000000000000000000   11
222.80000000000000000000   14
222.90000000000000000000   13
223.00000000000000000000   12
223.10000000000000000000   9
223.20000000000000000000   9
223.30000000000000000000   12
223.40000000000000000000   9
223.50000000000000000000   8
223.60000000000000000000   10
223.70000000000000000000   15
223.80000000000000000000   13
223.90000000000000000000   10
224.00000000000000000000   16
224.10000000000000000000   14
224.20000000000000000000   11
224.30000000000000000000   15
224.40000000000000000000   15
224.50000000000000000000   17
224.60000000000000000000   17
224.70000000000000000000   18
224.80000000000000000000   22
224.90000000000000000000   15
225.00000000000000000000   14
225.10000000000000000000   11
225.20000000000000000000   14
225.30000000000000000000   11
225.40000000000000000000   13
225.50000000000000000000   13
225.60000000000000000000   14
225.70000000000000000000   11
225.80000000000000000000   12
225.90000000000000000000   12
226.00000000000000000000   14
226.10000000000000000000   13
226.20000000000000000000   14
226.30000000000000000000   13
226.40000000000000000000   14
226.50000000000000000000   15
226.60000000000000000000   13
226.70000000000000000000   12
226.80000000000000000000   14
226.90000000000000000000   14
227.00000000000000000000   14
227.10000000000000000000   15
227.20000000000000000000   12
227.30000000000000000000   16
227.40000000000000000000   14
227.50000000000000000000   15
227.60000000000000000000   15
227.70000000000000000000   14
227.80000000000000000000   17
227.90000000000000000000   13
228.00000000000000000000   12
228.10000000000000000000   14
228.20000000000000000000   14
228.30000000000000000000   12
228.40000000000000000000   14
228.50000000000000000000   9
228.60000000000000000000   11
228.70000000000000000000   16
228.80000000000000000000   10
228.90000000000000000000   14
229.00000000000000000000   12
229.10000000000000000000   8
229.20000000000000000000   14
229.30000000000000000000   12
229.40000000000000000000   9
229.50000000000000000000   18
229.60000000000000000000   16
229.70000000000000000000   13
229.80000000000000000000   16
229.90000000000000000000   20
230.00000000000000000000   18
230.10000000000000000000   21
230.20000000000000000000   19
230.30000000000000000000   19
230.40000000000000000000   19
230.50000000000000000000   18
230.60000000000000000000   18
230.70000000000000000000   17
230.80000000000000000000   17
230.90000000000000000000   20
231.00000000000000000000   22
231.10000000000000000000   15
231.20000000000000000000   21
231.30000000000000000000   21
231.40000000000000000000   16
231.50000000000000000000   15
231.60000000000000000000   12
231.70000000000000000000   14
231.80000000000000000000   19
231.90000000000000000000   16
232.00000000000000000000   19
232.10000000000000000000   17
232.20000000000000000000   19
232.30000000000000000000   15
232.40000000000000000000   19
232.50000000000000000000   17
232.60000000000000000000   15
232.70000000000000000000   15
232.80000000000000000000   20
232.90000000000000000000   16
233.00000000000000000000   17
233.10000000000000000000   12
233.20000000000000000000   15
233.30000000000000000000   15
233.40000000000000000000   14
233.50000000000000000000   14
233.60000000000000000000   16
233.70000000000000000000   15
233.80000000000000000000   16
233.90000000000000000000   15
234.00000000000000000000   16
234.10000000000000000000   19
234.20000000000000000000   13
234.30000000000000000000   12
234.40000000000000000000   11
234.50000000000000000000   16
234.60000000000000000000   15
234.70000000000000000000   13
234.80000000000000000000   17
234.90000000000000000000   12
235.00000000000000000000   10
235.10000000000000000000   15
235.20000000000000000000   18
235.30000000000000000000   20
235.40000000000000000000   15
235.50000000000000000000   15
235.60000000000000000000   13
235.70000000000000000000   14
235.80000000000000000000   14
235.90000000000000000000   11
236.00000000000000000000   13
236.10000000000000000000   10
236.20000000000000000000   14
236.30000000000000000000   15
236.40000000000000000000   16
236.50000000000000000000   15
236.60000000000000000000   19
236.70000000000000000000   16
236.80000000000000000000   19
236.90000000000000000000   19
237.00000000000000000000   18
237.10000000000000000000   14
237.20000000000000000000   15
237.30000000000000000000   15
237.40000000000000000000   15
237.50000000000000000000   18
237.60000000000000000000   19
237.70000000000000000000   14
237.80000000000000000000   15
237.90000000000000000000   16
238.00000000000000000000   21
238.10000000000000000000   16
238.20000000000000000000   16
238.30000000000000000000   19
238.40000000000000000000   19
238.50000000000000000000   19
238.60000000000000000000   19
238.70000000000000000000   18
238.80000000000000000000   18
238.90000000000000000000   13
239.00000000000000000000   14
239.10000000000000000000   16
239.20000000000000000000   16
239.30000000000000000000   16
239.40000000000000000000   12
239.50000000000000000000   14
239.60000000000000000000   16
239.70000000000000000000   14
239.80000000000000000000   14
239.90000000000000000000   19
240.00000000000000000000   15
240.10000000000000000000   15
240.20000000000000000000   15
240.30000000000000000000   8
240.40000000000000000000   9
240.50000000000000000000   8
240.60000000000000000000   10
240.70000000000000000000   9
240.80000000000000000000   6
240.90000000000000000000   7
241.00000000000000000000   2
241.10000000000000000000   5
241.20000000000000000000   3
241.30000000000000000000   6
241.40000000000000000000   8
241.50000000000000000000   6
241.60000000000000000000   5
241.70000000000000000000   5
241.80000000000000000000   7
241.90000000000000000000   8
242.00000000000000000000   6
242.10000000000000000000   9
242.20000000000000000000   3
242.30000000000000000000   4
242.40000000000000000000   9
242.50000000000000000000   5
242.60000000000000000000   7
242.70000000000000000000   5
242.80000000000000000000   8
242.90000000000000000000   8
243.00000000000000000000   6
243.10000000000000000000   9
243.20000000000000000000   10
243.30000000000000000000   8
243.40000000000000000000   7
243.50000000000000000000   7
243.60000000000000000000   9
243.70000000000000000000   5
243.80000000000000000000   6
243.90000000000000000000   9
244.00000000000000000000   9
244.10000000000000000000   10
244.20000000000000000000   11
244.30000000000000000000   9
244.40000000000000000000   8
244.50000000000000000000   10
244.60000000000000000000   8
244.70000000000000000000   9
244.80000000000000000000   8
244.90000000000000000000   5
245.00000000000000000000   6
245.10000000000000000000   7
245.20000000000000000000   10
245.30000000000000000000   11
245.40000000000000000000   8
245.50000000000000000000   9
245.60000000000000000000   15
245.70000000000000000000   16
245.80000000000000000000   14
245.90000000000000000000   14
246.00000000000000000000   11
246.10000000000000000000   13
246.20000000000000000000   13
246.30000000000000000000   15
246.40000000000000000000   14
246.50000000000000000000   13
246.60000000000000000000   13
246.70000000000000000000   13
246.80000000000000000000   14
246.90000000000000000000   13
247.00000000000000000000   14
247.10000000000000000000   13
247.20000000000000000000   12
247.30000000000000000000   15
247.40000000000000000000   16
247.50000000000000000000   13
247.60000000000000000000   9
247.70000000000000000000   10
247.80000000000000000000   10
247.90000000000000000000   11
248.00000000000000000000   15
248.10000000000000000000   13
248.20000000000000000000   12
248.30000000000000000000   15
248.40000000000000000000   13
248.50000000000000000000   14
248.60000000000000000000   12
248.70000000000000000000   14
248.80000000000000000000   10
248.90000000000000000000   11
249.00000000000000000000   15
249.10000000000000000000   12
249.20000000000000000000   9
249.30000000000000000000   15
249.40000000000000000000   10
249.50000000000000000000   13
249.60000000000000000000   13
249.70000000000000000000   12
249.80000000000000000000   12
249.90000000000000000000   11
250.00000000000000000000   10
250.10000000000000000000   9
250.20000000000000000000   11
250.30000000000000000000   9
250.40000000000000000000   10
250.50000000000000000000   11
250.60000000000000000000   9
250.70000000000000000000   11
250.80000000000000000000   16
250.90000000000000000000   13
251.00000000000000000000   13
251.10000000000000000000   10
251.20000000000000000000   13
251.30000000000000000000   15
251.40000000000000000000   10
251.50000000000000000000   9
251.60000000000000000000   13
251.70000000000000000000   14
251.80000000000000000000   15
251.90000000000000000000   12
252.00000000000000000000   12
252.10000000000000000000   14
252.20000000000000000000   12
252.30000000000000000000   15
252.40000000000000000000   11
252.50000000000000000000   15
252.60000000000000000000   9
252.70000000000000000000   9
252.80000000000000000000   8
252.90000000000000000000   10
253.00000000000000000000   14
253.10000000000000000000   11
253.20000000000000000000   11
253.30000000000000000000   9
253.40000000000000000000   13
253.50000000000000000000   12
253.60000000000000000000   11
253.70000000000000000000   12
253.80000000000000000000   13
253.90000000000000000000   11
254.00000000000000000000   9
254.10000000000000000000   14
254.20000000000000000000   9
254.30000000000000000000   15
254.40000000000000000000   17
254.50000000000000000000   13
254.60000000000000000000   16
254.70000000000000000000   18
254.80000000000000000000   21
254.90000000000000000000   13
255.00000000000000000000   12
255.10000000000000000000   11
255.20000000000000000000   12
255.30000000000000000000   14
255.40000000000000000000   11
255.50000000000000000000   10
255.60000000000000000000   9
255.70000000000000000000   9
255.80000000000000000000   11
255.90000000000000000000   11
256.00000000000000000000   10
256.10000000000000000000   9
256.20000000000000000000   7
256.30000000000000000000   10
256.40000000000000000000   13
256.50000000000000000000   13
256.60000000000000000000   9
256.70000000000000000000   13
256.80000000000000000000   14
256.90000000000000000000   8
257.00000000000000000000   8
257.10000000000000000000   8
257.20000000000000000000   10
257.30000000000000000000   9
257.40000000000000000000   7
257.50000000000000000000   7
257.60000000000000000000   9
257.70000000000000000000   7
257.80000000000000000000   9
257.90000000000000000000   8
258.00000000000000000000   6
258.10000000000000000000   9
258.20000000000000000000   9
258.30000000000000000000   7
258.40000000000000000000   13
258.50000000000000000000   11
258.60000000000000000000   12
258.70000000000000000000   14
258.80000000000000000000   9
258.90000000000000000000   11
259.00000000000000000000   10
259.10000000000000000000   12
259.20000000000000000000   13
259.30000000000000000000   13
259.40000000000000000000   8
259.50000000000000000000   9
259.60000000000000000000   9
259.70000000000000000000   11
259.80000000000000000000   6
259.90000000000000000000   7
260.00000000000000000000   6
260.10000000000000000000   5
260.20000000000000000000   6
260.30000000000000000000   6
260.40000000000000000000   6
260.50000000000000000000   4
260.60000000000000000000   7
260.70000000000000000000   7
260.80000000000000000000   6
260.90000000000000000000   6
261.00000000000000000000   9
261.10000000000000000000   7
261.20000000000000000000   5
261.30000000000000000000   8
261.40000000000000000000   5
261.50000000000000000000   8
261.60000000000000000000   8
261.70000000000000000000   10
261.80000000000000000000   8
261.90000000000000000000   10
262.00000000000000000000   6
262.10000000000000000000   11
262.20000000000000000000   9
262.30000000000000000000   4
262.40000000000000000000   9
262.50000000000000000000   7
262.60000000000000000000   8
262.70000000000000000000   5
262.80000000000000000000   4
262.90000000000000000000   5
263.00000000000000000000   8
263.10000000000000000000   7
263.20000000000000000000   8
263.30000000000000000000   4
263.40000000000000000000   4
263.50000000000000000000   3
263.60000000000000000000   7
263.70000000000000000000   7
263.80000000000000000000   6
263.90000000000000000000   5
264.00000000000000000000   7
264.10000000000000000000   8
264.20000000000000000000   3
264.30000000000000000000   7
264.40000000000000000000   8
264.50000000000000000000   4
264.60000000000000000000   3
264.70000000000000000000   12
264.80000000000000000000   10
264.90000000000000000000   12
265.00000000000000000000   8
265.10000000000000000000   10
265.20000000000000000000   7
265.30000000000000000000   7
265.40000000000000000000   12
265.50000000000000000000   15
265.60000000000000000000   10
265.70000000000000000000   11
265.80000000000000000000   15
265.90000000000000000000   10
266.00000000000000000000   16
266.10000000000000000000   13
266.20000000000000000000   10
266.30000000000000000000   10
266.40000000000000000000   10
266.50000000000000000000   6
266.60000000000000000000   11
266.70000000000000000000   12
266.80000000000000000000   10
266.90000000000000000000   13
267.00000000000000000000   16
267.10000000000000000000   9
267.20000000000000000000   11
267.30000000000000000000   6
267.40000000000000000000   8
267.50000000000000000000   10
267.60000000000000000000   7
267.70000000000000000000   9
267.80000000000000000000   12
267.90000000000000000000   10
268.00000000000000000000   9
268.10000000000000000000   12
268.20000000000000000000   11
268.30000000000000000000   11
268.40000000000000000000   10
268.50000000000000000000   8
268.60000000000000000000   8
268.70000000000000000000   9
268.80000000000000000000   7
268.90000000000000000000   10
269.00000000000000000000   13
269.10000000000000000000   10
269.20000000000000000000   14
269.30000000000000000000   12
269.40000000000000000000   12
269.50000000000000000000   13
269.60000000000000000000   12
269.70000000000000000000   11
269.80000000000000000000   12
269.90000000000000000000   15
270.00000000000000000000   15
270.10000000000000000000   15
270.20000000000000000000   15
270.30000000000000000000   13
270.40000000000000000000   18
270.50000000000000000000   14
270.60000000000000000000   14
270.70000000000000000000   15
270.80000000000000000000   16
270.90000000000000000000   14
271.00000000000000000000   17
271.10000000000000000000   13
271.20000000000000000000   14
271.30000000000000000000   11
271.40000000000000000000   17
271.50000000000000000000   11
271.60000000000000000000   13
271.70000000000000000000   13
271.80000000000000000000   15
271.90000000000000000000   13
272.00000000000000000000   13
272.10000000000000000000   11
272.20000000000000000000   13
272.30000000000000000000   15
272.40000000000000000000   13
272.50000000000000000000   13
272.60000000000000000000   14
272.70000000000000000000   13
272.80000000000000000000   15
272.90000000000000000000   12
273.00000000000000000000   14
273.10000000000000000000   8
273.20000000000000000000   12
273.30000000000000000000   11
273.40000000000000000000   8
273.50000000000000000000   15
273.60000000000000000000   11
273.70000000000000000000   13
273.80000000000000000000   14
273.90000000000000000000   19
274.00000000000000000000   12
274.10000000000000000000   16
274.20000000000000000000   14
274.30000000000000000000   13
274.40000000000000000000   15
274.50000000000000000000   16
274.60000000000000000000   14
274.70000000000000000000   7
274.80000000000000000000   13
274.90000000000000000000   14
275.00000000000000000000   14
275.10000000000000000000   10
275.20000000000000000000   16
275.30000000000000000000   17
275.40000000000000000000   13
275.50000000000000000000   11
275.60000000000000000000   15
275.70000000000000000000   14
275.80000000000000000000   15
275.90000000000000000000   18
276.00000000000000000000   16
276.10000000000000000000   13
276.20000000000000000000   18
276.30000000000000000000   17
276.40000000000000000000   16
276.50000000000000000000   14
276.60000000000000000000   14
276.70000000000000000000   12
276.80000000000000000000   12
276.90000000000000000000   7
277.00000000000000000000   11
277.10000000000000000000   5
277.20000000000000000000   7
277.30000000000000000000   7
277.40000000000000000000   11
277.50000000000000000000   11
277.60000000000000000000   10
277.70000000000000000000   11
277.80000000000000000000   12
277.90000000000000000000   8
278.00000000000000000000   11
278.10000000000000000000   11
278.20000000000000000000   10
278.30000000000000000000   10
278.40000000000000000000   12
278.50000000000000000000   12
278.60000000000000000000   11
278.70000000000000000000   12
278.80000000000000000000   14
278.90000000000000000000   13
279.00000000000000000000   12
279.10000000000000000000   12
279.20000000000000000000   13
279.30000000000000000000   11
279.40000000000000000000   10
279.50000000000000000000   11
279.60000000000000000000   9
279.70000000000000000000   11
279.80000000000000000000   13
279.90000000000000000000   8
280.00000000000000000000   9
280.10000000000000000000   11
280.20000000000000000000   10
280.30000000000000000000   10
280.40000000000000000000   11
280.50000000000000000000   12
280.60000000000000000000   12
280.70000000000000000000   12
280.80000000000000000000   11
280.90000000000000000000   13
281.00000000000000000000   13
281.10000000000000000000   14
281.20000000000000000000   12
281.30000000000000000000   11
281.40000000000000000000   11
281.50000000000000000000   10
281.60000000000000000000   11
281.70000000000000000000   10
281.80000000000000000000   11
281.90000000000000000000   10
282.00000000000000000000   11
282.10000000000000000000   11
282.20000000000000000000   15
282.30000000000000000000   11
282.40000000000000000000   9
282.50000000000000000000   12
282.60000000000000000000   12
282.70000000000000000000   8
282.80000000000000000000   9
282.90000000000000000000   9
283.00000000000000000000   11
283.10000000000000000000   11
283.20000000000000000000   10
283.30000000000000000000   11
283.40000000000000000000   11
283.50000000000000000000   11
283.60000000000000000000   12
283.70000000000000000000   11
283.80000000000000000000   10
283.90000000000000000000   11
284.00000000000000000000   11
284.10000000000000000000   11
284.20000000000000000000   11
284.30000000000000000000   10
284.40000000000000000000   9
284.50000000000000000000   8
284.60000000000000000000   11
284.70000000000000000000   10
284.80000000000000000000   11
284.90000000000000000000   10
285.00000000000000000000   11
285.10000000000000000000   11
285.20000000000000000000   13
285.30000000000000000000   11
285.40000000000000000000   9
285.50000000000000000000   10
285.60000000000000000000   11
285.70000000000000000000   9
285.80000000000000000000   10
285.90000000000000000000   13
286.00000000000000000000   11
286.10000000000000000000   8
286.20000000000000000000   9
286.30000000000000000000   10
286.40000000000000000000   8
286.50000000000000000000   9
286.60000000000000000000   10
286.70000000000000000000   11
286.80000000000000000000   11
286.90000000000000000000   7
287.00000000000000000000   11
287.10000000000000000000   11
287.20000000000000000000   10
287.30000000000000000000   12
287.40000000000000000000   10
287.50000000000000000000   11
287.60000000000000000000   11
287.70000000000000000000   10
287.80000000000000000000   9
287.90000000000000000000   12
288.00000000000000000000   8
288.10000000000000000000   11
288.20000000000000000000   11
288.30000000000000000000   9
288.40000000000000000000   11
288.50000000000000000000   11
288.60000000000000000000   11
288.70000000000000000000   3
288.80000000000000000000   7
288.90000000000000000000   12
289.00000000000000000000   6
289.10000000000000000000   8
289.20000000000000000000   6
289.30000000000000000000   4
289.40000000000000000000   6
289.50000000000000000000   10
289.60000000000000000000   9
289.70000000000000000000   9
289.80000000000000000000   8
289.90000000000000000000   6
290.00000000000000000000   9
290.10000000000000000000   7
290.20000000000000000000   8
290.30000000000000000000   4
290.40000000000000000000   7
290.50000000000000000000   8
290.60000000000000000000   8
290.70000000000000000000   14
290.80000000000000000000   9
290.90000000000000000000   11
291.00000000000000000000   9
291.10000000000000000000   7
291.20000000000000000000   12
291.30000000000000000000   14
291.40000000000000000000   13
291.50000000000000000000   13
291.60000000000000000000   13
291.70000000000000000000   8
291.80000000000000000000   15
291.90000000000000000000   11
292.00000000000000000000   11
292.10000000000000000000   12
292.20000000000000000000   12
292.30000000000000000000   13
292.40000000000000000000   10
292.50000000000000000000   13
292.60000000000000000000   8
292.70000000000000000000   12
292.80000000000000000000   10
292.90000000000000000000   14
293.00000000000000000000   12
293.10000000000000000000   9
293.20000000000000000000   9
293.30000000000000000000   9
293.40000000000000000000   8
293.50000000000000000000   6
293.60000000000000000000   4
293.70000000000000000000   7
293.80000000000000000000   7
293.90000000000000000000   9
294.00000000000000000000   6
294.10000000000000000000   9
294.20000000000000000000   12
294.30000000000000000000   12
294.40000000000000000000   9
294.50000000000000000000   12
294.60000000000000000000   17
294.70000000000000000000   17
294.80000000000000000000   13
294.90000000000000000000   14
295.00000000000000000000   11
295.10000000000000000000   14
295.20000000000000000000   7
295.30000000000000000000   11
295.40000000000000000000   8
295.50000000000000000000   8
295.60000000000000000000   16
295.70000000000000000000   13
295.80000000000000000000   14
295.90000000000000000000   9
296.00000000000000000000   12
296.10000000000000000000   13
296.20000000000000000000   12
296.30000000000000000000   12
296.40000000000000000000   11
296.50000000000000000000   17
296.60000000000000000000   14
296.70000000000000000000   11
296.80000000000000000000   11
296.90000000000000000000   12
297.00000000000000000000   15
297.10000000000000000000   14
297.20000000000000000000   15
297.30000000000000000000   13
297.40000000000000000000   13
297.50000000000000000000   13
297.60000000000000000000   16
297.70000000000000000000   11
297.80000000000000000000   11
297.90000000000000000000   10
298.00000000000000000000   12
298.10000000000000000000   10
298.20000000000000000000   9
298.30000000000000000000   9
298.40000000000000000000   9
298.50000000000000000000   10
298.60000000000000000000   11
298.70000000000000000000   9
298.80000000000000000000   6
298.90000000000000000000   8
299.00000000000000000000   3
299.10000000000000000000   10
299.20000000000000000000   10
299.30000000000000000000   17
299.40000000000000000000   16
299.50000000000000000000   15
299.60000000000000000000   15
299.70000000000000000000   14
299.80000000000000000000   12
299.90000000000000000000   12
300.00000000000000000000   11
300.10000000000000000000   14
300.20000000000000000000   12
300.30000000000000000000   5
300.40000000000000000000   10
300.50000000000000000000   10
300.60000000000000000000   11
300.70000000000000000000   8
300.80000000000000000000   8
300.90000000000000000000   11
301.00000000000000000000   12
301.10000000000000000000   16
301.20000000000000000000   12
301.30000000000000000000   12
301.40000000000000000000   12
301.50000000000000000000   11
301.60000000000000000000   10
301.70000000000000000000   10
301.80000000000000000000   12
301.90000000000000000000   12
302.00000000000000000000   6
302.10000000000000000000   6
302.20000000000000000000   7
302.30000000000000000000   7
302.40000000000000000000   8
302.50000000000000000000   15
302.60000000000000000000   15
302.70000000000000000000   14
302.80000000000000000000   14
302.90000000000000000000   12
303.00000000000000000000   12
303.10000000000000000000   15
303.20000000000000000000   11
303.30000000000000000000   13
303.40000000000000000000   14
303.50000000000000000000   13
303.60000000000000000000   11
303.70000000000000000000   15
303.80000000000000000000   14
303.90000000000000000000   17
304.00000000000000000000   19
304.10000000000000000000   18
304.20000000000000000000   18
304.30000000000000000000   11
304.40000000000000000000   14
304.50000000000000000000   13
304.60000000000000000000   9
304.70000000000000000000   10
304.80000000000000000000   10
304.90000000000000000000   12
305.00000000000000000000   8
305.10000000000000000000   15
305.20000000000000000000   11
305.30000000000000000000   11
305.40000000000000000000   13
305.50000000000000000000   14
305.60000000000000000000   10
305.70000000000000000000   14
305.80000000000000000000   11
305.90000000000000000000   14
306.00000000000000000000   8
306.10000000000000000000   11
306.20000000000000000000   11
306.30000000000000000000   11
306.40000000000000000000   13
306.50000000000000000000   10
306.60000000000000000000   14
306.70000000000000000000   7
306.80000000000000000000   9
306.90000000000000000000   16
307.00000000000000000000   9
307.10000000000000000000   8
307.20000000000000000000   9
307.30000000000000000000   7
307.40000000000000000000   5
307.50000000000000000000   6
307.60000000000000000000   6
307.70000000000000000000   8
307.80000000000000000000   9
307.90000000000000000000   8
308.00000000000000000000   7
308.10000000000000000000   7
308.20000000000000000000   7
308.30000000000000000000   7
308.40000000000000000000   9
308.50000000000000000000   9
308.60000000000000000000   9
308.70000000000000000000   7
308.80000000000000000000   6
308.90000000000000000000   10
309.00000000000000000000   9
309.10000000000000000000   5
309.20000000000000000000   10
309.30000000000000000000   12
309.40000000000000000000   4
309.50000000000000000000   7
309.60000000000000000000   3
309.70000000000000000000   6
309.80000000000000000000   5
309.90000000000000000000   1
310.00000000000000000000   3
310.10000000000000000000   3
310.20000000000000000000   9
310.30000000000000000000   5
310.40000000000000000000   8
310.50000000000000000000   8
310.60000000000000000000   8
310.70000000000000000000   7
310.80000000000000000000   11
310.90000000000000000000   6
311.00000000000000000000   5
311.10000000000000000000   8
311.20000000000000000000   9
311.30000000000000000000   6
311.40000000000000000000   3
311.50000000000000000000   4
311.60000000000000000000   6
311.70000000000000000000   3
311.80000000000000000000   9
311.90000000000000000000   10
312.00000000000000000000   9
312.10000000000000000000   5
312.20000000000000000000   8
312.30000000000000000000   8
312.40000000000000000000   12
312.50000000000000000000   13
312.60000000000000000000   11
312.70000000000000000000   6
312.80000000000000000000   8
312.90000000000000000000   8
313.00000000000000000000   12
313.10000000000000000000   12
313.20000000000000000000   12
313.30000000000000000000   10
313.40000000000000000000   13
313.50000000000000000000   13
313.60000000000000000000   12
313.70000000000000000000   15
313.80000000000000000000   11
313.90000000000000000000   12
314.00000000000000000000   14
314.10000000000000000000   11
314.20000000000000000000   12
314.30000000000000000000   11
314.40000000000000000000   11
314.50000000000000000000   11
314.60000000000000000000   11
314.70000000000000000000   12
314.80000000000000000000   14
314.90000000000000000000   9
315.00000000000000000000   14
315.10000000000000000000   12
315.20000000000000000000   13
315.30000000000000000000   12
315.40000000000000000000   11
315.50000000000000000000   11
315.60000000000000000000   10
315.70000000000000000000   9
315.80000000000000000000   9
315.90000000000000000000   8
316.00000000000000000000   10
316.10000000000000000000   7
316.20000000000000000000   4
316.30000000000000000000   11
316.40000000000000000000   8
316.50000000000000000000   13
316.60000000000000000000   10
316.70000000000000000000   12
316.80000000000000000000   13
316.90000000000000000000   14
317.00000000000000000000   13
317.10000000000000000000   12
317.20000000000000000000   12
317.30000000000000000000   11
317.40000000000000000000   13
317.50000000000000000000   10
317.60000000000000000000   9
317.70000000000000000000   9
317.80000000000000000000   7
317.90000000000000000000   8
318.00000000000000000000   7
318.10000000000000000000   8
318.20000000000000000000   9
318.30000000000000000000   9
318.40000000000000000000   9
318.50000000000000000000   11
318.60000000000000000000   16
318.70000000000000000000   13
318.80000000000000000000   12
318.90000000000000000000   10
319.00000000000000000000   8
319.10000000000000000000   12
319.20000000000000000000   7
319.30000000000000000000   11
319.40000000000000000000   10
319.50000000000000000000   7
319.60000000000000000000   6
319.70000000000000000000   10
319.80000000000000000000   9
319.90000000000000000000   5
320.00000000000000000000   4
320.10000000000000000000   6
320.20000000000000000000   11
320.30000000000000000000   9
320.40000000000000000000   10
320.50000000000000000000   10
320.60000000000000000000   13
320.70000000000000000000   10
320.80000000000000000000   14
320.90000000000000000000   7
321.00000000000000000000   7
321.10000000000000000000   12
321.20000000000000000000   8
321.30000000000000000000   10
321.40000000000000000000   16
321.50000000000000000000   18
321.60000000000000000000   18
321.70000000000000000000   15
321.80000000000000000000   14
321.90000000000000000000   13
322.00000000000000000000   10
322.10000000000000000000   13
322.20000000000000000000   15
322.30000000000000000000   14
322.40000000000000000000   10
322.50000000000000000000   13
322.60000000000000000000   16
322.70000000000000000000   14
322.80000000000000000000   11
322.90000000000000000000   9
323.00000000000000000000   11
323.10000000000000000000   9
323.20000000000000000000   8
323.30000000000000000000   12
323.40000000000000000000   12
323.50000000000000000000   13
323.60000000000000000000   12
323.70000000000000000000   13
323.80000000000000000000   13
323.90000000000000000000   10
324.00000000000000000000   12
324.10000000000000000000   12
324.20000000000000000000   15
324.30000000000000000000   13
324.40000000000000000000   15
324.50000000000000000000   16
324.60000000000000000000   15
324.70000000000000000000   15
324.80000000000000000000   15
324.90000000000000000000   15
325.00000000000000000000   13
325.10000000000000000000   12
325.20000000000000000000   11
325.30000000000000000000   11
325.40000000000000000000   15
325.50000000000000000000   15
325.60000000000000000000   16
325.70000000000000000000   15
325.80000000000000000000   15
325.90000000000000000000   12
326.00000000000000000000   12
326.10000000000000000000   8
326.20000000000000000000   10
326.30000000000000000000   14
326.40000000000000000000   16
326.50000000000000000000   12
326.60000000000000000000   9
326.70000000000000000000   13
326.80000000000000000000   14
326.90000000000000000000   12
327.00000000000000000000   10
327.10000000000000000000   9
327.20000000000000000000   9
327.30000000000000000000   9
327.40000000000000000000   8
327.50000000000000000000   9
327.60000000000000000000   10
327.70000000000000000000   10
327.80000000000000000000   7
327.90000000000000000000   10
328.00000000000000000000   11
328.10000000000000000000   6
328.20000000000000000000   5
328.30000000000000000000   7
328.40000000000000000000   6
328.50000000000000000000   8
328.60000000000000000000   9
328.70000000000000000000   8
328.80000000000000000000   8
328.90000000000000000000   11
329.00000000000000000000   10
329.10000000000000000000   10
329.20000000000000000000   12
329.30000000000000000000   11
329.40000000000000000000   14
329.50000000000000000000   12
329.60000000000000000000   12
329.70000000000000000000   12
329.80000000000000000000   13
329.90000000000000000000   9
330.00000000000000000000   8
330.10000000000000000000   12
330.20000000000000000000   8
330.30000000000000000000   12
330.40000000000000000000   11
330.50000000000000000000   11
330.60000000000000000000   10
330.70000000000000000000   8
330.80000000000000000000   7
330.90000000000000000000   7
331.00000000000000000000   6
331.10000000000000000000   11
331.20000000000000000000   8
331.30000000000000000000   9
331.40000000000000000000   7
331.50000000000000000000   7
331.60000000000000000000   11
331.70000000000000000000   10
331.80000000000000000000   10
331.90000000000000000000   9
332.00000000000000000000   9
332.10000000000000000000   8
332.20000000000000000000   9
332.30000000000000000000   9
332.40000000000000000000   4
332.50000000000000000000   5
332.60000000000000000000   7
332.70000000000000000000   8
332.80000000000000000000   7
332.90000000000000000000   6
333.00000000000000000000   4
333.10000000000000000000   6
333.20000000000000000000   5
333.30000000000000000000   4
333.40000000000000000000   5
333.50000000000000000000   3
333.60000000000000000000   6
333.70000000000000000000   5
333.80000000000000000000   5
333.90000000000000000000   4
334.00000000000000000000   2
334.10000000000000000000   7
334.20000000000000000000   3
334.30000000000000000000   6
334.40000000000000000000   5
334.50000000000000000000   2
334.60000000000000000000   2
334.70000000000000000000   4
334.80000000000000000000   4
334.90000000000000000000   6
335.00000000000000000000   4
335.10000000000000000000   10
335.20000000000000000000   4
335.30000000000000000000   4
335.40000000000000000000   6
335.50000000000000000000   8
335.60000000000000000000   4
335.70000000000000000000   4
335.80000000000000000000   3
335.90000000000000000000   5
336.00000000000000000000   3
336.10000000000000000000   6
336.20000000000000000000   7
336.30000000000000000000   6
336.40000000000000000000   9
336.50000000000000000000   8
336.60000000000000000000   4
336.70000000000000000000   5
336.80000000000000000000   7
336.90000000000000000000   5
337.00000000000000000000   5
337.10000000000000000000   5
337.20000000000000000000   4
337.30000000000000000000   6
337.40000000000000000000   8
337.50000000000000000000   7
337.60000000000000000000   4
337.70000000000000000000   8
337.80000000000000000000   5
337.90000000000000000000   5
338.00000000000000000000   5
338.10000000000000000000   4
338.20000000000000000000   4
338.30000000000000000000   4
338.40000000000000000000   3
338.50000000000000000000   4
338.60000000000000000000   3
338.70000000000000000000   5
338.80000000000000000000   8
338.90000000000000000000   7
339.00000000000000000000   8
339.10000000000000000000   5
339.20000000000000000000   7
339.30000000000000000000   7
339.40000000000000000000   4
339.50000000000000000000   7
339.60000000000000000000   6
339.70000000000000000000   8
339.80000000000000000000   8
339.90000000000000000000   9
340.00000000000000000000   10
340.10000000000000000000   16
340.20000000000000000000   11
340.30000000000000000000   7
340.40000000000000000000   8
340.50000000000000000000   4
340.60000000000000000000   9
340.70000000000000000000   5
340.80000000000000000000   6
340.90000000000000000000   4
341.00000000000000000000   4
341.10000000000000000000   6
341.20000000000000000000   5
341.30000000000000000000   5
341.40000000000000000000   6
341.50000000000000000000   4
341.60000000000000000000   7
341.70000000000000000000   4
341.80000000000000000000   6
341.90000000000000000000   3
342.00000000000000000000   3
342.10000000000000000000   5
342.20000000000000000000   3
342.30000000000000000000   2
342.40000000000000000000   2
342.50000000000000000000   3
342.60000000000000000000   3
342.70000000000000000000   2
342.80000000000000000000   1
342.90000000000000000000   2
343.00000000000000000000   3
343.10000000000000000000   3
343.20000000000000000000   4
343.30000000000000000000   4
343.40000000000000000000   4
343.50000000000000000000   4
343.60000000000000000000   4
343.70000000000000000000   6
343.80000000000000000000   3
343.90000000000000000000   8
344.00000000000000000000   3
344.10000000000000000000   7
344.20000000000000000000   10
344.30000000000000000000   12
344.40000000000000000000   9
344.50000000000000000000   7
344.60000000000000000000   8
344.70000000000000000000   12
344.80000000000000000000   12
344.90000000000000000000   11
345.00000000000000000000   7
345.10000000000000000000   7
345.20000000000000000000   7
345.30000000000000000000   5
345.40000000000000000000   2
345.50000000000000000000   6
345.60000000000000000000   6
345.70000000000000000000   4
345.80000000000000000000   4
345.90000000000000000000   7
346.00000000000000000000   3
346.10000000000000000000   4
346.20000000000000000000   6
346.30000000000000000000   5
346.40000000000000000000   2
346.50000000000000000000   4
346.60000000000000000000   3
346.70000000000000000000   1
346.80000000000000000000   1
346.90000000000000000000   6
347.00000000000000000000   3
347.10000000000000000000   8
347.20000000000000000000   4
347.30000000000000000000   3
347.40000000000000000000   6
347.50000000000000000000   11
347.60000000000000000000   8
347.70000000000000000000   6
347.80000000000000000000   3
347.90000000000000000000   4
348.00000000000000000000   1
348.10000000000000000000   5
348.20000000000000000000   4
348.30000000000000000000   6
348.40000000000000000000   5
348.50000000000000000000   2
348.60000000000000000000   5
348.70000000000000000000   4
348.80000000000000000000   7
348.90000000000000000000   7
349.00000000000000000000   3
349.10000000000000000000   3
349.20000000000000000000   2
349.30000000000000000000   5
349.40000000000000000000   3
349.50000000000000000000   4
349.60000000000000000000   2
349.70000000000000000000   3
349.80000000000000000000   4
349.90000000000000000000   3
350.00000000000000000000   6
350.10000000000000000000   8
350.20000000000000000000   6
350.30000000000000000000   6
350.40000000000000000000   4
350.50000000000000000000   6
350.60000000000000000000   5
350.70000000000000000000   6
350.80000000000000000000   3
350.90000000000000000000   3
351.00000000000000000000   4
351.10000000000000000000   2
351.20000000000000000000   4
351.30000000000000000000   6
351.40000000000000000000   5
351.50000000000000000000   4
351.60000000000000000000   4
351.70000000000000000000   6
351.80000000000000000000   6
351.90000000000000000000   4
352.00000000000000000000   3
352.10000000000000000000   2
352.20000000000000000000   6
352.30000000000000000000   4
352.40000000000000000000   3
352.50000000000000000000   3
352.60000000000000000000   4
352.70000000000000000000   4
352.80000000000000000000   4
352.90000000000000000000   4
353.00000000000000000000   1
353.10000000000000000000   4
353.20000000000000000000   2
353.30000000000000000000   4
353.40000000000000000000   1
353.50000000000000000000   2
353.60000000000000000000   5
353.70000000000000000000   6
353.80000000000000000000   6
353.90000000000000000000   8
354.00000000000000000000   5
354.10000000000000000000   4
354.20000000000000000000   2
354.30000000000000000000   3
354.40000000000000000000   2
354.50000000000000000000   3
354.60000000000000000000   4
354.70000000000000000000   4
354.80000000000000000000   6
354.90000000000000000000   2
355.00000000000000000000   2
355.10000000000000000000   2
355.20000000000000000000   2
355.30000000000000000000   3
355.40000000000000000000   2
355.50000000000000000000   2
355.60000000000000000000   3
355.70000000000000000000   5
355.80000000000000000000   6
355.90000000000000000000   3
356.00000000000000000000   5
356.10000000000000000000   3
356.20000000000000000000   4
356.30000000000000000000   1
356.40000000000000000000   2
356.50000000000000000000   4
356.60000000000000000000   3
356.70000000000000000000   1
356.80000000000000000000   2
356.90000000000000000000   2
357.00000000000000000000   2
357.10000000000000000000   3
357.20000000000000000000   3
357.30000000000000000000   3
357.40000000000000000000   3
357.50000000000000000000   3
357.60000000000000000000   1
357.70000000000000000000   2
357.80000000000000000000   2
357.90000000000000000000   2
358.00000000000000000000   3
358.10000000000000000000   2
358.20000000000000000000   3
358.30000000000000000000   2
358.40000000000000000000   2
358.50000000000000000000   2
358.60000000000000000000   3
358.70000000000000000000   1
358.80000000000000000000   0
358.90000000000000000000   1
359.00000000000000000000   1
359.10000000000000000000   2
359.20000000000000000000   1
359.30000000000000000000   3
359.40000000000000000000   2
359.50000000000000000000   3
359.60000000000000000000   1
359.70000000000000000000   0
359.80000000000000000000   0
359.90000000000000000000   3
360.00000000000000000000   3
360.10000000000000000000   2
360.20000000000000000000   4
360.30000000000000000000   0
360.40000000000000000000   0
360.50000000000000000000   2
360.60000000000000000000   4
360.70000000000000000000   3
360.80000000000000000000   2
360.90000000000000000000   1
361.00000000000000000000   7
361.10000000000000000000   9
361.20000000000000000000   7
361.30000000000000000000   3
361.40000000000000000000   1
361.50000000000000000000   3
361.60000000000000000000   2
361.70000000000000000000   5
361.80000000000000000000   7
361.90000000000000000000   9
362.00000000000000000000   7
362.10000000000000000000   4
362.20000000000000000000   6
362.30000000000000000000   3
362.40000000000000000000   5
362.50000000000000000000   6
362.60000000000000000000   3
362.70000000000000000000   3
362.80000000000000000000   2
362.90000000000000000000   8
363.00000000000000000000   9
363.10000000000000000000   8
363.20000000000000000000   7
363.30000000000000000000   8
363.40000000000000000000   12
363.50000000000000000000   12
363.60000000000000000000   13
363.70000000000000000000   10
363.80000000000000000000   10
363.90000000000000000000   10
364.00000000000000000000   14
364.10000000000000000000   12
364.20000000000000000000   14
364.30000000000000000000   12
364.40000000000000000000   15
364.50000000000000000000   14
364.60000000000000000000   13
364.70000000000000000000   13
364.80000000000000000000   13
364.90000000000000000000   9
365.00000000000000000000   11
365.10000000000000000000   13
365.20000000000000000000   11
365.30000000000000000000   11
365.40000000000000000000   8
365.50000000000000000000   12
365.60000000000000000000   9
365.70000000000000000000   11
365.80000000000000000000   10
365.90000000000000000000   13
366.00000000000000000000   16
366.10000000000000000000   15
366.20000000000000000000   15
366.30000000000000000000   15
366.40000000000000000000   19
366.50000000000000000000   15
366.60000000000000000000   14
366.70000000000000000000   13
366.80000000000000000000   10
366.90000000000000000000   14
367.00000000000000000000   17
367.10000000000000000000   18
367.20000000000000000000   15
367.30000000000000000000   17
367.40000000000000000000   16
367.50000000000000000000   18
367.60000000000000000000   18
367.70000000000000000000   18
367.80000000000000000000   18
367.90000000000000000000   17
368.00000000000000000000   17
368.10000000000000000000   17
368.20000000000000000000   19
368.30000000000000000000   15
368.40000000000000000000   16
368.50000000000000000000   17
368.60000000000000000000   15
368.70000000000000000000   19
368.80000000000000000000   22
368.90000000000000000000   18
369.00000000000000000000   21
369.10000000000000000000   22
369.20000000000000000000   17
369.30000000000000000000   15
369.40000000000000000000   15
369.50000000000000000000   13
369.60000000000000000000   14
369.70000000000000000000   15
369.80000000000000000000   15
369.90000000000000000000   16
370.00000000000000000000   13
370.10000000000000000000   10
370.20000000000000000000   14
370.30000000000000000000   15
370.40000000000000000000   14
370.50000000000000000000   14
370.60000000000000000000   12
370.70000000000000000000   14
370.80000000000000000000   19
370.90000000000000000000   14
371.00000000000000000000   13
371.10000000000000000000   14
371.20000000000000000000   15
371.30000000000000000000   13
371.40000000000000000000   11
371.50000000000000000000   16
371.60000000000000000000   15
371.70000000000000000000   14
371.80000000000000000000   12
371.90000000000000000000   15
372.00000000000000000000   13
372.10000000000000000000   14
372.20000000000000000000   15
372.30000000000000000000   17
372.40000000000000000000   14
372.50000000000000000000   12
372.60000000000000000000   15
372.70000000000000000000   14
372.80000000000000000000   16
372.90000000000000000000   16
373.00000000000000000000   14
373.10000000000000000000   13
373.20000000000000000000   14
373.30000000000000000000   16
373.40000000000000000000   14
373.50000000000000000000   11
373.60000000000000000000   14
373.70000000000000000000   14
373.80000000000000000000   15
373.90000000000000000000   14
374.00000000000000000000   15
374.10000000000000000000   17
374.20000000000000000000   18
374.30000000000000000000   15
374.40000000000000000000   17
374.50000000000000000000   15
374.60000000000000000000   13
374.70000000000000000000   14
374.80000000000000000000   15
374.90000000000000000000   15
375.00000000000000000000   16
375.10000000000000000000   12
375.20000000000000000000   13
375.30000000000000000000   13
375.40000000000000000000   13
375.50000000000000000000   17
375.60000000000000000000   12
375.70000000000000000000   17
375.80000000000000000000   12
375.90000000000000000000   20
376.00000000000000000000   15
376.10000000000000000000   13
376.20000000000000000000   15
376.30000000000000000000   19
376.40000000000000000000   11
376.50000000000000000000   11
376.60000000000000000000   10
376.70000000000000000000   11
376.80000000000000000000   14
376.90000000000000000000   13
377.00000000000000000000   12
377.10000000000000000000   14
377.20000000000000000000   11
377.30000000000000000000   14
377.40000000000000000000   14
377.50000000000000000000   15
377.60000000000000000000   15
377.70000000000000000000   15
377.80000000000000000000   13
377.90000000000000000000   13
378.00000000000000000000   15
378.10000000000000000000   13
378.20000000000000000000   13
378.30000000000000000000   13
378.40000000000000000000   13
378.50000000000000000000   13
378.60000000000000000000   11
378.70000000000000000000   12
378.80000000000000000000   14
378.90000000000000000000   9
379.00000000000000000000   8
379.10000000000000000000   13
379.20000000000000000000   12
379.30000000000000000000   14
379.40000000000000000000   13
379.50000000000000000000   9
379.60000000000000000000   15
379.70000000000000000000   13
379.80000000000000000000   12
379.90000000000000000000   16
380.00000000000000000000   13
380.10000000000000000000   14
380.20000000000000000000   10
380.30000000000000000000   13
380.40000000000000000000   10
380.50000000000000000000   11
380.60000000000000000000   13
380.70000000000000000000   11
380.80000000000000000000   16
380.90000000000000000000   14
381.00000000000000000000   15
381.10000000000000000000   16
381.20000000000000000000   15
381.30000000000000000000   13
381.40000000000000000000   11
381.50000000000000000000   12
381.60000000000000000000   10
381.70000000000000000000   11
381.80000000000000000000   13
381.90000000000000000000   14
382.00000000000000000000   15
382.10000000000000000000   11
382.20000000000000000000   13
382.30000000000000000000   15
382.40000000000000000000   12
382.50000000000000000000   13
382.60000000000000000000   14
382.70000000000000000000   16
382.80000000000000000000   17
382.90000000000000000000   13
383.00000000000000000000   15
383.10000000000000000000   12
383.20000000000000000000   14
383.30000000000000000000   17
383.40000000000000000000   15
383.50000000000000000000   15
383.60000000000000000000   17
383.70000000000000000000   16
383.80000000000000000000   16
383.90000000000000000000   14
384.00000000000000000000   12
384.10000000000000000000   13
384.20000000000000000000   12
384.30000000000000000000   15
384.40000000000000000000   14
384.50000000000000000000   13
384.60000000000000000000   13
384.70000000000000000000   14
384.80000000000000000000   14
384.90000000000000000000   15
385.00000000000000000000   14
385.10000000000000000000   12
385.20000000000000000000   11
385.30000000000000000000   14
385.40000000000000000000   12
385.50000000000000000000   14
385.60000000000000000000   12
385.70000000000000000000   12
385.80000000000000000000   14
385.90000000000000000000   12
386.00000000000000000000   13
386.10000000000000000000   18
386.20000000000000000000   14
386.30000000000000000000   17
386.40000000000000000000   14
386.50000000000000000000   10
386.60000000000000000000   10
386.70000000000000000000   12
386.80000000000000000000   10
386.90000000000000000000   11
387.00000000000000000000   11
387.10000000000000000000   11
387.20000000000000000000   11
387.30000000000000000000   11
387.40000000000000000000   13
387.50000000000000000000   14
387.60000000000000000000   9
387.70000000000000000000   12
387.80000000000000000000   11
387.90000000000000000000   9
388.00000000000000000000   9
388.10000000000000000000   9
388.20000000000000000000   12
388.30000000000000000000   11
388.40000000000000000000   11
388.50000000000000000000   8
388.60000000000000000000   11
388.70000000000000000000   14
388.80000000000000000000   11
388.90000000000000000000   13
389.00000000000000000000   12
389.10000000000000000000   10
389.20000000000000000000   12
389.30000000000000000000   11
389.40000000000000000000   14
389.50000000000000000000   14
389.60000000000000000000   13
389.70000000000000000000   15
389.80000000000000000000   12
389.90000000000000000000   10
390.00000000000000000000   16
390.10000000000000000000   12
390.20000000000000000000   13
390.30000000000000000000   15
390.40000000000000000000   14
390.50000000000000000000   15
390.60000000000000000000   17
390.70000000000000000000   18
390.80000000000000000000   19
390.90000000000000000000   15
391.00000000000000000000   14
391.10000000000000000000   14
391.20000000000000000000   16
391.30000000000000000000   11
391.40000000000000000000   15
391.50000000000000000000   14
391.60000000000000000000   14
391.70000000000000000000   17
391.80000000000000000000   16
391.90000000000000000000   13
392.00000000000000000000   14
392.10000000000000000000   19
392.20000000000000000000   15
392.30000000000000000000   11
392.40000000000000000000   15
392.50000000000000000000   11
392.60000000000000000000   15
392.70000000000000000000   12
392.80000000000000000000   14
392.90000000000000000000   16
393.00000000000000000000   20
393.10000000000000000000   18
393.20000000000000000000   20
393.30000000000000000000   20
393.40000000000000000000   21
393.50000000000000000000   22
393.60000000000000000000   25
393.70000000000000000000   25
393.80000000000000000000   22
393.90000000000000000000   28
394.00000000000000000000   20
394.10000000000000000000   21
394.20000000000000000000   20
394.30000000000000000000   19
394.40000000000000000000   19
394.50000000000000000000   18
394.60000000000000000000   12
394.70000000000000000000   16
394.80000000000000000000   20
394.90000000000000000000   19
395.00000000000000000000   18
395.10000000000000000000   16
395.20000000000000000000   23
395.30000000000000000000   19
395.40000000000000000000   18
395.50000000000000000000   17
395.60000000000000000000   20
395.70000000000000000000   19
395.80000000000000000000   15
395.90000000000000000000   18
396.00000000000000000000   16
396.10000000000000000000   17
396.20000000000000000000   15
396.30000000000000000000   14
396.40000000000000000000   17
396.50000000000000000000   16
396.60000000000000000000   16
396.70000000000000000000   15
396.80000000000000000000   13
396.90000000000000000000   18
397.00000000000000000000   20
397.10000000000000000000   16
397.20000000000000000000   16
397.30000000000000000000   15
397.40000000000000000000   14
397.50000000000000000000   14
397.60000000000000000000   18
397.70000000000000000000   15
397.80000000000000000000   15
397.90000000000000000000   16
398.00000000000000000000   18
398.10000000000000000000   16
398.20000000000000000000   13
398.30000000000000000000   14
398.40000000000000000000   17
398.50000000000000000000   16
398.60000000000000000000   16
398.70000000000000000000   16
398.80000000000000000000   12
398.90000000000000000000   12
399.00000000000000000000   12
399.10000000000000000000   12
399.20000000000000000000   12
399.30000000000000000000   12
399.40000000000000000000   12
399.50000000000000000000   12
399.60000000000000000000   12
399.70000000000000000000   12
