200.00000000000000000000   14
200.10000000000000000000   11
200.20000000000000000000   15
200.30000000000000000000   17
200.40000000000000000000   13
200.50000000000000000000   13
200.60000000000000000000   13
200.70000000000000000000   19
200.80000000000000000000   19
200.90000000000000000000   20
201.00000000000000000000   16
201.10000000000000000000   16
201.20000000000000000000   17
201.30000000000000000000   17
201.40000000000000000000   14
201.50000000000000000000   16
201.60000000000000000000   17
201.70000000000000000000   16
201.80000000000000000000   15
201.90000000000000000000   16
202.00000000000000000000   17
202.10000000000000000000   15
202.20000000000000000000   18
202.30000000000000000000   18
202.40000000000000000000   23
202.50000000000000000000   19
202.60000000000000000000   19
202.70000000000000000000   18
202.80000000000000000000   21
202.90000000000000000000   19
203.00000000000000000000   19
203.10000000000000000000   18
203.20000000000000000000   18
203.30000000000000000000   21
203.40000000000000000000   21
203.50000000000000000000   19
203.60000000000000000000   20
203.70000000000000000000   20
203.80000000000000000000   20
203.90000000000000000000   19
204.00000000000000000000   22
204.10000000000000000000   24
204.20000000000000000000   19
204.30000000000000000000   20
204.40000000000000000000   20
204.50000000000000000000   21
204.60000000000000000000   19
204.70000000000000000000   22
204.80000000000000000000   23
204.90000000000000000000   20
205.00000000000000000000   20
205.10000000000000000000   22
205.20000000000000000000   23
205.30000000000000000000   21
205.40000000000000000000   20
205.50000000000000000000   20
205.60000000000000000000   19
205.70000000000000000000   21
205.80000000000000000000   21
205.90000000000000000000   22
206.00000000000000000000   23
206.10000000000000000000   24
206.20000000000000000000   20
206.30000000000000000000   21
206.40000000000000000000   22
206.50000000000000000000   21
206.60000000000000000000   22
206.70000000000000000000   22
206.80000000000000000000   21
206.90000000000000000000   21
207.00000000000000000000   26
207.10000000000000000000   22
207.20000000000000000000   22
207.30000000000000000000   18
207.40000000000000000000   20
207.50000000000000000000   20
207.60000000000000000000   21
207.70000000000000000000   21
207.80000000000000000000   18
207.90000000000000000000   17
208.00000000000000000000   17
208.10000000000000000000   18
208.20000000000000000000   15
208.30000000000000000000   18
208.40000000000000000000   18
208.50000000000000000000   20
208.60000000000000000000   20
208.70000000000000000000   17
208.80000000000000000000   21
208.90000000000000000000   21
209.00000000000000000000   20
209.10000000000000000000   19
209.20000000000000000000   20
209.30000000000000000000   20
209.40000000000000000000   20
209.50000000000000000000   20
209.60000000000000000000   22
209.70000000000000000000   21
209.80000000000000000000   21
209.90000000000000000000   14
210.00000000000000000000   16
210.10000000000000000000   15
210.20000000000000000000   20
210.30000000000000000000   18
210.40000000000000000000   20
210.50000000000000000000   19
210.60000000000000000000   23
210.70000000000000000000   22
210.80000000000000000000   24
210.90000000000000000000   20
211.00000000000000000000   23
211.10000000000000000000   23
211.20000000000000000000   20
211.30000000000000000000   18
211.40000000000000000000   20
211.50000000000000000000   20
211.60000000000000000000   20
211.70000000000000000000   19
211.80000000000000000000   19
211.90000000000000000000   19
212.00000000000000000000   22
212.10000000000000000000   21
212.20000000000000000000   21
212.30000000000000000000   18
212.40000000000000000000   22
212.50000000000000000000   20
212.60000000000000000000   19
212.70000000000000000000   22
212.80000000000000000000   21
212.90000000000000000000   21
213.00000000000000000000   16
213.10000000000000000000   19
213.20000000000000000000   17
213.30000000000000000000   20
213.40000000000000000000   18
213.50000000000000000000   20
213.60000000000000000000   20
213.70000000000000000000   23
213.80000000000000000000   19
213.90000000000000000000   21
214.00000000000000000000   23
214.10000000000000000000   23
214.20000000000000000000   23
214.30000000000000000000   24
214.40000000000000000000   23
214.50000000000000000000   21
214.60000000000000000000   16
214.70000000000000000000   23
214.80000000000000000000   20
214.90000000000000000000   22
215.00000000000000000000   24
215.10000000000000000000   24
215.20000000000000000000   23
215.30000000000000000000   23
215.40000000000000000000   14
215.50000000000000000000   11
215.60000000000000000000   8
215.70000000000000000000   6
215.80000000000000000000   9
215.90000000000000000000   10
216.00000000000000000000   8
216.10000000000000000000   10
216.20000000000000000000   9
216.30000000000000000000   11
216.40000000000000000000   12
216.50000000000000000000   13
216.60000000000000000000   14
216.70000000000000000000   10
216.80000000000000000000   14
216.90000000000000000000   12
217.00000000000000000000   14
217.10000000000000000000   14
217.20000000000000000000   10
217.30000000000000000000   14
217.40000000000000000000   13
217.50000000000000000000   15
217.60000000000000000000   16
217.70000000000000000000   15
217.80000000000000000000   15
217.90000000000000000000   14
218.00000000000000000000   11
218.10000000000000000000   16
218.20000000000000000000   15
218.30000000000000000000   15
218.40000000000000000000   11
218.50000000000000000000   10
218.60000000000000000000   13
218.70000000000000000000   10
218.80000000000000000000   9
218.90000000000000000000   9
219.00000000000000000000   11
219.10000000000000000000   14
219.20000000000000000000   10
219.30000000000000000000   12
219.40000000000000000000   10
219.50000000000000000000   10
219.60000000000000000000   12
219.70000000000000000000   11
219.80000000000000000000   9
219.90000000000000000000   10
220.00000000000000000000   8
220.10000000000000000000   10
220.20000000000000000000   12
220.30000000000000000000   11
220.40000000000000000000   14
220.50000000000000000000   15
220.60000000000000000000   14
220.70000000000000000000   12
220.80000000000000000000   11
220.90000000000000000000   19
221.00000000000000000000   15
221.10000000000000000000   16
221.20000000000000000000   15
221.30000000000000000000   16
221.40000000000000000000   16
221.50000000000000000000   15
221.60000000000000000000   16
221.70000000000000000000   13
221.80000000000000000000   15
221.90000000000000000000   18
222.00000000000000000000   11
222.10000000000000000000   16
222.20000000000000000000   15
222.30000000000000000000   13
222.40000000000000000000   17
222.50000000000000000000   15
222.60000000000000000000   18
222.70000000000000000000   15
222.80000000000000000000   17
222.90000000000000000000   16
223.00000000000000000000   14
223.10000000000000000000   18
223.20000000000000000000   16
223.30000000000000000000   14
223.40000000000000000000   17
223.50000000000000000000   20
223.60000000000000000000   13
223.70000000000000000000   15
223.80000000000000000000   16
223.90000000000000000000   17
224.00000000000000000000   17
224.10000000000000000000   21
224.20000000000000000000   17
224.30000000000000000000   16
224.40000000000000000000   15
224.50000000000000000000   14
224.60000000000000000000   15
224.70000000000000000000   21
224.80000000000000000000   15
224.90000000000000000000   21
225.00000000000000000000   16
225.10000000000000000000   17
225.20000000000000000000   15
225.30000000000000000000   14
225.40000000000000000000   15
225.50000000000000000000   19
225.60000000000000000000   17
225.70000000000000000000   14
225.80000000000000000000   15
225.90000000000000000000   16
226.00000000000000000000   12
226.10000000000000000000   15
226.20000000000000000000   15
226.30000000000000000000   14
226.40000000000000000000   16
226.50000000000000000000   16
226.60000000000000000000   14
226.70000000000000000000   12
226.80000000000000000000   13
226.90000000000000000000   15
227.00000000000000000000   18
227.10000000000000000000   20
227.20000000000000000000   22
227.30000000000000000000   21
227.40000000000000000000   20
227.50000000000000000000   22
227.60000000000000000000   23
227.70000000000000000000   23
227.80000000000000000000   23
227.90000000000000000000   22
228.00000000000000000000   19
228.10000000000000000000   20
228.20000000000000000000   21
228.30000000000000000000   20
228.40000000000000000000   22
228.50000000000000000000   23
228.60000000000000000000   24
228.70000000000000000000   22
228.80000000000000000000   22
228.90000000000000000000   22
229.00000000000000000000   20
229.10000000000000000000   22
229.20000000000000000000   23
229.30000000000000000000   22
229.40000000000000000000   22
229.50000000000000000000   22
229.60000000000000000000   18
229.70000000000000000000   22
229.80000000000000000000   22
229.90000000000000000000   23
230.00000000000000000000   23
230.10000000000000000000   21
230.20000000000000000000   20
230.30000000000000000000   22
230.40000000000000000000   22
230.50000000000000000000   18
230.60000000000000000000   21
230.70000000000000000000   18
230.80000000000000000000   21
230.90000000000000000000   17
231.00000000000000000000   22
231.10000000000000000000   22
231.20000000000000000000   19
231.30000000000000000000   21
231.40000000000000000000   20
231.50000000000000000000   19
231.60000000000000000000   20
231.70000000000000000000   18
231.80000000000000000000   23
231.90000000000000000000   24
232.00000000000000000000   23
232.10000000000000000000   22
232.20000000000000000000   21
232.30000000000000000000   23
232.40000000000000000000   20
232.50000000000000000000   18
232.60000000000000000000   19
232.70000000000000000000   22
232.80000000000000000000   23
232.90000000000000000000   27
233.00000000000000000000   24
233.10000000000000000000   23
233.20000000000000000000   20
233.30000000000000000000   19
233.40000000000000000000   21
233.50000000000000000000   17
233.60000000000000000000   21
233.70000000000000000000   18
233.80000000000000000000   17
233.90000000000000000000   18
234.00000000000000000000   22
234.10000000000000000000   17
234.20000000000000000000   17
234.30000000000000000000   18
234.40000000000000000000   20
234.50000000000000000000   22
234.60000000000000000000   19
234.70000000000000000000   19
234.80000000000000000000   21
234.90000000000000000000   19
235.00000000000000000000   19
235.10000000000000000000   24
235.20000000000000000000   19
235.30000000000000000000   20
235.40000000000000000000   18
235.50000000000000000000   15
235.60000000000000000000   21
235.70000000000000000000   21
235.80000000000000000000   22
235.90000000000000000000   20
236.00000000000000000000   22
236.10000000000000000000   23
236.20000000000000000000   21
236.30000000000000000000   20
236.40000000000000000000   21
236.50000000000000000000   20
236.60000000000000000000   23
236.70000000000000000000   20
236.80000000000000000000   22
236.90000000000000000000   19
237.00000000000000000000   20
237.10000000000000000000   21
237.20000000000000000000   20
237.30000000000000000000   18
237.40000000000000000000   16
237.50000000000000000000   21
237.60000000000000000000   19
237.70000000000000000000   20
237.80000000000000000000   20
237.90000000000000000000   19
238.00000000000000000000   19
238.10000000000000000000   21
238.20000000000000000000   20
238.30000000000000000000   20
238.40000000000000000000   20
238.50000000000000000000   24
238.60000000000000000000   18
238.70000000000000000000   23
238.80000000000000000000   22
238.90000000000000000000   21
239.00000000000000000000   21
239.10000000000000000000   18
239.20000000000000000000   20
239.30000000000000000000   20
239.40000000000000000000   22
239.50000000000000000000   17
239.60000000000000000000   17
239.70000000000000000000   18
239.80000000000000000000   21
239.90000000000000000000   23
240.00000000000000000000   20
240.10000000000000000000   23
240.20000000000000000000   19
240.30000000000000000000   16
240.40000000000000000000   20
240.50000000000000000000   21
240.60000000000000000000   22
240.70000000000000000000   17
240.80000000000000000000   18
240.90000000000000000000   22
241.00000000000000000000   21
241.10000000000000000000   23
241.20000000000000000000   20
241.30000000000000000000   18
241.40000000000000000000   20
241.50000000000000000000   21
241.60000000000000000000   23
241.70000000000000000000   20
241.80000000000000000000   24
241.90000000000000000000   22
242.00000000000000000000   22
242.10000000000000000000   21
242.20000000000000000000   23
242.30000000000000000000   22
242.40000000000000000000   19
242.50000000000000000000   23
242.60000000000000000000   22
242.70000000000000000000   24
242.80000000000000000000   22
242.90000000000000000000   22
243.00000000000000000000   23
243.10000000000000000000   23
243.20000000000000000000   22
243.30000000000000000000   22
243.40000000000000000000   21
243.50000000000000000000   23
243.60000000000000000000   23
243.70000000000000000000   25
243.80000000000000000000   23
243.90000000000000000000   19
244.00000000000000000000   24
244.10000000000000000000   22
244.20000000000000000000   22
244.30000000000000000000   19
244.40000000000000000000   20
244.50000000000000000000   19
244.60000000000000000000   23
244.70000000000000000000   22
244.80000000000000000000   24
244.90000000000000000000   24
245.00000000000000000000   21
245.10000000000000000000   19
245.20000000000000000000   19
245.30000000000000000000   20
245.40000000000000000000   21
245.50000000000000000000   18
245.60000000000000000000   19
245.70000000000000000000   21
245.80000000000000000000   21
245.90000000000000000000   22
246.00000000000000000000   20
246.10000000000000000000   22
246.20000000000000000000   19
246.30000000000000000000   23
246.40000000000000000000   20
246.50000000000000000000   22
246.60000000000000000000   20
246.70000000000000000000   21
246.80000000000000000000   21
246.90000000000000000000   23
247.00000000000000000000   27
247.10000000000000000000   28
247.20000000000000000000   24
247.30000000000000000000   22
247.40000000000000000000   23
247.50000000000000000000   22
247.60000000000000000000   19
247.70000000000000000000   21
247.80000000000000000000   21
247.90000000000000000000   21
248.00000000000000000000   21
248.10000000000000000000   19
248.20000000000000000000   23
248.30000000000000000000   17
248.40000000000000000000   18
248.50000000000000000000   18
248.60000000000000000000   16
248.70000000000000000000   22
248.80000000000000000000   18
248.90000000000000000000   22
249.00000000000000000000   22
249.10000000000000000000   22
249.20000000000000000000   23
249.30000000000000000000   25
249.40000000000000000000   25
249.50000000000000000000   18
249.60000000000000000000   16
249.70000000000000000000   16
249.80000000000000000000   15
249.90000000000000000000   20
250.00000000000000000000   16
250.10000000000000000000   16
250.20000000000000000000   16
250.30000000000000000000   14
250.40000000000000000000   18
250.50000000000000000000   14
250.60000000000000000000   14
250.70000000000000000000   15
250.80000000000000000000   15
250.90000000000000000000   13
251.00000000000000000000   14
251.10000000000000000000   16
251.20000000000000000000   13
251.30000000000000000000   15
251.40000000000000000000   18
251.50000000000000000000   19
251.60000000000000000000   21
251.70000000000000000000   16
251.80000000000000000000   16
251.90000000000000000000   17
252.00000000000000000000   16
252.10000000000000000000   18
252.20000000000000000000   18
252.30000000000000000000   17
252.40000000000000000000   16
252.50000000000000000000   14
252.60000000000000000000   16
252.70000000000000000000   18
252.80000000000000000000   16
252.90000000000000000000   17
253.00000000000000000000   16
253.10000000000000000000   17
253.20000000000000000000   17
253.30000000000000000000   20
253.40000000000000000000   17
253.50000000000000000000   20
253.60000000000000000000   18
253.70000000000000000000   17
253.80000000000000000000   17
253.90000000000000000000   15
254.00000000000000000000   17
254.10000000000000000000   18
254.20000000000000000000   17
254.30000000000000000000   18
254.40000000000000000000   17
254.50000000000000000000   19
254.60000000000000000000   17
254.70000000000000000000   17
254.80000000000000000000   16
254.90000000000000000000   18
255.00000000000000000000   15
255.10000000000000000000   19
255.20000000000000000000   14
255.30000000000000000000   18
255.40000000000000000000   21
255.50000000000000000000   21
255.60000000000000000000   21
255.70000000000000000000   23
255.80000000000000000000   22
255.90000000000000000000   25
256.00000000000000000000   24
256.10000000000000000000   23
256.20000000000000000000   24
256.30000000000000000000   24
256.40000000000000000000   23
256.50000000000000000000   23
256.60000000000000000000   22
256.70000000000000000000   22
256.80000000000000000000   22
256.90000000000000000000   21
257.00000000000000000000   22
257.10000000000000000000   22
257.20000000000000000000   24
257.30000000000000000000   21
257.40000000000000000000   20
257.50000000000000000000   21
257.60000000000000000000   19
257.70000000000000000000   20
257.80000000000000000000   15
257.90000000000000000000   15
258.00000000000000000000   15
258.10000000000000000000   17
258.20000000000000000000   22
258.30000000000000000000   22
258.40000000000000000000   22
258.50000000000000000000   21
258.60000000000000000000   21
258.70000000000000000000   21
258.80000000000000000000   20
258.90000000000000000000   20
259.00000000000000000000   21
259.10000000000000000000   18
259.20000000000000000000   17
259.30000000000000000000   17
259.40000000000000000000   20
259.50000000000000000000   17
259.60000000000000000000   18
259.70000000000000000000   20
259.80000000000000000000   20
259.90000000000000000000   17
260.00000000000000000000   19
260.10000000000000000000   19
260.20000000000000000000   17
260.30000000000000000000   11
260.40000000000000000000   20
260.50000000000000000000   21
260.60000000000000000000   17
260.70000000000000000000   17
260.80000000000000000000   18
260.90000000000000000000   20
261.00000000000000000000   24
261.10000000000000000000   20
261.20000000000000000000   21
261.30000000000000000000   19
261.40000000000000000000   22
261.50000000000000000000   21
261.60000000000000000000   20
261.70000000000000000000   21
261.80000000000000000000   20
261.90000000000000000000   18
262.00000000000000000000   16
262.10000000000000000000   19
262.20000000000000000000   18
262.30000000000000000000   20
262.40000000000000000000   20
262.50000000000000000000   20
262.60000000000000000000   20
262.70000000000000000000   18
262.80000000000000000000   16
262.90000000000000000000   18
263.00000000000000000000   18
263.10000000000000000000   21
263.20000000000000000000   21
263.30000000000000000000   20
263.40000000000000000000   20
263.50000000000000000000   22
263.60000000000000000000   21
263.70000000000000000000   23
263.80000000000000000000   21
263.90000000000000000000   18
264.00000000000000000000   24
264.10000000000000000000   21
264.20000000000000000000   19
264.30000000000000000000   22
264.40000000000000000000   24
264.50000000000000000000   23
264.60000000000000000000   22
264.70000000000000000000   26
264.80000000000000000000   21
264.90000000000000000000   20
265.00000000000000000000   22
265.10000000000000000000   20
265.20000000000000000000   20
265.30000000000000000000   21
265.40000000000000000000   20
265.50000000000000000000   20
265.60000000000000000000   22
265.70000000000000000000   20
265.80000000000000000000   22
265.90000000000000000000   20
266.00000000000000000000   22
266.10000000000000000000   22
266.20000000000000000000   18
266.30000000000000000000   22
266.40000000000000000000   23
266.50000000000000000000   22
266.60000000000000000000   22
266.70000000000000000000   19
266.80000000000000000000   23
266.90000000000000000000   21
267.00000000000000000000   17
267.10000000000000000000   20
267.20000000000000000000   21
267.30000000000000000000   19
267.40000000000000000000   22
267.50000000000000000000   19
267.60000000000000000000   18
267.70000000000000000000   18
267.80000000000000000000   18
267.90000000000000000000   18
268.00000000000000000000   18
268.10000000000000000000   18
268.20000000000000000000   18
268.30000000000000000000   21
268.40000000000000000000   23
268.50000000000000000000   22
268.60000000000000000000   23
268.70000000000000000000   22
268.80000000000000000000   22
268.90000000000000000000   21
269.00000000000000000000   22
269.10000000000000000000   23
269.20000000000000000000   21
269.30000000000000000000   21
269.40000000000000000000   17
269.50000000000000000000   18
269.60000000000000000000   22
269.70000000000000000000   21
269.80000000000000000000   17
269.90000000000000000000   15
270.00000000000000000000   13
270.10000000000000000000   11
270.20000000000000000000   17
270.30000000000000000000   22
270.40000000000000000000   14
270.50000000000000000000   14
270.60000000000000000000   11
270.70000000000000000000   14
270.80000000000000000000   12
270.90000000000000000000   16
271.00000000000000000000   17
271.10000000000000000000   17
271.20000000000000000000   20
271.30000000000000000000   21
271.40000000000000000000   18
271.50000000000000000000   18
271.60000000000000000000   12
271.70000000000000000000   17
271.80000000000000000000   17
271.90000000000000000000   21
272.00000000000000000000   20
272.10000000000000000000   19
272.20000000000000000000   15
272.30000000000000000000   19
272.40000000000000000000   17
272.50000000000000000000   16
272.60000000000000000000   21
272.70000000000000000000   10
272.80000000000000000000   13
272.90000000000000000000   12
273.00000000000000000000   12
273.10000000000000000000   13
273.20000000000000000000   17
273.30000000000000000000   17
273.40000000000000000000   15
273.50000000000000000000   13
273.60000000000000000000   14
273.70000000000000000000   15
273.80000000000000000000   13
273.90000000000000000000   12
274.00000000000000000000   13
274.10000000000000000000   15
274.20000000000000000000   14
274.30000000000000000000   17
274.40000000000000000000   13
274.50000000000000000000   14
274.60000000000000000000   10
274.70000000000000000000   12
274.80000000000000000000   13
274.90000000000000000000   19
275.00000000000000000000   18
275.10000000000000000000   19
275.20000000000000000000   17
275.30000000000000000000   18
275.40000000000000000000   19
275.50000000000000000000   18
275.60000000000000000000   20
275.70000000000000000000   19
275.80000000000000000000   17
275.90000000000000000000   14
276.00000000000000000000   19
276.10000000000000000000   18
276.20000000000000000000   16
276.30000000000000000000   15
276.40000000000000000000   17
276.50000000000000000000   18
276.60000000000000000000   18
276.70000000000000000000   16
276.80000000000000000000   11
276.90000000000000000000   15
277.00000000000000000000   16
277.10000000000000000000   12
277.20000000000000000000   14
277.30000000000000000000   14
277.40000000000000000000   14
277.50000000000000000000   16
277.60000000000000000000   14
277.70000000000000000000   17
277.80000000000000000000   17
277.90000000000000000000   17
278.00000000000000000000   20
278.10000000000000000000   20
278.20000000000000000000   19
278.30000000000000000000   16
278.40000000000000000000   15
278.50000000000000000000   16
278.60000000000000000000   17
278.70000000000000000000   14
278.80000000000000000000   17
278.90000000000000000000   15
279.00000000000000000000   15
279.10000000000000000000   21
279.20000000000000000000   20
279.30000000000000000000   24
279.40000000000000000000   22
279.50000000000000000000   22
279.60000000000000000000   16
279.70000000000000000000   18
279.80000000000000000000   19
279.90000000000000000000   15
280.00000000000000000000   14
280.10000000000000000000   17
280.20000000000000000000   14
280.30000000000000000000   17
280.40000000000000000000   16
280.50000000000000000000   15
280.60000000000000000000   14
280.70000000000000000000   17
280.80000000000000000000   15
280.90000000000000000000   14
281.00000000000000000000   15
281.10000000000000000000   18
281.20000000000000000000   15
281.30000000000000000000   15
281.40000000000000000000   18
281.50000000000000000000   16
281.60000000000000000000   13
281.70000000000000000000   15
281.80000000000000000000   13
281.90000000000000000000   16
282.00000000000000000000   13
282.10000000000000000000   15
282.20000000000000000000   13
282.30000000000000000000   14
282.40000000000000000000   14
282.50000000000000000000   15
282.60000000000000000000   13
282.70000000000000000000   17
282.80000000000000000000   17
282.90000000000000000000   13
283.00000000000000000000   16
283.10000000000000000000   19
283.20000000000000000000   14
283.30000000000000000000   13
283.40000000000000000000   14
283.50000000000000000000   10
283.60000000000000000000   16
283.70000000000000000000   19
283.80000000000000000000   12
283.90000000000000000000   12
284.00000000000000000000   14
284.10000000000000000000   19
284.20000000000000000000   21
284.30000000000000000000   20
284.40000000000000000000   13
284.50000000000000000000   18
284.60000000000000000000   15
284.70000000000000000000   19
284.80000000000000000000   19
284.90000000000000000000   19
285.00000000000000000000   19
285.10000000000000000000   18
285.20000000000000000000   19
285.30000000000000000000   17
285.40000000000000000000   15
285.50000000000000000000   18
285.60000000000000000000   17
285.70000000000000000000   18
285.80000000000000000000   19
285.90000000000000000000   11
286.00000000000000000000   15
286.10000000000000000000   16
286.20000000000000000000   16
286.30000000000000000000   11
286.40000000000000000000   10
286.50000000000000000000   12
286.60000000000000000000   9
286.70000000000000000000   12
286.80000000000000000000   12
286.90000000000000000000   16
287.00000000000000000000   12
287.10000000000000000000   14
287.20000000000000000000   16
287.30000000000000000000   15
287.40000000000000000000   9
287.50000000000000000000   14
287.60000000000000000000   17
287.70000000000000000000   11
287.80000000000000000000   17
287.90000000000000000000   14
288.00000000000000000000   13
288.10000000000000000000   14
288.20000000000000000000   13
288.30000000000000000000   16
288.40000000000000000000   18
288.50000000000000000000   20
288.60000000000000000000   16
288.70000000000000000000   17
288.80000000000000000000   17
288.90000000000000000000   16
289.00000000000000000000   19
289.10000000000000000000   20
289.20000000000000000000   20
289.30000000000000000000   18
289.40000000000000000000   19
289.50000000000000000000   19
289.60000000000000000000   20
289.70000000000000000000   21
289.80000000000000000000   19
289.90000000000000000000   19
290.00000000000000000000   20
290.10000000000000000000   17
290.20000000000000000000   18
290.30000000000000000000   19
290.40000000000000000000   15
290.50000000000000000000   16
290.60000000000000000000   17
290.70000000000000000000   17
290.80000000000000000000   18
290.90000000000000000000   16
291.00000000000000000000   14
291.10000000000000000000   15
291.20000000000000000000   14
291.30000000000000000000   13
291.40000000000000000000   11
291.50000000000000000000   15
291.60000000000000000000   16
291.70000000000000000000   15
291.80000000000000000000   15
291.90000000000000000000   14
292.00000000000000000000   15
292.10000000000000000000   17
292.20000000000000000000   17
292.30000000000000000000   12
292.40000000000000000000   17
292.50000000000000000000   14
292.60000000000000000000   15
292.70000000000000000000   19
292.80000000000000000000   19
292.90000000000000000000   18
293.00000000000000000000   19
293.10000000000000000000   16
293.20000000000000000000   18
293.30000000000000000000   19
293.40000000000000000000   20
293.50000000000000000000   21
293.60000000000000000000   20
293.70000000000000000000   20
293.80000000000000000000   19
293.90000000000000000000   17
294.00000000000000000000   15
294.10000000000000000000   18
294.20000000000000000000   17
294.30000000000000000000   20
294.40000000000000000000   19
294.50000000000000000000   19
294.60000000000000000000   17
294.70000000000000000000   16
294.80000000000000000000   19
294.90000000000000000000   17
295.00000000000000000000   18
295.10000000000000000000   19
295.20000000000000000000   20
295.30000000000000000000   21
295.40000000000000000000   18
295.50000000000000000000   16
295.60000000000000000000   16
295.70000000000000000000   17
295.80000000000000000000   17
295.90000000000000000000   17
296.00000000000000000000   17
296.10000000000000000000   16
296.20000000000000000000   19
296.30000000000000000000   20
296.40000000000000000000   15
296.50000000000000000000   14
296.60000000000000000000   17
296.70000000000000000000   18
296.80000000000000000000   16
296.90000000000000000000   11
297.00000000000000000000   13
297.10000000000000000000   14
297.20000000000000000000   12
297.30000000000000000000   13
297.40000000000000000000   12
297.50000000000000000000   10
297.60000000000000000000   15
297.70000000000000000000   10
297.80000000000000000000   12
297.90000000000000000000   14
298.00000000000000000000   16
298.10000000000000000000   14
298.20000000000000000000   14
298.30000000000000000000   15
298.40000000000000000000   15
298.50000000000000000000   16
298.60000000000000000000   14
298.70000000000000000000   18
298.80000000000000000000   16
298.90000000000000000000   16
299.00000000000000000000   19
299.10000000000000000000   12
299.20000000000000000000   13
299.30000000000000000000   12
299.40000000000000000000   14
299.50000000000000000000   14
299.60000000000000000000   10
299.70000000000000000000   12
299.80000000000000000000   12
299.90000000000000000000   11
300.00000000000000000000   13
300.10000000000000000000   13
300.20000000000000000000   11
300.30000000000000000000   10
300.40000000000000000000   9
300.50000000000000000000   13
300.60000000000000000000   11
300.70000000000000000000   12
300.80000000000000000000   11
300.90000000000000000000   14
301.00000000000000000000   13
301.10000000000000000000   10
301.20000000000000000000   13
301.30000000000000000000   14
301.40000000000000000000   11
301.50000000000000000000   10
301.60000000000000000000   11
301.70000000000000000000   12
301.80000000000000000000   15
301.90000000000000000000   12
302.00000000000000000000   13
302.10000000000000000000   15
302.20000000000000000000   13
302.30000000000000000000   14
302.40000000000000000000   13
302.50000000000000000000   12
302.60000000000000000000   13
302.70000000000000000000   15
302.80000000000000000000   12
302.90000000000000000000   13
303.00000000000000000000   15
303.10000000000000000000   16
303.20000000000000000000   14
303.30000000000000000000   14
303.40000000000000000000   19
303.50000000000000000000   16
303.60000000000000000000   17
303.70000000000000000000   17
303.80000000000000000000   16
303.90000000000000000000   14
304.00000000000000000000   14
304.10000000000000000000   16
304.20000000000000000000   16
304.30000000000000000000   17
304.40000000000000000000   15
304.50000000000000000000   17
304.60000000000000000000   14
304.70000000000000000000   13
304.80000000000000000000   13
304.90000000000000000000   15
305.00000000000000000000   15
305.10000000000000000000   13
305.20000000000000000000   19
305.30000000000000000000   15
305.40000000000000000000   14
305.50000000000000000000   15
305.60000000000000000000   11
305.70000000000000000000   9
305.80000000000000000000   12
305.90000000000000000000   11
306.00000000000000000000   13
306.10000000000000000000   10
306.20000000000000000000   12
306.30000000000000000000   12
306.40000000000000000000   10
306.50000000000000000000   14
306.60000000000000000000   13
306.70000000000000000000   17
306.80000000000000000000   15
306.90000000000000000000   19
307.00000000000000000000   18
307.10000000000000000000   15
307.20000000000000000000   12
307.30000000000000000000   14
307.40000000000000000000   14
307.50000000000000000000   9
307.60000000000000000000   11
307.70000000000000000000   11
307.80000000000000000000   14
307.90000000000000000000   12
308.00000000000000000000   12
308.10000000000000000000   12
308.20000000000000000000   11
308.30000000000000000000   13
308.40000000000000000000   14
308.50000000000000000000   12
308.60000000000000000000   13
308.70000000000000000000   13
308.80000000000000000000   13
308.90000000000000000000   11
309.00000000000000000000   12
309.10000000000000000000   10
309.20000000000000000000   9
309.30000000000000000000   10
309.40000000000000000000   10
309.50000000000000000000   15
309.60000000000000000000   14
309.70000000000000000000   17
309.80000000000000000000   16
309.90000000000000000000   20
310.00000000000000000000   17
310.10000000000000000000   12
310.20000000000000000000   10
310.30000000000000000000   14
310.40000000000000000000   15
310.50000000000000000000   13
310.60000000000000000000   17
310.70000000000000000000   16
310.80000000000000000000   17
310.90000000000000000000   12
311.00000000000000000000   11
311.10000000000000000000   12
311.20000000000000000000   12
311.30000000000000000000   12
311.40000000000000000000   12
311.50000000000000000000   13
311.60000000000000000000   14
311.70000000000000000000   11
311.80000000000000000000   16
311.90000000000000000000   13
312.00000000000000000000   12
312.10000000000000000000   12
312.20000000000000000000   16
312.30000000000000000000   14
312.40000000000000000000   15
312.50000000000000000000   14
312.60000000000000000000   15
312.70000000000000000000   16
312.80000000000000000000   12
312.90000000000000000000   13
313.00000000000000000000   14
313.10000000000000000000   15
313.20000000000000000000   11
313.30000000000000000000   15
313.40000000000000000000   12
313.50000000000000000000   12
313.60000000000000000000   13
313.70000000000000000000   10
313.80000000000000000000   12
313.90000000000000000000   11
314.00000000000000000000   11
314.10000000000000000000   13
314.20000000000000000000   11
314.30000000000000000000   10
314.40000000000000000000   14
314.50000000000000000000   12
314.60000000000000000000   11
314.70000000000000000000   14
314.80000000000000000000   13
314.90000000000000000000   12
315.00000000000000000000   15
315.10000000000000000000   16
315.20000000000000000000   12
315.30000000000000000000   15
315.40000000000000000000   13
315.50000000000000000000   14
315.60000000000000000000   13
315.70000000000000000000   15
315.80000000000000000000   14
315.90000000000000000000   17
316.00000000000000000000   14
316.10000000000000000000   14
316.20000000000000000000   17
316.30000000000000000000   14
316.40000000000000000000   12
316.50000000000000000000   15
316.60000000000000000000   12
316.70000000000000000000   12
316.80000000000000000000   12
316.90000000000000000000   11
317.00000000000000000000   13
317.10000000000000000000   11
317.20000000000000000000   12
317.30000000000000000000   14
317.40000000000000000000   13
317.50000000000000000000   16
317.60000000000000000000   12
317.70000000000000000000   13
317.80000000000000000000   18
317.90000000000000000000   19
318.00000000000000000000   19
318.10000000000000000000   17
318.20000000000000000000   15
318.30000000000000000000   20
318.40000000000000000000   17
318.50000000000000000000   17
318.60000000000000000000   18
318.70000000000000000000   10
318.80000000000000000000   13
318.90000000000000000000   11
319.00000000000000000000   11
319.10000000000000000000   12
319.20000000000000000000   10
319.30000000000000000000   9
319.40000000000000000000   15
319.50000000000000000000   16
319.60000000000000000000   11
319.70000000000000000000   17
319.80000000000000000000   15
319.90000000000000000000   16
320.00000000000000000000   11
320.10000000000000000000   13
320.20000000000000000000   17
320.30000000000000000000   13
320.40000000000000000000   14
320.50000000000000000000   13
320.60000000000000000000   13
320.70000000000000000000   14
320.80000000000000000000   13
320.90000000000000000000   11
321.00000000000000000000   11
321.10000000000000000000   15
321.20000000000000000000   16
321.30000000000000000000   15
321.40000000000000000000   13
321.50000000000000000000   12
321.60000000000000000000   12
321.70000000000000000000   13
321.80000000000000000000   12
321.90000000000000000000   12
322.00000000000000000000   13
322.10000000000000000000   10
322.20000000000000000000   15
322.30000000000000000000   12
322.40000000000000000000   12
322.50000000000000000000   16
322.60000000000000000000   20
322.70000000000000000000   20
322.80000000000000000000   19
322.90000000000000000000   21
323.00000000000000000000   27
323.10000000000000000000   18
323.20000000000000000000   21
323.30000000000000000000   21
323.40000000000000000000   19
323.50000000000000000000   20
323.60000000000000000000   20
323.70000000000000000000   18
323.80000000000000000000   24
323.90000000000000000000   22
324.00000000000000000000   19
324.10000000000000000000   14
324.20000000000000000000   13
324.30000000000000000000   12
324.40000000000000000000   13
324.50000000000000000000   12
324.60000000000000000000   13
324.70000000000000000000   14
324.80000000000000000000   13
324.90000000000000000000   12
325.00000000000000000000   12
325.10000000000000000000   13
325.20000000000000000000   12
325.30000000000000000000   11
325.40000000000000000000   12
325.50000000000000000000   12
325.60000000000000000000   13
325.70000000000000000000   14
325.80000000000000000000   13
325.90000000000000000000   18
326.00000000000000000000   13
326.10000000000000000000   16
326.20000000000000000000   18
326.30000000000000000000   12
326.40000000000000000000   13
326.50000000000000000000   13
326.60000000000000000000   14
326.70000000000000000000   15
326.80000000000000000000   12
326.90000000000000000000   13
327.00000000000000000000   11
327.10000000000000000000   9
327.20000000000000000000   12
327.30000000000000000000   14
327.40000000000000000000   12
327.50000000000000000000   14
327.60000000000000000000   11
327.70000000000000000000   15
327.80000000000000000000   15
327.90000000000000000000   15
328.00000000000000000000   15
328.10000000000000000000   18
328.20000000000000000000   12
328.30000000000000000000   13
328.40000000000000000000   13
328.50000000000000000000   15
328.60000000000000000000   16
328.70000000000000000000   17
328.80000000000000000000   15
328.90000000000000000000   18
329.00000000000000000000   15
329.10000000000000000000   16
329.20000000000000000000   20
329.30000000000000000000   12
329.40000000000000000000   13
329.50000000000000000000   13
329.60000000000000000000   15
329.70000000000000000000   13
329.80000000000000000000   17
329.90000000000000000000   16
330.00000000000000000000   20
330.10000000000000000000   23
330.20000000000000000000   22
330.30000000000000000000   22
330.40000000000000000000   26
330.50000000000000000000   21
330.60000000000000000000   20
330.70000000000000000000   20
330.80000000000000000000   15
330.90000000000000000000   12
331.00000000000000000000   14
331.10000000000000000000   13
331.20000000000000000000   13
331.30000000000000000000   14
331.40000000000000000000   12
331.50000000000000000000   17
331.60000000000000000000   13
331.70000000000000000000   13
331.80000000000000000000   14
331.90000000000000000000   13
332.00000000000000000000   11
332.10000000000000000000   14
332.20000000000000000000   17
332.30000000000000000000   15
332.40000000000000000000   13
332.50000000000000000000   15
332.60000000000000000000   15
332.70000000000000000000   15
332.80000000000000000000   13
332.90000000000000000000   12
333.00000000000000000000   14
333.10000000000000000000   14
333.20000000000000000000   14
333.30000000000000000000   17
333.40000000000000000000   15
333.50000000000000000000   10
333.60000000000000000000   14
333.70000000000000000000   13
333.80000000000000000000   11
333.90000000000000000000   12
334.00000000000000000000   12
334.10000000000000000000   11
334.20000000000000000000   12
334.30000000000000000000   12
334.40000000000000000000   12
334.50000000000000000000   15
334.60000000000000000000   12
334.70000000000000000000   12
334.80000000000000000000   12
334.90000000000000000000   12
335.00000000000000000000   13
335.10000000000000000000   13
335.20000000000000000000   12
335.30000000000000000000   12
335.40000000000000000000   11
335.50000000000000000000   11
335.60000000000000000000   14
335.70000000000000000000   11
335.80000000000000000000   14
335.90000000000000000000   14
336.00000000000000000000   16
336.10000000000000000000   16
336.20000000000000000000   15
336.30000000000000000000   14
336.40000000000000000000   15
336.50000000000000000000   15
336.60000000000000000000   15
336.70000000000000000000   19
336.80000000000000000000   17
336.90000000000000000000   11
337.00000000000000000000   15
337.10000000000000000000   19
337.20000000000000000000   16
337.30000000000000000000   14
337.40000000000000000000   17
337.50000000000000000000   12
337.60000000000000000000   10
337.70000000000000000000   13
337.80000000000000000000   12
337.90000000000000000000   14
338.00000000000000000000   13
338.10000000000000000000   13
338.20000000000000000000   15
338.30000000000000000000   16
338.40000000000000000000   16
338.50000000000000000000   17
338.60000000000000000000   13
338.70000000000000000000   11
338.80000000000000000000   15
338.90000000000000000000   14
339.00000000000000000000   11
339.10000000000000000000   14
339.20000000000000000000   15
339.30000000000000000000   16
339.40000000000000000000   12
339.50000000000000000000   14
339.60000000000000000000   14
339.70000000000000000000   15
339.80000000000000000000   14
339.90000000000000000000   14
340.00000000000000000000   15
340.10000000000000000000   14
340.20000000000000000000   17
340.30000000000000000000   16
340.40000000000000000000   14
340.50000000000000000000   12
340.60000000000000000000   14
340.70000000000000000000   16
340.80000000000000000000   14
340.90000000000000000000   13
341.00000000000000000000   16
341.10000000000000000000   12
341.20000000000000000000   20
341.30000000000000000000   16
341.40000000000000000000   12
341.50000000000000000000   14
341.60000000000000000000   12
341.70000000000000000000   14
341.80000000000000000000   16
341.90000000000000000000   10
342.00000000000000000000   14
342.10000000000000000000   12
342.20000000000000000000   11
342.30000000000000000000   12
342.40000000000000000000   12
342.50000000000000000000   15
342.60000000000000000000   13
342.70000000000000000000   12
342.80000000000000000000   12
342.90000000000000000000   10
343.00000000000000000000   13
343.10000000000000000000   14
343.20000000000000000000   12
343.30000000000000000000   13
343.40000000000000000000   15
343.50000000000000000000   14
343.60000000000000000000   13
343.70000000000000000000   12
343.80000000000000000000   12
343.90000000000000000000   14
344.00000000000000000000   16
344.10000000000000000000   17
344.20000000000000000000   20
344.30000000000000000000   19
344.40000000000000000000   19
344.50000000000000000000   20
344.60000000000000000000   22
344.70000000000000000000   21
344.80000000000000000000   20
344.90000000000000000000   19
345.00000000000000000000   16
345.10000000000000000000   22
345.20000000000000000000   19
345.30000000000000000000   17
345.40000000000000000000   15
345.50000000000000000000   18
345.60000000000000000000   19
345.70000000000000000000   18
345.80000000000000000000   18
345.90000000000000000000   19
346.00000000000000000000   18
346.10000000000000000000   19
346.20000000000000000000   19
346.30000000000000000000   20
346.40000000000000000000   17
346.50000000000000000000   18
346.60000000000000000000   18
346.70000000000000000000   18
346.80000000000000000000   16
346.90000000000000000000   17
347.00000000000000000000   19
347.10000000000000000000   14
347.20000000000000000000   13
347.30000000000000000000   14
347.40000000000000000000   15
347.50000000000000000000   15
347.60000000000000000000   18
347.70000000000000000000   20
347.80000000000000000000   19
347.90000000000000000000   20
348.00000000000000000000   18
348.10000000000000000000   19
348.20000000000000000000   21
348.30000000000000000000   22
348.40000000000000000000   18
348.50000000000000000000   19
348.60000000000000000000   20
348.70000000000000000000   21
348.80000000000000000000   19
348.90000000000000000000   19
349.00000000000000000000   18
349.10000000000000000000   18
349.20000000000000000000   13
349.30000000000000000000   16
349.40000000000000000000   19
349.50000000000000000000   19
349.60000000000000000000   20
349.70000000000000000000   18
349.80000000000000000000   18
349.90000000000000000000   19
350.00000000000000000000   17
350.10000000000000000000   17
350.20000000000000000000   19
350.30000000000000000000   15
350.40000000000000000000   18
350.50000000000000000000   18
350.60000000000000000000   17
350.70000000000000000000   17
350.80000000000000000000   14
350.90000000000000000000   14
351.00000000000000000000   17
351.10000000000000000000   17
351.20000000000000000000   20
351.30000000000000000000   19
351.40000000000000000000   19
351.50000000000000000000   16
351.60000000000000000000   13
351.70000000000000000000   15
351.80000000000000000000   15
351.90000000000000000000   16
352.00000000000000000000   21
352.10000000000000000000   13
352.20000000000000000000   14
352.30000000000000000000   19
352.40000000000000000000   20
352.50000000000000000000   18
352.60000000000000000000   15
352.70000000000000000000   19
352.80000000000000000000   18
352.90000000000000000000   16
353.00000000000000000000   19
353.10000000000000000000   19
353.20000000000000000000   19
353.30000000000000000000   22
353.40000000000000000000   19
353.50000000000000000000   20
353.60000000000000000000   20
353.70000000000000000000   20
353.80000000000000000000   20
353.90000000000000000000   19
354.00000000000000000000   17
354.10000000000000000000   13
354.20000000000000000000   20
354.30000000000000000000   18
354.40000000000000000000   19
354.50000000000000000000   13
354.60000000000000000000   17
354.70000000000000000000   23
354.80000000000000000000   23
354.90000000000000000000   24
355.00000000000000000000   25
355.10000000000000000000   23
355.20000000000000000000   24
355.30000000000000000000   25
355.40000000000000000000   24
355.50000000000000000000   25
355.60000000000000000000   24
355.70000000000000000000   24
355.80000000000000000000   25
355.90000000000000000000   22
356.00000000000000000000   25
356.10000000000000000000   25
356.20000000000000000000   19
356.30000000000000000000   23
356.40000000000000000000   17
356.50000000000000000000   17
356.60000000000000000000   17
356.70000000000000000000   21
356.80000000000000000000   24
356.90000000000000000000   14
357.00000000000000000000   17
357.10000000000000000000   21
357.20000000000000000000   20
357.30000000000000000000   21
357.40000000000000000000   21
357.50000000000000000000   18
357.60000000000000000000   18
357.70000000000000000000   22
357.80000000000000000000   22
357.90000000000000000000   23
358.00000000000000000000   19
358.10000000000000000000   21
358.20000000000000000000   21
358.30000000000000000000   23
358.40000000000000000000   21
358.50000000000000000000   20
358.60000000000000000000   19
358.70000000000000000000   21
358.80000000000000000000   21
358.90000000000000000000   23
359.00000000000000000000   24
359.10000000000000000000   25
359.20000000000000000000   22
359.30000000000000000000   23
359.40000000000000000000   22
359.50000000000000000000   24
359.60000000000000000000   21
359.70000000000000000000   23
359.80000000000000000000   24
359.90000000000000000000   24
360.00000000000000000000   23
360.10000000000000000000   22
360.20000000000000000000   23
360.30000000000000000000   23
360.40000000000000000000   25
360.50000000000000000000   25
360.60000000000000000000   23
360.70000000000000000000   19
360.80000000000000000000   18
360.90000000000000000000   16
361.00000000000000000000   16
361.10000000000000000000   16
361.20000000000000000000   15
361.30000000000000000000   18
361.40000000000000000000   16
361.50000000000000000000   18
361.60000000000000000000   20
361.70000000000000000000   19
361.80000000000000000000   20
361.90000000000000000000   20
362.00000000000000000000   17
362.10000000000000000000   20
362.20000000000000000000   20
362.30000000000000000000   21
362.40000000000000000000   22
362.50000000000000000000   20
362.60000000000000000000   18
362.70000000000000000000   17
362.80000000000000000000   19
362.90000000000000000000   24
363.00000000000000000000   24
363.10000000000000000000   25
363.20000000000000000000   25
363.30000000000000000000   21
363.40000000000000000000   24
363.50000000000000000000   22
363.60000000000000000000   23
363.70000000000000000000   23
363.80000000000000000000   23
363.90000000000000000000   24
364.00000000000000000000   24
364.10000000000000000000   19
364.20000000000000000000   18
364.30000000000000000000   22
364.40000000000000000000   25
364.50000000000000000000   22
364.60000000000000000000   23
364.70000000000000000000   28
364.80000000000000000000   26
364.90000000000000000000   29
365.00000000000000000000   27
365.10000000000000000000   27
365.20000000000000000000   29
365.30000000000000000000   27
365.40000000000000000000   26
365.50000000000000000000   28
365.60000000000000000000   26
365.70000000000000000000   28
365.80000000000000000000   26
365.90000000000000000000   25
366.00000000000000000000   25
366.10000000000000000000   26
366.20000000000000000000   28
366.30000000000000000000   29
366.40000000000000000000   27
366.50000000000000000000   27
366.60000000000000000000   25
366.70000000000000000000   26
366.80000000000000000000   29
366.90000000000000000000   23
367.00000000000000000000   27
367.10000000000000000000   29
367.20000000000000000000   22
367.30000000000000000000   25
367.40000000000000000000   20
367.50000000000000000000   22
367.60000000000000000000   22
367.70000000000000000000   16
367.80000000000000000000   21
367.90000000000000000000   21
368.00000000000000000000   18
368.10000000000000000000   20
368.20000000000000000000   22
368.30000000000000000000   19
368.40000000000000000000   17
368.50000000000000000000   17
368.60000000000000000000   18
368.70000000000000000000   18
368.80000000000000000000   21
368.90000000000000000000   21
369.00000000000000000000   21
369.10000000000000000000   19
369.20000000000000000000   21
369.30000000000000000000   22
369.40000000000000000000   16
369.50000000000000000000   20
369.60000000000000000000   17
369.70000000000000000000   20
369.80000000000000000000   18
369.90000000000000000000   17
370.00000000000000000000   18
370.10000000000000000000   20
370.20000000000000000000   19
370.30000000000000000000   16
370.40000000000000000000   16
370.50000000000000000000   17
370.60000000000000000000   16
370.70000000000000000000   17
370.80000000000000000000   19
370.90000000000000000000   17
371.00000000000000000000   18
371.10000000000000000000   18
371.20000000000000000000   15
371.30000000000000000000   19
371.40000000000000000000   16
371.50000000000000000000   14
371.60000000000000000000   15
371.70000000000000000000   14
371.80000000000000000000   12
371.90000000000000000000   9
372.00000000000000000000   7
372.10000000000000000000   5
372.20000000000000000000   7
372.30000000000000000000   7
372.40000000000000000000   6
372.50000000000000000000   5
372.60000000000000000000   7
372.70000000000000000000   6
372.80000000000000000000   5
372.90000000000000000000   5
373.00000000000000000000   4
373.10000000000000000000   5
373.20000000000000000000   6
373.30000000000000000000   7
373.40000000000000000000   7
373.50000000000000000000   7
373.60000000000000000000   11
373.70000000000000000000   11
373.80000000000000000000   14
373.90000000000000000000   17
374.00000000000000000000   17
374.10000000000000000000   20
374.20000000000000000000   20
374.30000000000000000000   17
374.40000000000000000000   21
374.50000000000000000000   16
374.60000000000000000000   18
374.70000000000000000000   16
374.80000000000000000000   16
374.90000000000000000000   16
375.00000000000000000000   14
375.10000000000000000000   18
375.20000000000000000000   15
375.30000000000000000000   19
375.40000000000000000000   16
375.50000000000000000000   14
375.60000000000000000000   15
375.70000000000000000000   15
375.80000000000000000000   16
375.90000000000000000000   17
376.00000000000000000000   15
376.10000000000000000000   15
376.20000000000000000000   13
376.30000000000000000000   16
376.40000000000000000000   15
376.50000000000000000000   15
376.60000000000000000000   11
376.70000000000000000000   11
376.80000000000000000000   13
376.90000000000000000000   11
377.00000000000000000000   11
377.10000000000000000000   11
377.20000000000000000000   17
377.30000000000000000000   14
377.40000000000000000000   14
377.50000000000000000000   11
377.60000000000000000000   11
377.70000000000000000000   8
377.80000000000000000000   13
377.90000000000000000000   14
378.00000000000000000000   15
378.10000000000000000000   8
378.20000000000000000000   10
378.30000000000000000000   10
378.40000000000000000000   9
378.50000000000000000000   7
378.60000000000000000000   9
378.70000000000000000000   9
378.80000000000000000000   9
378.90000000000000000000   10
379.00000000000000000000   10
379.10000000000000000000   7
379.20000000000000000000   7
379.30000000000000000000   9
379.40000000000000000000   9
379.50000000000000000000   12
379.60000000000000000000   12
379.70000000000000000000   11
379.80000000000000000000   11
379.90000000000000000000   13
380.00000000000000000000   9
380.10000000000000000000   9
380.20000000000000000000   9
380.30000000000000000000   9
380.40000000000000000000   7
380.50000000000000000000   5
380.60000000000000000000   11
380.70000000000000000000   9
380.80000000000000000000   8
380.90000000000000000000   7
381.00000000000000000000   8
381.10000000000000000000   12
381.20000000000000000000   11
381.30000000000000000000   5
381.40000000000000000000   9
381.50000000000000000000   7
381.60000000000000000000   12
381.70000000000000000000   12
381.80000000000000000000   9
381.90000000000000000000   11
382.00000000000000000000   10
382.10000000000000000000   9
382.20000000000000000000   9
382.30000000000000000000   12
382.40000000000000000000   12
382.50000000000000000000   10
382.60000000000000000000   14
382.70000000000000000000   14
382.80000000000000000000   16
382.90000000000000000000   16
383.00000000000000000000   14
383.10000000000000000000   16
383.20000000000000000000   14
383.30000000000000000000   14
383.40000000000000000000   12
383.50000000000000000000   8
383.60000000000000000000   5
383.70000000000000000000   10
383.80000000000000000000   12
383.90000000000000000000   8
384.00000000000000000000   14
384.10000000000000000000   10
384.20000000000000000000   11
384.30000000000000000000   11
384.40000000000000000000   10
384.50000000000000000000   7
384.60000000000000000000   12
384.70000000000000000000   12
384.80000000000000000000   4
384.90000000000000000000   6
385.00000000000000000000   10
385.10000000000000000000   11
385.20000000000000000000   8
385.30000000000000000000   7
385.40000000000000000000   13
385.50000000000000000000   14
385.60000000000000000000   15
385.70000000000000000000   13
385.80000000000000000000   15
385.90000000000000000000   18
386.00000000000000000000   21
386.10000000000000000000   13
386.20000000000000000000   14
386.30000000000000000000   14
386.40000000000000000000   18
386.50000000000000000000   14
386.60000000000000000000   14
386.70000000000000000000   15
386.80000000000000000000   16
386.90000000000000000000   16
387.00000000000000000000   14
387.10000000000000000000   16
387.20000000000000000000   18
387.30000000000000000000   21
387.40000000000000000000   18
387.50000000000000000000   15
387.60000000000000000000   16
387.70000000000000000000   18
387.80000000000000000000   17
387.90000000000000000000   17
388.00000000000000000000   16
388.10000000000000000000   19
388.20000000000000000000   16
388.30000000000000000000   17
388.40000000000000000000   16
388.50000000000000000000   17
388.60000000000000000000   17
388.70000000000000000000   17
388.80000000000000000000   20
388.90000000000000000000   16
389.00000000000000000000   20
389.10000000000000000000   19
389.20000000000000000000   17
389.30000000000000000000   14
389.40000000000000000000   15
389.50000000000000000000   16
389.60000000000000000000   15
389.70000000000000000000   14
389.80000000000000000000   15
389.90000000000000000000   15
390.00000000000000000000   16
390.10000000000000000000   15
390.20000000000000000000   15
390.30000000000000000000   16
390.40000000000000000000   14
390.50000000000000000000   14
390.60000000000000000000   14
390.70000000000000000000   21
390.80000000000000000000   20
390.90000000000000000000   19
391.00000000000000000000   16
391.10000000000000000000   17
391.20000000000000000000   18
391.30000000000000000000   18
391.40000000000000000000   17
391.50000000000000000000   14
391.60000000000000000000   18
391.70000000000000000000   16
391.80000000000000000000   19
391.90000000000000000000   16
392.00000000000000000000   16
392.10000000000000000000   16
392.20000000000000000000   14
392.30000000000000000000   11
392.40000000000000000000   10
392.50000000000000000000   12
392.60000000000000000000   14
392.70000000000000000000   12
392.80000000000000000000   15
392.90000000000000000000   15
393.00000000000000000000   20
393.10000000000000000000   16
393.20000000000000000000   19
393.30000000000000000000   16
393.40000000000000000000   19
393.50000000000000000000   20
393.60000000000000000000   17
393.70000000000000000000   19
393.80000000000000000000   17
393.90000000000000000000   19
394.00000000000000000000   18
394.10000000000000000000   12
394.20000000000000000000   13
394.30000000000000000000   18
394.40000000000000000000   21
394.50000000000000000000   23
394.60000000000000000000   21
394.70000000000000000000   17
394.80000000000000000000   20
394.90000000000000000000   22
395.00000000000000000000   17
395.10000000000000000000   20
395.20000000000000000000   24
395.30000000000000000000   23
395.40000000000000000000   24
395.50000000000000000000   21
395.60000000000000000000   18
395.70000000000000000000   20
395.80000000000000000000   20
395.90000000000000000000   21
396.00000000000000000000   17
396.10000000000000000000   18
396.20000000000000000000   14
396.30000000000000000000   16
396.40000000000000000000   14
396.50000000000000000000   18
396.60000000000000000000   13
396.70000000000000000000   15
396.80000000000000000000   15
396.90000000000000000000   17
397.00000000000000000000   11
397.10000000000000000000   15
397.20000000000000000000   15
397.30000000000000000000   17
397.40000000000000000000   12
397.50000000000000000000   14
397.60000000000000000000   16
397.70000000000000000000   14
397.80000000000000000000   17
397.90000000000000000000   15
398.00000000000000000000   16
398.10000000000000000000   13
398.20000000000000000000   15
398.30000000000000000000   14
398.40000000000000000000   15
398.50000000000000000000   16
398.60000000000000000000   17
398.70000000000000000000   16
398.80000000000000000000   18
398.90000000000000000000   18
399.00000000000000000000   18
399.10000000000000000000   18
399.20000000000000000000   18
399.30000000000000000000   18
399.40000000000000000000   18
399.50000000000000000000   18
399.60000000000000000000   18
399.70000000000000000000   18
