200.00000000000000000000   11
200.10000000000000000000   9
200.20000000000000000000   13
200.30000000000000000000   10
200.40000000000000000000   14
200.50000000000000000000   13
200.60000000000000000000   11
200.70000000000000000000   11
200.80000000000000000000   11
200.90000000000000000000   10
201.00000000000000000000   13
201.10000000000000000000   12
201.20000000000000000000   8
201.30000000000000000000   19
201.40000000000000000000   16
201.50000000000000000000   17
201.60000000000000000000   15
201.70000000000000000000   13
201.80000000000000000000   14
201.90000000000000000000   11
202.00000000000000000000   8
202.10000000000000000000   8
202.20000000000000000000   6
202.30000000000000000000   6
202.40000000000000000000   9
202.50000000000000000000   7
202.60000000000000000000   8
202.70000000000000000000   7
202.80000000000000000000   7
202.90000000000000000000   6
203.00000000000000000000   8
203.10000000000000000000   9
203.20000000000000000000   13
203.30000000000000000000   10
203.40000000000000000000   8
203.50000000000000000000   9
203.60000000000000000000   6
203.70000000000000000000   8
203.80000000000000000000   10
203.90000000000000000000   10
204.00000000000000000000   9
204.10000000000000000000   9
204.20000000000000000000   9
204.30000000000000000000   10
204.40000000000000000000   13
204.50000000000000000000   7
204.60000000000000000000   13
204.70000000000000000000   8
204.80000000000000000000   5
204.90000000000000000000   8
205.00000000000000000000   6
205.10000000000000000000   11
205.20000000000000000000   10
205.30000000000000000000   12
205.40000000000000000000   12
205.50000000000000000000   12
205.60000000000000000000   12
205.70000000000000000000   11
205.80000000000000000000   13
205.90000000000000000000   10
206.00000000000000000000   13
206.10000000000000000000   15
206.20000000000000000000   15
206.30000000000000000000   15
206.40000000000000000000   12
206.50000000000000000000   16
206.60000000000000000000   12
206.70000000000000000000   12
206.80000000000000000000   12
206.90000000000000000000   15
207.00000000000000000000   16
207.10000000000000000000   11
207.20000000000000000000   12
207.30000000000000000000   11
207.40000000000000000000   14
207.50000000000000000000   12
207.60000000000000000000   15
207.70000000000000000000   12
207.80000000000000000000   9
207.90000000000000000000   10
208.00000000000000000000   16
208.10000000000000000000   10
208.20000000000000000000   11
208.30000000000000000000   14
208.40000000000000000000   12
208.50000000000000000000   12
208.60000000000000000000   12
208.70000000000000000000   13
208.80000000000000000000   15
208.90000000000000000000   11
209.00000000000000000000   9
209.10000000000000000000   8
209.20000000000000000000   12
209.30000000000000000000   12
209.40000000000000000000   11
209.50000000000000000000   8
209.60000000000000000000   8
209.70000000000000000000   7
209.80000000000000000000   9
209.90000000000000000000   7
210.00000000000000000000   10
210.10000000000000000000   9
210.20000000000000000000   9
210.30000000000000000000   10
210.40000000000000000000   7
210.50000000000000000000   10
210.60000000000000000000   8
210.70000000000000000000   8
210.80000000000000000000   10
210.90000000000000000000   10
211.00000000000000000000   12
211.10000000000000000000   10
211.20000000000000000000   11
211.30000000000000000000   11
211.40000000000000000000   8
211.50000000000000000000   6
211.60000000000000000000   5
211.70000000000000000000   8
211.80000000000000000000   10
211.90000000000000000000   7
212.00000000000000000000   9
212.10000000000000000000   10
212.20000000000000000000   8
212.30000000000000000000   10
212.40000000000000000000   10
212.50000000000000000000   11
212.60000000000000000000   9
212.70000000000000000000   14
212.80000000000000000000   9
212.90000000000000000000   9
213.00000000000000000000   8
213.10000000000000000000   8
213.20000000000000000000   11
213.30000000000000000000   11
213.40000000000000000000   12
213.50000000000000000000   11
213.60000000000000000000   10
213.70000000000000000000   10
213.80000000000000000000   13
213.90000000000000000000   8
214.00000000000000000000   9
214.10000000000000000000   13
214.20000000000000000000   12
214.30000000000000000000   12
214.40000000000000000000   9
214.50000000000000000000   9
214.60000000000000000000   9
214.70000000000000000000   11
214.80000000000000000000   12
214.90000000000000000000   11
215.00000000000000000000   8
215.10000000000000000000   11
215.20000000000000000000   9
215.30000000000000000000   9
215.40000000000000000000   13
215.50000000000000000000   10
215.60000000000000000000   14
215.70000000000000000000   10
215.80000000000000000000   9
215.90000000000000000000   8
216.00000000000000000000   12
216.10000000000000000000   11
216.20000000000000000000   11
216.30000000000000000000   8
216.40000000000000000000   11
216.50000000000000000000   13
216.60000000000000000000   8
216.70000000000000000000   15
216.80000000000000000000   15
216.90000000000000000000   11
217.00000000000000000000   13
217.10000000000000000000   14
217.20000000000000000000   11
217.30000000000000000000   9
217.40000000000000000000   10
217.50000000000000000000   12
217.60000000000000000000   7
217.70000000000000000000   9
217.80000000000000000000   14
217.90000000000000000000   10
218.00000000000000000000   8
218.10000000000000000000   11
218.20000000000000000000   11
218.30000000000000000000   9
218.40000000000000000000   9
218.50000000000000000000   8
218.60000000000000000000   9
218.70000000000000000000   10
218.80000000000000000000   12
218.90000000000000000000   13
219.00000000000000000000   12
219.10000000000000000000   9
219.20000000000000000000   9
219.30000000000000000000   13
219.40000000000000000000   10
219.50000000000000000000   9
219.60000000000000000000   10
219.70000000000000000000   10
219.80000000000000000000   10
219.90000000000000000000   10
220.00000000000000000000   12
220.10000000000000000000   13
220.20000000000000000000   7
220.30000000000000000000   8
220.40000000000000000000   12
220.50000000000000000000   12
220.60000000000000000000   12
220.70000000000000000000   13
220.80000000000000000000   14
220.90000000000000000000   13
221.00000000000000000000   11
221.10000000000000000000   13
221.20000000000000000000   14
221.30000000000000000000   11
221.40000000000000000000   10
221.50000000000000000000   12
221.60000000000000000000   12
221.70000000000000000000   13
221.80000000000000000000   12
221.90000000000000000000   8
222.00000000000000000000   7
222.10000000000000000000   6
222.20000000000000000000   10
222.30000000000000000000   5
222.40000000000000000000   4
222.50000000000000000000   4
222.60000000000000000000   6
222.70000000000000000000   7
222.80000000000000000000   6
222.90000000000000000000   3
223.00000000000000000000   4
223.10000000000000000000   7
223.20000000000000000000   10
223.30000000000000000000   7
223.40000000000000000000   5
223.50000000000000000000   8
223.60000000000000000000   8
223.70000000000000000000   11
223.80000000000000000000   10
223.90000000000000000000   11
224.00000000000000000000   10
224.10000000000000000000   9
224.20000000000000000000   11
224.30000000000000000000   14
224.40000000000000000000   13
224.50000000000000000000   10
224.60000000000000000000   8
224.70000000000000000000   10
224.80000000000000000000   12
224.90000000000000000000   8
225.00000000000000000000   6
225.10000000000000000000   9
225.20000000000000000000   8
225.30000000000000000000   6
225.40000000000000000000   8
225.50000000000000000000   6
225.60000000000000000000   6
225.70000000000000000000   4
225.80000000000000000000   9
225.90000000000000000000   6
226.00000000000000000000   9
226.10000000000000000000   8
226.20000000000000000000   6
226.30000000000000000000   8
226.40000000000000000000   9
226.50000000000000000000   7
226.60000000000000000000   11
226.70000000000000000000   6
226.80000000000000000000   6
226.90000000000000000000   9
227.00000000000000000000   9
227.10000000000000000000   14
227.20000000000000000000   13
227.30000000000000000000   10
227.40000000000000000000   9
227.50000000000000000000   11
227.60000000000000000000   11
227.70000000000000000000   9
227.80000000000000000000   7
227.90000000000000000000   9
228.00000000000000000000   12
228.10000000000000000000   11
228.20000000000000000000   8
228.30000000000000000000   4
228.40000000000000000000   7
228.50000000000000000000   9
228.60000000000000000000   8
228.70000000000000000000   8
228.80000000000000000000   9
228.90000000000000000000   5
229.00000000000000000000   7
229.10000000000000000000   5
229.20000000000000000000   5
229.30000000000000000000   9
229.40000000000000000000   9
229.50000000000000000000   4
229.60000000000000000000   11
229.70000000000000000000   8
229.80000000000000000000   6
229.90000000000000000000   5
230.00000000000000000000   8
230.10000000000000000000   7
230.20000000000000000000   8
230.30000000000000000000   10
230.40000000000000000000   7
230.50000000000000000000   9
230.60000000000000000000   8
230.70000000000000000000   7
230.80000000000000000000   10
230.90000000000000000000   8
231.00000000000000000000   9
231.10000000000000000000   8
231.20000000000000000000   12
231.30000000000000000000   13
231.40000000000000000000   8
231.50000000000000000000   6
231.60000000000000000000   10
231.70000000000000000000   12
231.80000000000000000000   7
231.90000000000000000000   12
232.00000000000000000000   12
232.10000000000000000000   9
232.20000000000000000000   11
232.30000000000000000000   11
232.40000000000000000000   9
232.50000000000000000000   12
232.60000000000000000000   11
232.70000000000000000000   10
232.80000000000000000000   11
232.90000000000000000000   10
233.00000000000000000000   7
233.10000000000000000000   9
233.20000000000000000000   11
233.30000000000000000000   10
233.40000000000000000000   8
233.50000000000000000000   13
233.60000000000000000000   9
233.70000000000000000000   9
233.80000000000000000000   11
233.90000000000000000000   10
234.00000000000000000000   13
234.10000000000000000000   8
234.20000000000000000000   7
234.30000000000000000000   6
234.40000000000000000000   6
234.50000000000000000000   9
234.60000000000000000000   11
234.70000000000000000000   10
234.80000000000000000000   9
234.90000000000000000000   11
235.00000000000000000000   11
235.10000000000000000000   9
235.20000000000000000000   7
235.30000000000000000000   9
235.40000000000000000000   9
235.50000000000000000000   9
235.60000000000000000000   12
235.70000000000000000000   9
235.80000000000000000000   7
235.90000000000000000000   9
236.00000000000000000000   9
236.10000000000000000000   8
236.20000000000000000000   6
236.30000000000000000000   10
236.40000000000000000000   8
236.50000000000000000000   9
236.60000000000000000000   6
236.70000000000000000000   9
236.80000000000000000000   9
236.90000000000000000000   9
237.00000000000000000000   11
237.10000000000000000000   9
237.20000000000000000000   9
237.30000000000000000000   10
237.40000000000000000000   9
237.50000000000000000000   8
237.60000000000000000000   9
237.70000000000000000000   11
237.80000000000000000000   11
237.90000000000000000000   9
238.00000000000000000000   9
238.10000000000000000000   9
238.20000000000000000000   8
238.30000000000000000000   7
238.40000000000000000000   11
238.50000000000000000000   12
238.60000000000000000000   14
238.70000000000000000000   12
238.80000000000000000000   13
238.90000000000000000000   12
239.00000000000000000000   10
239.10000000000000000000   10
239.20000000000000000000   11
239.30000000000000000000   12
239.40000000000000000000   7
239.50000000000000000000   12
239.60000000000000000000   13
239.70000000000000000000   11
239.80000000000000000000   10
239.90000000000000000000   13
240.00000000000000000000   14
240.10000000000000000000   10
240.20000000000000000000   6
240.30000000000000000000   7
240.40000000000000000000   6
240.50000000000000000000   8
240.60000000000000000000   8
240.70000000000000000000   6
240.80000000000000000000   9
240.90000000000000000000   8
241.00000000000000000000   8
241.10000000000000000000   8
241.20000000000000000000   7
241.30000000000000000000   10
241.40000000000000000000   10
241.50000000000000000000   8
241.60000000000000000000   9
241.70000000000000000000   9
241.80000000000000000000   10
241.90000000000000000000   11
242.00000000000000000000   8
242.10000000000000000000   9
242.20000000000000000000   8
242.30000000000000000000   9
242.40000000000000000000   9
242.50000000000000000000   9
242.60000000000000000000   10
242.70000000000000000000   10
242.80000000000000000000   9
242.90000000000000000000   9
243.00000000000000000000   9
243.10000000000000000000   9
243.20000000000000000000   9
243.30000000000000000000   6
243.40000000000000000000   8
243.50000000000000000000   7
243.60000000000000000000   9
243.70000000000000000000   9
243.80000000000000000000   8
243.90000000000000000000   7
244.00000000000000000000   8
244.10000000000000000000   10
244.20000000000000000000   12
244.30000000000000000000   13
244.40000000000000000000   14
244.50000000000000000000   11
244.60000000000000000000   11
244.70000000000000000000   10
244.80000000000000000000   8
244.90000000000000000000   10
245.00000000000000000000   12
245.10000000000000000000   9
245.20000000000000000000   11
245.30000000000000000000   11
245.40000000000000000000   12
245.50000000000000000000   11
245.60000000000000000000   8
245.70000000000000000000   11
245.80000000000000000000   9
245.90000000000000000000   8
246.00000000000000000000   8
246.10000000000000000000   12
246.20000000000000000000   14
246.30000000000000000000   10
246.40000000000000000000   7
246.50000000000000000000   8
246.60000000000000000000   10
246.70000000000000000000   7
246.80000000000000000000   10
246.90000000000000000000   11
247.00000000000000000000   9
247.10000000000000000000   12
247.20000000000000000000   11
247.30000000000000000000   11
247.40000000000000000000   17
247.50000000000000000000   15
247.60000000000000000000   13
247.70000000000000000000   12
247.80000000000000000000   16
247.90000000000000000000   23
248.00000000000000000000   25
248.10000000000000000000   20
248.20000000000000000000   19
248.30000000000000000000   21
248.40000000000000000000   18
248.50000000000000000000   19
248.60000000000000000000   24
248.70000000000000000000   20
248.80000000000000000000   19
248.90000000000000000000   22
249.00000000000000000000   21
249.10000000000000000000   22
249.20000000000000000000   19
249.30000000000000000000   21
249.40000000000000000000   21
249.50000000000000000000   20
249.60000000000000000000   23
249.70000000000000000000   20
249.80000000000000000000   17
249.90000000000000000000   14
250.00000000000000000000   18
250.10000000000000000000   21
250.20000000000000000000   17
250.30000000000000000000   18
250.40000000000000000000   20
250.50000000000000000000   20
250.60000000000000000000   20
250.70000000000000000000   21
250.80000000000000000000   19
250.90000000000000000000   18
251.00000000000000000000   21
251.10000000000000000000   18
251.20000000000000000000   17
251.30000000000000000000   17
251.40000000000000000000   18
251.50000000000000000000   19
251.60000000000000000000   17
251.70000000000000000000   17
251.80000000000000000000   20
251.90000000000000000000   19
252.00000000000000000000   19
252.10000000000000000000   17
252.20000000000000000000   17
252.30000000000000000000   15
252.40000000000000000000   18
252.50000000000000000000   18
252.60000000000000000000   20
252.70000000000000000000   18
252.80000000000000000000   20
252.90000000000000000000   20
253.00000000000000000000   20
253.10000000000000000000   18
253.20000000000000000000   17
253.30000000000000000000   18
253.40000000000000000000   17
253.50000000000000000000   18
253.60000000000000000000   14
253.70000000000000000000   11
253.80000000000000000000   12
253.90000000000000000000   11
254.00000000000000000000   10
254.10000000000000000000   12
254.20000000000000000000   11
254.30000000000000000000   11
254.40000000000000000000   13
254.50000000000000000000   11
254.60000000000000000000   11
254.70000000000000000000   14
254.80000000000000000000   12
254.90000000000000000000   13
255.00000000000000000000   14
255.10000000000000000000   15
255.20000000000000000000   13
255.30000000000000000000   13
255.40000000000000000000   13
255.50000000000000000000   16
255.60000000000000000000   11
255.70000000000000000000   11
255.80000000000000000000   9
255.90000000000000000000   12
256.00000000000000000000   9
256.10000000000000000000   12
256.20000000000000000000   9
256.30000000000000000000   9
256.40000000000000000000   9
256.50000000000000000000   11
256.60000000000000000000   10
256.70000000000000000000   10
256.80000000000000000000   13
256.90000000000000000000   10
257.00000000000000000000   13
257.10000000000000000000   11
257.20000000000000000000   12
257.30000000000000000000   13
257.40000000000000000000   11
257.50000000000000000000   11
257.60000000000000000000   10
257.70000000000000000000   15
257.80000000000000000000   17
257.90000000000000000000   15
258.00000000000000000000   14
258.10000000000000000000   16
258.20000000000000000000   19
258.30000000000000000000   16
258.40000000000000000000   21
258.50000000000000000000   16
258.60000000000000000000   20
258.70000000000000000000   16
258.80000000000000000000   19
258.90000000000000000000   18
259.00000000000000000000   19
259.10000000000000000000   19
259.20000000000000000000   16
259.30000000000000000000   16
259.40000000000000000000   17
259.50000000000000000000   20
259.60000000000000000000   15
259.70000000000000000000   19
259.80000000000000000000   16
259.90000000000000000000   17
260.00000000000000000000   21
260.10000000000000000000   20
260.20000000000000000000   19
260.30000000000000000000   20
260.40000000000000000000   20
260.50000000000000000000   17
260.60000000000000000000   17
260.70000000000000000000   11
260.80000000000000000000   17
260.90000000000000000000   20
261.00000000000000000000   20
261.10000000000000000000   18
261.20000000000000000000   16
261.30000000000000000000   14
261.40000000000000000000   11
261.50000000000000000000   19
261.60000000000000000000   14
261.70000000000000000000   15
261.80000000000000000000   15
261.90000000000000000000   17
262.00000000000000000000   17
262.10000000000000000000   14
262.20000000000000000000   10
262.30000000000000000000   10
262.40000000000000000000   12
262.50000000000000000000   12
262.60000000000000000000   13
262.70000000000000000000   12
262.80000000000000000000   13
262.90000000000000000000   14
263.00000000000000000000   12
263.10000000000000000000   15
263.20000000000000000000   14
263.30000000000000000000   15
263.40000000000000000000   17
263.50000000000000000000   16
263.60000000000000000000   16
263.70000000000000000000   16
263.80000000000000000000   18
263.90000000000000000000   14
264.00000000000000000000   14
264.10000000000000000000   14
264.20000000000000000000   16
264.30000000000000000000   16
264.40000000000000000000   13
264.50000000000000000000   13
264.60000000000000000000   10
264.70000000000000000000   10
264.80000000000000000000   9
264.90000000000000000000   4
265.00000000000000000000   4
265.10000000000000000000   7
265.20000000000000000000   12
265.30000000000000000000   10
265.40000000000000000000   16
265.50000000000000000000   17
265.60000000000000000000   12
265.70000000000000000000   9
265.80000000000000000000   10
265.90000000000000000000   10
266.00000000000000000000   13
266.10000000000000000000   9
266.20000000000000000000   9
266.30000000000000000000   14
266.40000000000000000000   10
266.50000000000000000000   12
266.60000000000000000000   6
266.70000000000000000000   9
266.80000000000000000000   9
266.90000000000000000000   9
267.00000000000000000000   14
267.10000000000000000000   8
267.20000000000000000000   10
267.30000000000000000000   12
267.40000000000000000000   13
267.50000000000000000000   12
267.60000000000000000000   13
267.70000000000000000000   11
267.80000000000000000000   13
267.90000000000000000000   13
268.00000000000000000000   13
268.10000000000000000000   13
268.20000000000000000000   9
268.30000000000000000000   9
268.40000000000000000000   12
268.50000000000000000000   15
268.60000000000000000000   14
268.70000000000000000000   16
268.80000000000000000000   14
268.90000000000000000000   12
269.00000000000000000000   11
269.10000000000000000000   11
269.20000000000000000000   9
269.30000000000000000000   8
269.40000000000000000000   9
269.50000000000000000000   9
269.60000000000000000000   8
269.70000000000000000000   8
269.80000000000000000000   7
269.90000000000000000000   8
270.00000000000000000000   8
270.10000000000000000000   7
270.20000000000000000000   6
270.30000000000000000000   8
270.40000000000000000000   7
270.50000000000000000000   10
270.60000000000000000000   11
270.70000000000000000000   11
270.80000000000000000000   13
270.90000000000000000000   9
271.00000000000000000000   9
271.10000000000000000000   8
271.20000000000000000000   9
271.30000000000000000000   10
271.40000000000000000000   7
271.50000000000000000000   10
271.60000000000000000000   9
271.70000000000000000000   7
271.80000000000000000000   8
271.90000000000000000000   9
272.00000000000000000000   8
272.10000000000000000000   9
272.20000000000000000000   9
272.30000000000000000000   7
272.40000000000000000000   6
272.50000000000000000000   8
272.60000000000000000000   6
272.70000000000000000000   5
272.80000000000000000000   5
272.90000000000000000000   5
273.00000000000000000000   5
273.10000000000000000000   1
273.20000000000000000000   1
273.30000000000000000000   4
273.40000000000000000000   1
273.50000000000000000000   4
273.60000000000000000000   6
273.70000000000000000000   4
273.80000000000000000000   7
273.90000000000000000000   5
274.00000000000000000000   5
274.10000000000000000000   6
274.20000000000000000000   7
274.30000000000000000000   5
274.40000000000000000000   1
274.50000000000000000000   6
274.60000000000000000000   4
274.70000000000000000000   3
274.80000000000000000000   3
274.90000000000000000000   7
275.00000000000000000000   5
275.10000000000000000000   4
275.20000000000000000000   6
275.30000000000000000000   5
275.40000000000000000000   0
275.50000000000000000000   4
275.60000000000000000000   2
275.70000000000000000000   2
275.80000000000000000000   5
275.90000000000000000000   3
276.00000000000000000000   5
276.10000000000000000000   7
276.20000000000000000000   8
276.30000000000000000000   11
276.40000000000000000000   10
276.50000000000000000000   9
276.60000000000000000000   11
276.70000000000000000000   10
276.80000000000000000000   8
276.90000000000000000000   14
277.00000000000000000000   13
277.10000000000000000000   10
277.20000000000000000000   13
277.30000000000000000000   14
277.40000000000000000000   13
277.50000000000000000000   15
277.60000000000000000000   16
277.70000000000000000000   13
277.80000000000000000000   17
277.90000000000000000000   14
278.00000000000000000000   15
278.10000000000000000000   13
278.20000000000000000000   13
278.30000000000000000000   14
278.40000000000000000000   15
278.50000000000000000000   12
278.60000000000000000000   13
278.70000000000000000000   10
278.80000000000000000000   12
278.90000000000000000000   14
279.00000000000000000000   14
279.10000000000000000000   16
279.20000000000000000000   14
279.30000000000000000000   17
279.40000000000000000000   12
279.50000000000000000000   14
279.60000000000000000000   13
279.70000000000000000000   16
279.80000000000000000000   16
279.90000000000000000000   16
280.00000000000000000000   19
280.10000000000000000000   14
280.20000000000000000000   16
280.30000000000000000000   15
280.40000000000000000000   13
280.50000000000000000000   10
280.60000000000000000000   13
280.70000000000000000000   14
280.80000000000000000000   16
280.90000000000000000000   19
281.00000000000000000000   17
281.10000000000000000000   14
281.20000000000000000000   16
281.30000000000000000000   20
281.40000000000000000000   19
281.50000000000000000000   14
281.60000000000000000000   14
281.70000000000000000000   15
281.80000000000000000000   14
281.90000000000000000000   12
282.00000000000000000000   16
282.10000000000000000000   12
282.20000000000000000000   13
282.30000000000000000000   10
282.40000000000000000000   14
282.50000000000000000000   12
282.60000000000000000000   15
282.70000000000000000000   17
282.80000000000000000000   14
282.90000000000000000000   20
283.00000000000000000000   16
283.10000000000000000000   13
283.20000000000000000000   13
283.30000000000000000000   13
283.40000000000000000000   10
283.50000000000000000000   12
283.60000000000000000000   11
283.70000000000000000000   14
283.80000000000000000000   11
283.90000000000000000000   11
284.00000000000000000000   12
284.10000000000000000000   9
284.20000000000000000000   12
284.30000000000000000000   14
284.40000000000000000000   10
284.50000000000000000000   14
284.60000000000000000000   14
284.70000000000000000000   14
284.80000000000000000000   8
284.90000000000000000000   11
285.00000000000000000000   6
285.10000000000000000000   11
285.20000000000000000000   11
285.30000000000000000000   10
285.40000000000000000000   12
285.50000000000000000000   14
285.60000000000000000000   16
285.70000000000000000000   18
285.80000000000000000000   20
285.90000000000000000000   16
286.00000000000000000000   19
286.10000000000000000000   22
286.20000000000000000000   21
286.30000000000000000000   22
286.40000000000000000000   22
286.50000000000000000000   22
286.60000000000000000000   14
286.70000000000000000000   17
286.80000000000000000000   19
286.90000000000000000000   17
287.00000000000000000000   22
287.10000000000000000000   15
287.20000000000000000000   17
287.30000000000000000000   16
287.40000000000000000000   17
287.50000000000000000000   17
287.60000000000000000000   18
287.70000000000000000000   15
287.80000000000000000000   15
287.90000000000000000000   20
288.00000000000000000000   18
288.10000000000000000000   16
288.20000000000000000000   18
288.30000000000000000000   17
288.40000000000000000000   10
288.50000000000000000000   8
288.60000000000000000000   10
288.70000000000000000000   10
288.80000000000000000000   12
288.90000000000000000000   13
289.00000000000000000000   12
289.10000000000000000000   15
289.20000000000000000000   11
289.30000000000000000000   11
289.40000000000000000000   14
289.50000000000000000000   13
289.60000000000000000000   13
289.70000000000000000000   11
289.80000000000000000000   14
289.90000000000000000000   13
290.00000000000000000000   13
290.10000000000000000000   11
290.20000000000000000000   17
290.30000000000000000000   13
290.40000000000000000000   14
290.50000000000000000000   15
290.60000000000000000000   16
290.70000000000000000000   15
290.80000000000000000000   11
290.90000000000000000000   14
291.00000000000000000000   9
291.10000000000000000000   13
291.20000000000000000000   11
291.30000000000000000000   15
291.40000000000000000000   16
291.50000000000000000000   15
291.60000000000000000000   16
291.70000000000000000000   15
291.80000000000000000000   14
291.90000000000000000000   14
292.00000000000000000000   10
292.10000000000000000000   13
292.20000000000000000000   14
292.30000000000000000000   10
292.40000000000000000000   9
292.50000000000000000000   12
292.60000000000000000000   8
292.70000000000000000000   13
292.80000000000000000000   13
292.90000000000000000000   12
293.00000000000000000000   15
293.10000000000000000000   15
293.20000000000000000000   12
293.30000000000000000000   10
293.40000000000000000000   15
293.50000000000000000000   13
293.60000000000000000000   11
293.70000000000000000000   14
293.80000000000000000000   14
293.90000000000000000000   13
294.00000000000000000000   15
294.10000000000000000000   16
294.20000000000000000000   17
294.30000000000000000000   11
294.40000000000000000000   13
294.50000000000000000000   14
294.60000000000000000000   11
294.70000000000000000000   14
294.80000000000000000000   11
294.90000000000000000000   10
295.00000000000000000000   9
295.10000000000000000000   13
295.20000000000000000000   14
295.30000000000000000000   6
295.40000000000000000000   10
295.50000000000000000000   8
295.60000000000000000000   10
295.70000000000000000000   7
295.80000000000000000000   13
295.90000000000000000000   13
296.00000000000000000000   16
296.10000000000000000000   15
296.20000000000000000000   14
296.30000000000000000000   15
296.40000000000000000000   17
296.50000000000000000000   14
296.60000000000000000000   16
296.70000000000000000000   17
296.80000000000000000000   14
296.90000000000000000000   17
297.00000000000000000000   16
297.10000000000000000000   16
297.20000000000000000000   16
297.30000000000000000000   17
297.40000000000000000000   16
297.50000000000000000000   18
297.60000000000000000000   17
297.70000000000000000000   19
297.80000000000000000000   15
297.90000000000000000000   12
298.00000000000000000000   15
298.10000000000000000000   15
298.20000000000000000000   14
298.30000000000000000000   15
298.40000000000000000000   12
298.50000000000000000000   13
298.60000000000000000000   12
298.70000000000000000000   12
298.80000000000000000000   15
298.90000000000000000000   16
299.00000000000000000000   14
299.10000000000000000000   16
299.20000000000000000000   16
299.30000000000000000000   17
299.40000000000000000000   17
299.50000000000000000000   17
299.60000000000000000000   15
299.70000000000000000000   16
299.80000000000000000000   14
299.90000000000000000000   13
300.00000000000000000000   19
300.10000000000000000000   20
300.20000000000000000000   16
300.30000000000000000000   13
300.40000000000000000000   10
300.50000000000000000000   11
300.60000000000000000000   15
300.70000000000000000000   8
300.80000000000000000000   15
300.90000000000000000000   15
301.00000000000000000000   14
301.10000000000000000000   21
301.20000000000000000000   24
301.30000000000000000000   25
301.40000000000000000000   25
301.50000000000000000000   26
301.60000000000000000000   23
301.70000000000000000000   21
301.80000000000000000000   19
301.90000000000000000000   22
302.00000000000000000000   20
302.10000000000000000000   21
302.20000000000000000000   15
302.30000000000000000000   19
302.40000000000000000000   19
302.50000000000000000000   20
302.60000000000000000000   20
302.70000000000000000000   18
302.80000000000000000000   19
302.90000000000000000000   18
303.00000000000000000000   17
303.10000000000000000000   20
303.20000000000000000000   20
303.30000000000000000000   20
303.40000000000000000000   22
303.50000000000000000000   20
303.60000000000000000000   19
303.70000000000000000000   22
303.80000000000000000000   21
303.90000000000000000000   19
304.00000000000000000000   21
304.10000000000000000000   19
304.20000000000000000000   17
304.30000000000000000000   22
304.40000000000000000000   19
304.50000000000000000000   17
304.60000000000000000000   19
304.70000000000000000000   18
304.80000000000000000000   20
304.90000000000000000000   19
305.00000000000000000000   16
305.10000000000000000000   17
305.20000000000000000000   15
305.30000000000000000000   13
305.40000000000000000000   13
305.50000000000000000000   12
305.60000000000000000000   14
305.70000000000000000000   13
305.80000000000000000000   12
305.90000000000000000000   16
306.00000000000000000000   16
306.10000000000000000000   15
306.20000000000000000000   15
306.30000000000000000000   16
306.40000000000000000000   12
306.50000000000000000000   16
306.60000000000000000000   15
306.70000000000000000000   16
306.80000000000000000000   12
306.90000000000000000000   10
307.00000000000000000000   11
307.10000000000000000000   11
307.20000000000000000000   11
307.30000000000000000000   13
307.40000000000000000000   16
307.50000000000000000000   15
307.60000000000000000000   13
307.70000000000000000000   14
307.80000000000000000000   18
307.90000000000000000000   13
308.00000000000000000000   10
308.10000000000000000000   13
308.20000000000000000000   11
308.30000000000000000000   10
308.40000000000000000000   10
308.50000000000000000000   7
308.60000000000000000000   9
308.70000000000000000000   12
308.80000000000000000000   14
308.90000000000000000000   13
309.00000000000000000000   15
309.10000000000000000000   16
309.20000000000000000000   13
309.30000000000000000000   13
309.40000000000000000000   11
309.50000000000000000000   12
309.60000000000000000000   10
309.70000000000000000000   12
309.80000000000000000000   11
309.90000000000000000000   10
310.00000000000000000000   11
310.10000000000000000000   8
310.20000000000000000000   12
310.30000000000000000000   13
310.40000000000000000000   13
310.50000000000000000000   17
310.60000000000000000000   14
310.70000000000000000000   10
310.80000000000000000000   16
310.90000000000000000000   11
311.00000000000000000000   13
311.10000000000000000000   14
311.20000000000000000000   17
311.30000000000000000000   14
311.40000000000000000000   19
311.50000000000000000000   19
311.60000000000000000000   16
311.70000000000000000000   19
311.80000000000000000000   22
311.90000000000000000000   18
312.00000000000000000000   20
312.10000000000000000000   17
312.20000000000000000000   16
312.30000000000000000000   16
312.40000000000000000000   14
312.50000000000000000000   18
312.60000000000000000000   14
312.70000000000000000000   18
312.80000000000000000000   17
312.90000000000000000000   15
313.00000000000000000000   12
313.10000000000000000000   12
313.20000000000000000000   12
313.30000000000000000000   11
313.40000000000000000000   14
313.50000000000000000000   8
313.60000000000000000000   9
313.70000000000000000000   14
313.80000000000000000000   12
313.90000000000000000000   9
314.00000000000000000000   7
314.10000000000000000000   3
314.20000000000000000000   11
314.30000000000000000000   6
314.40000000000000000000   7
314.50000000000000000000   10
314.60000000000000000000   10
314.70000000000000000000   11
314.80000000000000000000   10
314.90000000000000000000   8
315.00000000000000000000   10
315.10000000000000000000   12
315.20000000000000000000   13
315.30000000000000000000   13
315.40000000000000000000   13
315.50000000000000000000   15
315.60000000000000000000   15
315.70000000000000000000   12
315.80000000000000000000   15
315.90000000000000000000   17
316.00000000000000000000   18
316.10000000000000000000   18
316.20000000000000000000   16
316.30000000000000000000   19
316.40000000000000000000   18
316.50000000000000000000   20
316.60000000000000000000   13
316.70000000000000000000   16
316.80000000000000000000   16
316.90000000000000000000   16
317.00000000000000000000   16
317.10000000000000000000   18
317.20000000000000000000   20
317.30000000000000000000   18
317.40000000000000000000   19
317.50000000000000000000   20
317.60000000000000000000   17
317.70000000000000000000   17
317.80000000000000000000   17
317.90000000000000000000   16
318.00000000000000000000   18
318.10000000000000000000   15
318.20000000000000000000   14
318.30000000000000000000   18
318.40000000000000000000   20
318.50000000000000000000   19
318.60000000000000000000   14
318.70000000000000000000   20
318.80000000000000000000   19
318.90000000000000000000   17
319.00000000000000000000   14
319.10000000000000000000   13
319.20000000000000000000   12
319.30000000000000000000   13
319.40000000000000000000   19
319.50000000000000000000   14
319.60000000000000000000   15
319.70000000000000000000   17
319.80000000000000000000   17
319.90000000000000000000   16
320.00000000000000000000   17
320.10000000000000000000   18
320.20000000000000000000   16
320.30000000000000000000   18
320.40000000000000000000   16
320.50000000000000000000   13
320.60000000000000000000   12
320.70000000000000000000   13
320.80000000000000000000   14
320.90000000000000000000   14
321.00000000000000000000   16
321.10000000000000000000   18
321.20000000000000000000   11
321.30000000000000000000   10
321.40000000000000000000   11
321.50000000000000000000   14
321.60000000000000000000   14
321.70000000000000000000   11
321.80000000000000000000   14
321.90000000000000000000   11
322.00000000000000000000   13
322.10000000000000000000   15
322.20000000000000000000   10
322.30000000000000000000   9
322.40000000000000000000   12
322.50000000000000000000   16
322.60000000000000000000   7
322.70000000000000000000   11
322.80000000000000000000   13
322.90000000000000000000   11
323.00000000000000000000   10
323.10000000000000000000   12
323.20000000000000000000   12
323.30000000000000000000   8
323.40000000000000000000   10
323.50000000000000000000   13
323.60000000000000000000   11
323.70000000000000000000   14
323.80000000000000000000   15
323.90000000000000000000   11
324.00000000000000000000   10
324.10000000000000000000   14
324.20000000000000000000   12
324.30000000000000000000   9
324.40000000000000000000   6
324.50000000000000000000   13
324.60000000000000000000   15
324.70000000000000000000   16
324.80000000000000000000   10
324.90000000000000000000   6
325.00000000000000000000   12
325.10000000000000000000   6
325.20000000000000000000   5
325.30000000000000000000   6
325.40000000000000000000   3
325.50000000000000000000   5
325.60000000000000000000   7
325.70000000000000000000   7
325.80000000000000000000   9
325.90000000000000000000   5
326.00000000000000000000   10
326.10000000000000000000   8
326.20000000000000000000   4
326.30000000000000000000   7
326.40000000000000000000   6
326.50000000000000000000   6
326.60000000000000000000   5
326.70000000000000000000   4
326.80000000000000000000   9
326.90000000000000000000   3
327.00000000000000000000   4
327.10000000000000000000   14
327.20000000000000000000   14
327.30000000000000000000   12
327.40000000000000000000   6
327.50000000000000000000   7
327.60000000000000000000   8
327.70000000000000000000   9
327.80000000000000000000   7
327.90000000000000000000   8
328.00000000000000000000   7
328.10000000000000000000   2
328.20000000000000000000   5
328.30000000000000000000   4
328.40000000000000000000   8
328.50000000000000000000   7
328.60000000000000000000   8
328.70000000000000000000   4
328.80000000000000000000   8
328.90000000000000000000   6
329.00000000000000000000   9
329.10000000000000000000   5
329.20000000000000000000   4
329.30000000000000000000   6
329.40000000000000000000   7
329.50000000000000000000   4
329.60000000000000000000   8
329.70000000000000000000   5
329.80000000000000000000   4
329.90000000000000000000   2
330.00000000000000000000   3
330.10000000000000000000   5
330.20000000000000000000   6
330.30000000000000000000   3
330.40000000000000000000   4
330.50000000000000000000   4
330.60000000000000000000   6
330.70000000000000000000   5
330.80000000000000000000   4
330.90000000000000000000   6
331.00000000000000000000   8
331.10000000000000000000   9
331.20000000000000000000   6
331.30000000000000000000   2
331.40000000000000000000   9
331.50000000000000000000   9
331.60000000000000000000   7
331.70000000000000000000   6
331.80000000000000000000   8
331.90000000000000000000   8
332.00000000000000000000   9
332.10000000000000000000   5
332.20000000000000000000   8
332.30000000000000000000   10
332.40000000000000000000   10
332.50000000000000000000   9
332.60000000000000000000   12
332.70000000000000000000   10
332.80000000000000000000   13
332.90000000000000000000   13
333.00000000000000000000   10
333.10000000000000000000   5
333.20000000000000000000   4
333.30000000000000000000   7
333.40000000000000000000   8
333.50000000000000000000   8
333.60000000000000000000   7
333.70000000000000000000   4
333.80000000000000000000   5
333.90000000000000000000   1
334.00000000000000000000   4
334.10000000000000000000   4
334.20000000000000000000   4
334.30000000000000000000   4
334.40000000000000000000   8
334.50000000000000000000   8
334.60000000000000000000   11
334.70000000000000000000   9
334.80000000000000000000   5
334.90000000000000000000   7
335.00000000000000000000   8
335.10000000000000000000   8
335.20000000000000000000   13
335.30000000000000000000   12
335.40000000000000000000   12
335.50000000000000000000   11
335.60000000000000000000   10
335.70000000000000000000   6
335.80000000000000000000   13
335.90000000000000000000   10
336.00000000000000000000   10
336.10000000000000000000   6
336.20000000000000000000   7
336.30000000000000000000   7
336.40000000000000000000   5
336.50000000000000000000   5
336.60000000000000000000   6
336.70000000000000000000   6
336.80000000000000000000   6
336.90000000000000000000   4
337.00000000000000000000   8
337.10000000000000000000   7
337.20000000000000000000   5
337.30000000000000000000   4
337.40000000000000000000   4
337.50000000000000000000   0
337.60000000000000000000   1
337.70000000000000000000   3
337.80000000000000000000   3
337.90000000000000000000   2
338.00000000000000000000   1
338.10000000000000000000   4
338.20000000000000000000   2
338.30000000000000000000   3
338.40000000000000000000   3
338.50000000000000000000   8
338.60000000000000000000   11
338.70000000000000000000   11
338.80000000000000000000   8
338.90000000000000000000   8
339.00000000000000000000   8
339.10000000000000000000   11
339.20000000000000000000   6
339.30000000000000000000   12
339.40000000000000000000   9
339.50000000000000000000   10
339.60000000000000000000   7
339.70000000000000000000   9
339.80000000000000000000   13
339.90000000000000000000   12
340.00000000000000000000   10
340.10000000000000000000   9
340.20000000000000000000   8
340.30000000000000000000   11
340.40000000000000000000   8
340.50000000000000000000   6
340.60000000000000000000   10
340.70000000000000000000   6
340.80000000000000000000   9
340.90000000000000000000   10
341.00000000000000000000   16
341.10000000000000000000   16
341.20000000000000000000   8
341.30000000000000000000   8
341.40000000000000000000   9
341.50000000000000000000   8
341.60000000000000000000   8
341.70000000000000000000   8
341.80000000000000000000   10
341.90000000000000000000   9
342.00000000000000000000   10
342.10000000000000000000   8
342.20000000000000000000   11
342.30000000000000000000   6
342.40000000000000000000   3
342.50000000000000000000   6
342.60000000000000000000   5
342.70000000000000000000   7
342.80000000000000000000   6
342.90000000000000000000   12
343.00000000000000000000   15
343.10000000000000000000   7
343.20000000000000000000   9
343.30000000000000000000   7
343.40000000000000000000   9
343.50000000000000000000   8
343.60000000000000000000   5
343.70000000000000000000   3
343.80000000000000000000   6
343.90000000000000000000   9
344.00000000000000000000   9
344.10000000000000000000   8
344.20000000000000000000   9
344.30000000000000000000   11
344.40000000000000000000   12
344.50000000000000000000   11
344.60000000000000000000   10
344.70000000000000000000   10
344.80000000000000000000   7
344.90000000000000000000   8
345.00000000000000000000   6
345.10000000000000000000   6
345.20000000000000000000   8
345.30000000000000000000   6
345.40000000000000000000   4
345.50000000000000000000   9
345.60000000000000000000   9
345.70000000000000000000   10
345.80000000000000000000   12
345.90000000000000000000   5
346.00000000000000000000   7
346.10000000000000000000   10
346.20000000000000000000   7
346.30000000000000000000   8
346.40000000000000000000   8
346.50000000000000000000   6
346.60000000000000000000   10
346.70000000000000000000   10
346.80000000000000000000   9
346.90000000000000000000   8
347.00000000000000000000   9
347.10000000000000000000   8
347.20000000000000000000   4
347.30000000000000000000   7
347.40000000000000000000   4
347.50000000000000000000   8
347.60000000000000000000   6
347.70000000000000000000   5
347.80000000000000000000   7
347.90000000000000000000   5
348.00000000000000000000   12
348.10000000000000000000   9
348.20000000000000000000   8
348.30000000000000000000   12
348.40000000000000000000   10
348.50000000000000000000   14
348.60000000000000000000   15
348.70000000000000000000   14
348.80000000000000000000   15
348.90000000000000000000   14
349.00000000000000000000   15
349.10000000000000000000   16
349.20000000000000000000   18
349.30000000000000000000   16
349.40000000000000000000   16
349.50000000000000000000   15
349.60000000000000000000   13
349.70000000000000000000   7
349.80000000000000000000   14
349.90000000000000000000   8
350.00000000000000000000   6
350.10000000000000000000   11
350.20000000000000000000   8
350.30000000000000000000   9
350.40000000000000000000   9
350.50000000000000000000   9
350.60000000000000000000   13
350.70000000000000000000   9
350.80000000000000000000   14
350.90000000000000000000   9
351.00000000000000000000   14
351.10000000000000000000   12
351.20000000000000000000   12
351.30000000000000000000   15
351.40000000000000000000   13
351.50000000000000000000   9
351.60000000000000000000   11
351.70000000000000000000   11
351.80000000000000000000   13
351.90000000000000000000   13
352.00000000000000000000   10
352.10000000000000000000   9
352.20000000000000000000   11
352.30000000000000000000   14
352.40000000000000000000   13
352.50000000000000000000   10
352.60000000000000000000   10
352.70000000000000000000   13
352.80000000000000000000   13
352.90000000000000000000   11
353.00000000000000000000   15
353.10000000000000000000   15
353.20000000000000000000   13
353.30000000000000000000   15
353.40000000000000000000   14
353.50000000000000000000   11
353.60000000000000000000   17
353.70000000000000000000   11
353.80000000000000000000   13
353.90000000000000000000   10
354.00000000000000000000   9
354.10000000000000000000   6
354.20000000000000000000   7
354.30000000000000000000   12
354.40000000000000000000   5
354.50000000000000000000   10
354.60000000000000000000   9
354.70000000000000000000   4
354.80000000000000000000   4
354.90000000000000000000   6
355.00000000000000000000   6
355.10000000000000000000   9
355.20000000000000000000   10
355.30000000000000000000   6
355.40000000000000000000   4
355.50000000000000000000   5
355.60000000000000000000   9
355.70000000000000000000   10
355.80000000000000000000   9
355.90000000000000000000   11
356.00000000000000000000   12
356.10000000000000000000   11
356.20000000000000000000   10
356.30000000000000000000   13
356.40000000000000000000   8
356.50000000000000000000   8
356.60000000000000000000   9
356.70000000000000000000   10
356.80000000000000000000   11
356.90000000000000000000   8
357.00000000000000000000   7
357.10000000000000000000   7
357.20000000000000000000   8
357.30000000000000000000   15
357.40000000000000000000   9
357.50000000000000000000   13
357.60000000000000000000   8
357.70000000000000000000   9
357.80000000000000000000   7
357.90000000000000000000   7
358.00000000000000000000   5
358.10000000000000000000   4
358.20000000000000000000   11
358.30000000000000000000   9
358.40000000000000000000   4
358.50000000000000000000   4
358.60000000000000000000   5
358.70000000000000000000   3
358.80000000000000000000   5
358.90000000000000000000   5
359.00000000000000000000   7
359.10000000000000000000   8
359.20000000000000000000   8
359.30000000000000000000   9
359.40000000000000000000   9
359.50000000000000000000   3
359.60000000000000000000   1
359.70000000000000000000   6
359.80000000000000000000   6
359.90000000000000000000   3
360.00000000000000000000   7
360.10000000000000000000   6
360.20000000000000000000   6
360.30000000000000000000   10
360.40000000000000000000   10
360.50000000000000000000   9
360.60000000000000000000   5
360.70000000000000000000   6
360.80000000000000000000   8
360.90000000000000000000   12
361.00000000000000000000   14
361.10000000000000000000   11
361.20000000000000000000   14
361.30000000000000000000   11
361.40000000000000000000   15
361.50000000000000000000   18
361.60000000000000000000   15
361.70000000000000000000   16
361.80000000000000000000   17
361.90000000000000000000   13
362.00000000000000000000   13
362.10000000000000000000   9
362.20000000000000000000   6
362.30000000000000000000   8
362.40000000000000000000   6
362.50000000000000000000   7
362.60000000000000000000   9
362.70000000000000000000   8
362.80000000000000000000   11
362.90000000000000000000   11
363.00000000000000000000   11
363.10000000000000000000   10
363.20000000000000000000   11
363.30000000000000000000   14
363.40000000000000000000   10
363.50000000000000000000   9
363.60000000000000000000   9
363.70000000000000000000   4
363.80000000000000000000   7
363.90000000000000000000   8
364.00000000000000000000   5
364.10000000000000000000   4
364.20000000000000000000   6
364.30000000000000000000   8
364.40000000000000000000   7
364.50000000000000000000   7
364.60000000000000000000   8
364.70000000000000000000   8
364.80000000000000000000   9
364.90000000000000000000   11
365.00000000000000000000   7
365.10000000000000000000   10
365.20000000000000000000   7
365.30000000000000000000   10
365.40000000000000000000   10
365.50000000000000000000   9
365.60000000000000000000   9
365.70000000000000000000   7
365.80000000000000000000   10
365.90000000000000000000   7
366.00000000000000000000   9
366.10000000000000000000   10
366.20000000000000000000   7
366.30000000000000000000   4
366.40000000000000000000   7
366.50000000000000000000   4
366.60000000000000000000   5
366.70000000000000000000   9
366.80000000000000000000   3
366.90000000000000000000   5
367.00000000000000000000   4
367.10000000000000000000   6
367.20000000000000000000   5
367.30000000000000000000   4
367.40000000000000000000   9
367.50000000000000000000   6
367.60000000000000000000   9
367.70000000000000000000   7
367.80000000000000000000   9
367.90000000000000000000   5
368.00000000000000000000   9
368.10000000000000000000   9
368.20000000000000000000   9
368.30000000000000000000   8
368.40000000000000000000   8
368.50000000000000000000   5
368.60000000000000000000   4
368.70000000000000000000   6
368.80000000000000000000   8
368.90000000000000000000   7
369.00000000000000000000   8
369.10000000000000000000   10
369.20000000000000000000   6
369.30000000000000000000   9
369.40000000000000000000   9
369.50000000000000000000   9
369.60000000000000000000   12
369.70000000000000000000   9
369.80000000000000000000   5
369.90000000000000000000   11
370.00000000000000000000   13
370.10000000000000000000   8
370.20000000000000000000   5
370.30000000000000000000   11
370.40000000000000000000   15
370.50000000000000000000   11
370.60000000000000000000   7
370.70000000000000000000   11
370.80000000000000000000   11
370.90000000000000000000   13
371.00000000000000000000   15
371.10000000000000000000   16
371.20000000000000000000   12
371.30000000000000000000   13
371.40000000000000000000   10
371.50000000000000000000   11
371.60000000000000000000   11
371.70000000000000000000   10
371.80000000000000000000   16
371.90000000000000000000   18
372.00000000000000000000   12
372.10000000000000000000   12
372.20000000000000000000   14
372.30000000000000000000   14
372.40000000000000000000   16
372.50000000000000000000   13
372.60000000000000000000   19
372.70000000000000000000   11
372.80000000000000000000   12
372.90000000000000000000   11
373.00000000000000000000   10
373.10000000000000000000   7
373.20000000000000000000   11
373.30000000000000000000   8
373.40000000000000000000   6
373.50000000000000000000   10
373.60000000000000000000   10
373.70000000000000000000   9
373.80000000000000000000   11
373.90000000000000000000   9
374.00000000000000000000   13
374.10000000000000000000   11
374.20000000000000000000   8
374.30000000000000000000   12
374.40000000000000000000   11
374.50000000000000000000   11
374.60000000000000000000   11
374.70000000000000000000   5
374.80000000000000000000   5
374.90000000000000000000   1
375.00000000000000000000   3
375.10000000000000000000   4
375.20000000000000000000   4
375.30000000000000000000   12
375.40000000000000000000   14
375.50000000000000000000   13
375.60000000000000000000   12
375.70000000000000000000   9
375.80000000000000000000   7
375.90000000000000000000   7
376.00000000000000000000   14
376.10000000000000000000   8
376.20000000000000000000   8
376.30000000000000000000   6
376.40000000000000000000   6
376.50000000000000000000   4
376.60000000000000000000   12
376.70000000000000000000   12
376.80000000000000000000   7
376.90000000000000000000   11
377.00000000000000000000   8
377.10000000000000000000   7
377.20000000000000000000   15
377.30000000000000000000   14
377.40000000000000000000   10
377.50000000000000000000   12
377.60000000000000000000   11
377.70000000000000000000   11
377.80000000000000000000   12
377.90000000000000000000   9
378.00000000000000000000   11
378.10000000000000000000   10
378.20000000000000000000   12
378.30000000000000000000   7
378.40000000000000000000   13
378.50000000000000000000   12
378.60000000000000000000   11
378.70000000000000000000   14
378.80000000000000000000   17
378.90000000000000000000   15
379.00000000000000000000   13
379.10000000000000000000   13
379.20000000000000000000   12
379.30000000000000000000   11
379.40000000000000000000   11
379.50000000000000000000   11
379.60000000000000000000   12
379.70000000000000000000   10
379.80000000000000000000   9
379.90000000000000000000   12
380.00000000000000000000   11
380.10000000000000000000   8
380.20000000000000000000   10
380.30000000000000000000   10
380.40000000000000000000   8
380.50000000000000000000   8
380.60000000000000000000   5
380.70000000000000000000   7
380.80000000000000000000   12
380.90000000000000000000   12
381.00000000000000000000   9
381.10000000000000000000   6
381.20000000000000000000   8
381.30000000000000000000   8
381.40000000000000000000   9
381.50000000000000000000   9
381.60000000000000000000   7
381.70000000000000000000   4
381.80000000000000000000   8
381.90000000000000000000   3
382.00000000000000000000   7
382.10000000000000000000   6
382.20000000000000000000   8
382.30000000000000000000   10
382.40000000000000000000   11
382.50000000000000000000   8
382.60000000000000000000   8
382.70000000000000000000   9
382.80000000000000000000   6
382.90000000000000000000   8
383.00000000000000000000   7
383.10000000000000000000   10
383.20000000000000000000   10
383.30000000000000000000   11
383.40000000000000000000   3
383.50000000000000000000   5
383.60000000000000000000   7
383.70000000000000000000   2
383.80000000000000000000   5
383.90000000000000000000   7
384.00000000000000000000   6
384.10000000000000000000   5
384.20000000000000000000   14
384.30000000000000000000   13
384.40000000000000000000   10
384.50000000000000000000   9
384.60000000000000000000   10
384.70000000000000000000   10
384.80000000000000000000   8
384.90000000000000000000   8
385.00000000000000000000   10
385.10000000000000000000   10
385.20000000000000000000   10
385.30000000000000000000   9
385.40000000000000000000   14
385.50000000000000000000   11
385.60000000000000000000   13
385.70000000000000000000   15
385.80000000000000000000   13
385.90000000000000000000   13
386.00000000000000000000   15
386.10000000000000000000   17
386.20000000000000000000   13
386.30000000000000000000   15
386.40000000000000000000   11
386.50000000000000000000   12
386.60000000000000000000   11
386.70000000000000000000   8
386.80000000000000000000   8
386.90000000000000000000   6
387.00000000000000000000   9
387.10000000000000000000   8
387.20000000000000000000   8
387.30000000000000000000   13
387.40000000000000000000   11
387.50000000000000000000   8
387.60000000000000000000   9
387.70000000000000000000   8
387.80000000000000000000   5
387.90000000000000000000   9
388.00000000000000000000   6
388.10000000000000000000   10
388.20000000000000000000   10
388.30000000000000000000   7
388.40000000000000000000   8
388.50000000000000000000   7
388.60000000000000000000   7
388.70000000000000000000   10
388.80000000000000000000   7
388.90000000000000000000   12
389.00000000000000000000   11
389.10000000000000000000   11
389.20000000000000000000   14
389.30000000000000000000   13
389.40000000000000000000   12
389.50000000000000000000   13
389.60000000000000000000   10
389.70000000000000000000   17
389.80000000000000000000   17
389.90000000000000000000   16
390.00000000000000000000   16
390.10000000000000000000   10
390.20000000000000000000   17
390.30000000000000000000   15
390.40000000000000000000   12
390.50000000000000000000   13
390.60000000000000000000   14
390.70000000000000000000   13
390.80000000000000000000   13
390.90000000000000000000   10
391.00000000000000000000   14
391.10000000000000000000   11
391.20000000000000000000   8
391.30000000000000000000   12
391.40000000000000000000   15
391.50000000000000000000   13
391.60000000000000000000   10
391.70000000000000000000   13
391.80000000000000000000   13
391.90000000000000000000   10
392.00000000000000000000   8
392.10000000000000000000   7
392.20000000000000000000   6
392.30000000000000000000   7
392.40000000000000000000   13
392.50000000000000000000   13
392.60000000000000000000   12
392.70000000000000000000   8
392.80000000000000000000   5
392.90000000000000000000   6
393.00000000000000000000   9
393.10000000000000000000   12
393.20000000000000000000   8
393.30000000000000000000   10
393.40000000000000000000   9
393.50000000000000000000   10
393.60000000000000000000   7
393.70000000000000000000   8
393.80000000000000000000   11
393.90000000000000000000   9
394.00000000000000000000   8
394.10000000000000000000   7
394.20000000000000000000   10
394.30000000000000000000   11
394.40000000000000000000   5
394.50000000000000000000   9
394.60000000000000000000   11
394.70000000000000000000   4
394.80000000000000000000   1
394.90000000000000000000   0
395.00000000000000000000   2
395.10000000000000000000   3
395.20000000000000000000   3
395.30000000000000000000   3
395.40000000000000000000   5
395.50000000000000000000   5
395.60000000000000000000   5
395.70000000000000000000   1
395.80000000000000000000   6
395.90000000000000000000   4
396.00000000000000000000   7
396.10000000000000000000   5
396.20000000000000000000   9
396.30000000000000000000   7
396.40000000000000000000   7
396.50000000000000000000   7
396.60000000000000000000   10
396.70000000000000000000   9
396.80000000000000000000   8
396.90000000000000000000   9
397.00000000000000000000   11
397.10000000000000000000   11
397.20000000000000000000   10
397.30000000000000000000   8
397.40000000000000000000   3
397.50000000000000000000   4
397.60000000000000000000   6
397.70000000000000000000   7
397.80000000000000000000   12
397.90000000000000000000   9
398.00000000000000000000   8
398.10000000000000000000   7
398.20000000000000000000   7
398.30000000000000000000   6
398.40000000000000000000   9
398.50000000000000000000   7
398.60000000000000000000   9
398.70000000000000000000   11
398.80000000000000000000   10
398.90000000000000000000   10
399.00000000000000000000   10
399.10000000000000000000   10
399.20000000000000000000   10
399.30000000000000000000   10
399.40000000000000000000   10
399.50000000000000000000   10
399.60000000000000000000   10
399.70000000000000000000   10
