200.00000000000000000000   21
200.10000000000000000000   17
200.20000000000000000000   19
200.30000000000000000000   17
200.40000000000000000000   17
200.50000000000000000000   20
200.60000000000000000000   18
200.70000000000000000000   17
200.80000000000000000000   15
200.90000000000000000000   15
201.00000000000000000000   17
201.10000000000000000000   20
201.20000000000000000000   21
201.30000000000000000000   17
201.40000000000000000000   19
201.50000000000000000000   17
201.60000000000000000000   16
201.70000000000000000000   17
201.80000000000000000000   23
201.90000000000000000000   21
202.00000000000000000000   20
202.10000000000000000000   12
202.20000000000000000000   18
202.30000000000000000000   15
202.40000000000000000000   18
202.50000000000000000000   19
202.60000000000000000000   17
202.70000000000000000000   18
202.80000000000000000000   18
202.90000000000000000000   18
203.00000000000000000000   17
203.10000000000000000000   17
203.20000000000000000000   18
203.30000000000000000000   18
203.40000000000000000000   16
203.50000000000000000000   15
203.60000000000000000000   18
203.70000000000000000000   20
203.80000000000000000000   19
203.90000000000000000000   20
204.00000000000000000000   22
204.10000000000000000000   18
204.20000000000000000000   16
204.30000000000000000000   15
204.40000000000000000000   17
204.50000000000000000000   15
204.60000000000000000000   20
204.70000000000000000000   23
204.80000000000000000000   21
204.90000000000000000000   18
205.00000000000000000000   18
205.10000000000000000000   18
205.20000000000000000000   19
205.30000000000000000000   18
205.40000000000000000000   20
205.50000000000000000000   18
205.60000000000000000000   16
205.70000000000000000000   19
205.80000000000000000000   17
205.90000000000000000000   17
206.00000000000000000000   17
206.10000000000000000000   16
206.20000000000000000000   18
206.30000000000000000000   13
206.40000000000000000000   20
206.50000000000000000000   21
206.60000000000000000000   21
206.70000000000000000000   17
206.80000000000000000000   17
206.90000000000000000000   16
207.00000000000000000000   19
207.10000000000000000000   14
207.20000000000000000000   15
207.30000000000000000000   20
207.40000000000000000000   16
207.50000000000000000000   17
207.60000000000000000000   18
207.70000000000000000000   19
207.80000000000000000000   20
207.90000000000000000000   20
208.00000000000000000000   23
208.10000000000000000000   22
208.20000000000000000000   22
208.30000000000000000000   22
208.40000000000000000000   19
208.50000000000000000000   19
208.60000000000000000000   19
208.70000000000000000000   21
208.80000000000000000000   18
208.90000000000000000000   19
209.00000000000000000000   18
209.10000000000000000000   15
209.20000000000000000000   19
209.30000000000000000000   15
209.40000000000000000000   21
209.50000000000000000000   20
209.60000000000000000000   16
209.70000000000000000000   20
209.80000000000000000000   15
209.90000000000000000000   19
210.00000000000000000000   14
210.10000000000000000000   16
210.20000000000000000000   15
210.30000000000000000000   14
210.40000000000000000000   13
210.50000000000000000000   15
210.60000000000000000000   14
210.70000000000000000000   14
210.80000000000000000000   14
210.90000000000000000000   17
211.00000000000000000000   16
211.10000000000000000000   15
211.20000000000000000000   12
211.30000000000000000000   16
211.40000000000000000000   14
211.50000000000000000000   16
211.60000000000000000000   15
211.70000000000000000000   11
211.80000000000000000000   18
211.90000000000000000000   15
212.00000000000000000000   24
212.10000000000000000000   16
212.20000000000000000000   13
212.30000000000000000000   21
212.40000000000000000000   14
212.50000000000000000000   12
212.60000000000000000000   11
212.70000000000000000000   8
212.80000000000000000000   12
212.90000000000000000000   8
213.00000000000000000000   14
213.10000000000000000000   16
213.20000000000000000000   16
213.30000000000000000000   14
213.40000000000000000000   12
213.50000000000000000000   15
213.60000000000000000000   13
213.70000000000000000000   13
213.80000000000000000000   15
213.90000000000000000000   13
214.00000000000000000000   10
214.10000000000000000000   9
214.20000000000000000000   9
214.30000000000000000000   12
214.40000000000000000000   9
214.50000000000000000000   10
214.60000000000000000000   6
214.70000000000000000000   11
214.80000000000000000000   11
214.90000000000000000000   4
215.00000000000000000000   4
215.10000000000000000000   3
215.20000000000000000000   3
215.30000000000000000000   6
215.40000000000000000000   10
215.50000000000000000000   6
215.60000000000000000000   8
215.70000000000000000000   12
215.80000000000000000000   16
215.90000000000000000000   15
216.00000000000000000000   14
216.10000000000000000000   17
216.20000000000000000000   21
216.30000000000000000000   19
216.40000000000000000000   17
216.50000000000000000000   18
216.60000000000000000000   21
216.70000000000000000000   19
216.80000000000000000000   18
216.90000000000000000000   20
217.00000000000000000000   17
217.10000000000000000000   15
217.20000000000000000000   15
217.30000000000000000000   17
217.40000000000000000000   16
217.50000000000000000000   17
217.60000000000000000000   19
217.70000000000000000000   16
217.80000000000000000000   14
217.90000000000000000000   16
218.00000000000000000000   16
218.10000000000000000000   16
218.20000000000000000000   12
218.30000000000000000000   10
218.40000000000000000000   14
218.50000000000000000000   14
218.60000000000000000000   17
218.70000000000000000000   13
218.80000000000000000000   11
218.90000000000000000000   16
219.00000000000000000000   14
219.10000000000000000000   10
219.20000000000000000000   11
219.30000000000000000000   11
219.40000000000000000000   10
219.50000000000000000000   12
219.60000000000000000000   12
219.70000000000000000000   12
219.80000000000000000000   13
219.90000000000000000000   15
220.00000000000000000000   15
220.10000000000000000000   16
220.20000000000000000000   12
220.30000000000000000000   10
220.40000000000000000000   10
220.50000000000000000000   11
220.60000000000000000000   13
220.70000000000000000000   13
220.80000000000000000000   14
220.90000000000000000000   15
221.00000000000000000000   14
221.10000000000000000000   15
221.20000000000000000000   16
221.30000000000000000000   13
221.40000000000000000000   15
221.50000000000000000000   14
221.60000000000000000000   16
221.70000000000000000000   16
221.80000000000000000000   16
221.90000000000000000000   14
222.00000000000000000000   12
222.10000000000000000000   15
222.20000000000000000000   14
222.30000000000000000000   15
222.40000000000000000000   15
222.50000000000000000000   15
222.60000000000000000000   17
222.70000000000000000000   14
222.80000000000000000000   13
222.90000000000000000000   15
223.00000000000000000000   13
223.10000000000000000000   11
223.20000000000000000000   16
223.30000000000000000000   15
223.40000000000000000000   15
223.50000000000000000000   16
223.60000000000000000000   15
223.70000000000000000000   18
223.80000000000000000000   15
223.90000000000000000000   18
224.00000000000000000000   19
224.10000000000000000000   14
224.20000000000000000000   16
224.30000000000000000000   15
224.40000000000000000000   17
224.50000000000000000000   16
224.60000000000000000000   15
224.70000000000000000000   15
224.80000000000000000000   19
224.90000000000000000000   15
225.00000000000000000000   19
225.10000000000000000000   15
225.20000000000000000000   16
225.30000000000000000000   14
225.40000000000000000000   14
225.50000000000000000000   16
225.60000000000000000000   15
225.70000000000000000000   13
225.80000000000000000000   13
225.90000000000000000000   14
226.00000000000000000000   14
226.10000000000000000000   16
226.20000000000000000000   16
226.30000000000000000000   16
226.40000000000000000000   16
226.50000000000000000000   16
226.60000000000000000000   14
226.70000000000000000000   11
226.80000000000000000000   13
226.90000000000000000000   12
227.00000000000000000000   9
227.10000000000000000000   13
227.20000000000000000000   14
227.30000000000000000000   15
227.40000000000000000000   14
227.50000000000000000000   13
227.60000000000000000000   11
227.70000000000000000000   11
227.80000000000000000000   11
227.90000000000000000000   14
228.00000000000000000000   12
228.10000000000000000000   13
228.20000000000000000000   14
228.30000000000000000000   17
228.40000000000000000000   12
228.50000000000000000000   17
228.60000000000000000000   11
228.70000000000000000000   12
228.80000000000000000000   21
228.90000000000000000000   15
229.00000000000000000000   17
229.10000000000000000000   18
229.20000000000000000000   13
229.30000000000000000000   16
229.40000000000000000000   17
229.50000000000000000000   19
229.60000000000000000000   20
229.70000000000000000000   19
229.80000000000000000000   18
229.90000000000000000000   16
230.00000000000000000000   13
230.10000000000000000000   13
230.20000000000000000000   11
230.30000000000000000000   6
230.40000000000000000000   3
230.50000000000000000000   1
230.60000000000000000000   0
230.70000000000000000000   0
230.80000000000000000000   0
230.90000000000000000000   0
231.00000000000000000000   0
231.10000000000000000000   0
231.20000000000000000000   0
231.30000000000000000000   0
231.40000000000000000000   0
231.50000000000000000000   0
231.60000000000000000000   0
231.70000000000000000000   0
231.80000000000000000000   0
231.90000000000000000000   0
232.00000000000000000000   0
232.10000000000000000000   0
232.20000000000000000000   0
232.30000000000000000000   0
232.40000000000000000000   0
232.50000000000000000000   0
232.60000000000000000000   0
232.70000000000000000000   0
232.80000000000000000000   0
232.90000000000000000000   0
233.00000000000000000000   0
233.10000000000000000000   0
233.20000000000000000000   0
233.30000000000000000000   0
233.40000000000000000000   0
233.50000000000000000000   0
233.60000000000000000000   6
233.70000000000000000000   6
233.80000000000000000000   16
233.90000000000000000000   17
234.00000000000000000000   18
234.10000000000000000000   17
234.20000000000000000000   14
234.30000000000000000000   13
234.40000000000000000000   16
234.50000000000000000000   15
234.60000000000000000000   14
234.70000000000000000000   11
234.80000000000000000000   15
234.90000000000000000000   13
235.00000000000000000000   12
235.10000000000000000000   11
235.20000000000000000000   15
235.30000000000000000000   16
235.40000000000000000000   14
235.50000000000000000000   17
235.60000000000000000000   8
235.70000000000000000000   10
235.80000000000000000000   16
235.90000000000000000000   21
236.00000000000000000000   21
236.10000000000000000000   22
236.20000000000000000000   18
236.30000000000000000000   20
236.40000000000000000000   20
236.50000000000000000000   18
236.60000000000000000000   16
236.70000000000000000000   15
236.80000000000000000000   18
236.90000000000000000000   16
237.00000000000000000000   14
237.10000000000000000000   15
237.20000000000000000000   20
237.30000000000000000000   18
237.40000000000000000000   17
237.50000000000000000000   17
237.60000000000000000000   14
237.70000000000000000000   15
237.80000000000000000000   15
237.90000000000000000000   14
238.00000000000000000000   14
238.10000000000000000000   14
238.20000000000000000000   14
238.30000000000000000000   16
238.40000000000000000000   13
238.50000000000000000000   16
238.60000000000000000000   18
238.70000000000000000000   18
238.80000000000000000000   16
238.90000000000000000000   18
239.00000000000000000000   19
239.10000000000000000000   21
239.20000000000000000000   20
239.30000000000000000000   18
239.40000000000000000000   13
239.50000000000000000000   15
239.60000000000000000000   17
239.70000000000000000000   15
239.80000000000000000000   17
239.90000000000000000000   18
240.00000000000000000000   11
240.10000000000000000000   11
240.20000000000000000000   15
240.30000000000000000000   12
240.40000000000000000000   16
240.50000000000000000000   19
240.60000000000000000000   19
240.70000000000000000000   14
240.80000000000000000000   20
240.90000000000000000000   14
241.00000000000000000000   20
241.10000000000000000000   20
241.20000000000000000000   23
241.30000000000000000000   20
241.40000000000000000000   18
241.50000000000000000000   21
241.60000000000000000000   17
241.70000000000000000000   25
241.80000000000000000000   18
241.90000000000000000000   15
242.00000000000000000000   16
242.10000000000000000000   15
242.20000000000000000000   11
242.30000000000000000000   17
242.40000000000000000000   15
242.50000000000000000000   16
242.60000000000000000000   18
242.70000000000000000000   12
242.80000000000000000000   18
242.90000000000000000000   14
243.00000000000000000000   17
243.10000000000000000000   12
243.20000000000000000000   15
243.30000000000000000000   19
243.40000000000000000000   15
243.50000000000000000000   15
243.60000000000000000000   17
243.70000000000000000000   17
243.80000000000000000000   16
243.90000000000000000000   12
244.00000000000000000000   15
244.10000000000000000000   11
244.20000000000000000000   15
244.30000000000000000000   16
244.40000000000000000000   15
244.50000000000000000000   19
244.60000000000000000000   15
244.70000000000000000000   16
244.80000000000000000000   14
244.90000000000000000000   14
245.00000000000000000000   13
245.10000000000000000000   16
245.20000000000000000000   12
245.30000000000000000000   14
245.40000000000000000000   17
245.50000000000000000000   15
245.60000000000000000000   20
245.70000000000000000000   12
245.80000000000000000000   12
245.90000000000000000000   13
246.00000000000000000000   16
246.10000000000000000000   13
246.20000000000000000000   13
246.30000000000000000000   17
246.40000000000000000000   15
246.50000000000000000000   17
246.60000000000000000000   16
246.70000000000000000000   12
246.80000000000000000000   13
246.90000000000000000000   14
247.00000000000000000000   12
247.10000000000000000000   10
247.20000000000000000000   11
247.30000000000000000000   13
247.40000000000000000000   13
247.50000000000000000000   12
247.60000000000000000000   12
247.70000000000000000000   14
247.80000000000000000000   12
247.90000000000000000000   10
248.00000000000000000000   11
248.10000000000000000000   10
248.20000000000000000000   11
248.30000000000000000000   17
248.40000000000000000000   11
248.50000000000000000000   14
248.60000000000000000000   16
248.70000000000000000000   20
248.80000000000000000000   14
248.90000000000000000000   17
249.00000000000000000000   17
249.10000000000000000000   18
249.20000000000000000000   14
249.30000000000000000000   16
249.40000000000000000000   17
249.50000000000000000000   16
249.60000000000000000000   21
249.70000000000000000000   22
249.80000000000000000000   20
249.90000000000000000000   20
250.00000000000000000000   19
250.10000000000000000000   13
250.20000000000000000000   12
250.30000000000000000000   15
250.40000000000000000000   14
250.50000000000000000000   10
250.60000000000000000000   18
250.70000000000000000000   19
250.80000000000000000000   16
250.90000000000000000000   15
251.00000000000000000000   15
251.10000000000000000000   15
251.20000000000000000000   12
251.30000000000000000000   15
251.40000000000000000000   17
251.50000000000000000000   17
251.60000000000000000000   18
251.70000000000000000000   23
251.80000000000000000000   15
251.90000000000000000000   15
252.00000000000000000000   16
252.10000000000000000000   13
252.20000000000000000000   12
252.30000000000000000000   18
252.40000000000000000000   16
252.50000000000000000000   17
252.60000000000000000000   15
252.70000000000000000000   20
252.80000000000000000000   17
252.90000000000000000000   17
253.00000000000000000000   16
253.10000000000000000000   15
253.20000000000000000000   18
253.30000000000000000000   13
253.40000000000000000000   15
253.50000000000000000000   15
253.60000000000000000000   21
253.70000000000000000000   16
253.80000000000000000000   16
253.90000000000000000000   17
254.00000000000000000000   17
254.10000000000000000000   16
254.20000000000000000000   17
254.30000000000000000000   21
254.40000000000000000000   16
254.50000000000000000000   19
254.60000000000000000000   17
254.70000000000000000000   18
254.80000000000000000000   18
254.90000000000000000000   19
255.00000000000000000000   17
255.10000000000000000000   16
255.20000000000000000000   18
255.30000000000000000000   14
255.40000000000000000000   10
255.50000000000000000000   16
255.60000000000000000000   11
255.70000000000000000000   12
255.80000000000000000000   12
255.90000000000000000000   15
256.00000000000000000000   14
256.10000000000000000000   14
256.20000000000000000000   11
256.30000000000000000000   18
256.40000000000000000000   16
256.50000000000000000000   13
256.60000000000000000000   15
256.70000000000000000000   15
256.80000000000000000000   16
256.90000000000000000000   16
257.00000000000000000000   19
257.10000000000000000000   15
257.20000000000000000000   19
257.30000000000000000000   19
257.40000000000000000000   20
257.50000000000000000000   18
257.60000000000000000000   18
257.70000000000000000000   15
257.80000000000000000000   16
257.90000000000000000000   17
258.00000000000000000000   15
258.10000000000000000000   15
258.20000000000000000000   20
258.30000000000000000000   22
258.40000000000000000000   20
258.50000000000000000000   21
258.60000000000000000000   18
258.70000000000000000000   19
258.80000000000000000000   20
258.90000000000000000000   21
259.00000000000000000000   21
259.10000000000000000000   21
259.20000000000000000000   20
259.30000000000000000000   22
259.40000000000000000000   16
259.50000000000000000000   17
259.60000000000000000000   12
259.70000000000000000000   14
259.80000000000000000000   14
259.90000000000000000000   13
260.00000000000000000000   14
260.10000000000000000000   13
260.20000000000000000000   11
260.30000000000000000000   15
260.40000000000000000000   14
260.50000000000000000000   15
260.60000000000000000000   13
260.70000000000000000000   14
260.80000000000000000000   11
260.90000000000000000000   17
261.00000000000000000000   17
261.10000000000000000000   20
261.20000000000000000000   17
261.30000000000000000000   12
261.40000000000000000000   11
261.50000000000000000000   16
261.60000000000000000000   14
261.70000000000000000000   12
261.80000000000000000000   12
261.90000000000000000000   15
262.00000000000000000000   12
262.10000000000000000000   15
262.20000000000000000000   19
262.30000000000000000000   17
262.40000000000000000000   17
262.50000000000000000000   12
262.60000000000000000000   15
262.70000000000000000000   16
262.80000000000000000000   15
262.90000000000000000000   18
263.00000000000000000000   15
263.10000000000000000000   14
263.20000000000000000000   12
263.30000000000000000000   13
263.40000000000000000000   15
263.50000000000000000000   18
263.60000000000000000000   18
263.70000000000000000000   17
263.80000000000000000000   16
263.90000000000000000000   18
264.00000000000000000000   11
264.10000000000000000000   16
264.20000000000000000000   16
264.30000000000000000000   18
264.40000000000000000000   17
264.50000000000000000000   16
264.60000000000000000000   15
264.70000000000000000000   11
264.80000000000000000000   18
264.90000000000000000000   14
265.00000000000000000000   16
265.10000000000000000000   14
265.20000000000000000000   14
265.30000000000000000000   12
265.40000000000000000000   13
265.50000000000000000000   10
265.60000000000000000000   14
265.70000000000000000000   10
265.80000000000000000000   20
265.90000000000000000000   15
266.00000000000000000000   17
266.10000000000000000000   14
266.20000000000000000000   16
266.30000000000000000000   15
266.40000000000000000000   11
266.50000000000000000000   14
266.60000000000000000000   14
266.70000000000000000000   14
266.80000000000000000000   14
266.90000000000000000000   13
267.00000000000000000000   9
267.10000000000000000000   10
267.20000000000000000000   16
267.30000000000000000000   14
267.40000000000000000000   14
267.50000000000000000000   10
267.60000000000000000000   13
267.70000000000000000000   8
267.80000000000000000000   13
267.90000000000000000000   13
268.00000000000000000000   14
268.10000000000000000000   15
268.20000000000000000000   14
268.30000000000000000000   13
268.40000000000000000000   19
268.50000000000000000000   14
268.60000000000000000000   15
268.70000000000000000000   12
268.80000000000000000000   13
268.90000000000000000000   13
269.00000000000000000000   15
269.10000000000000000000   16
269.20000000000000000000   15
269.30000000000000000000   15
269.40000000000000000000   13
269.50000000000000000000   16
269.60000000000000000000   17
269.70000000000000000000   13
269.80000000000000000000   8
269.90000000000000000000   13
270.00000000000000000000   13
270.10000000000000000000   14
270.20000000000000000000   13
270.30000000000000000000   18
270.40000000000000000000   16
270.50000000000000000000   19
270.60000000000000000000   18
270.70000000000000000000   17
270.80000000000000000000   13
270.90000000000000000000   15
271.00000000000000000000   12
271.10000000000000000000   14
271.20000000000000000000   14
271.30000000000000000000   14
271.40000000000000000000   11
271.50000000000000000000   15
271.60000000000000000000   13
271.70000000000000000000   10
271.80000000000000000000   14
271.90000000000000000000   14
272.00000000000000000000   15
272.10000000000000000000   18
272.20000000000000000000   14
272.30000000000000000000   16
272.40000000000000000000   15
272.50000000000000000000   14
272.60000000000000000000   15
272.70000000000000000000   17
272.80000000000000000000   16
272.90000000000000000000   13
273.00000000000000000000   16
273.10000000000000000000   15
273.20000000000000000000   16
273.30000000000000000000   18
273.40000000000000000000   16
273.50000000000000000000   11
273.60000000000000000000   14
273.70000000000000000000   18
273.80000000000000000000   14
273.90000000000000000000   16
274.00000000000000000000   14
274.10000000000000000000   17
274.20000000000000000000   17
274.30000000000000000000   16
274.40000000000000000000   17
274.50000000000000000000   16
274.60000000000000000000   16
274.70000000000000000000   17
274.80000000000000000000   15
274.90000000000000000000   15
275.00000000000000000000   16
275.10000000000000000000   16
275.20000000000000000000   15
275.30000000000000000000   15
275.40000000000000000000   16
275.50000000000000000000   13
275.60000000000000000000   15
275.70000000000000000000   15
275.80000000000000000000   19
275.90000000000000000000   17
276.00000000000000000000   17
276.10000000000000000000   17
276.20000000000000000000   17
276.30000000000000000000   13
276.40000000000000000000   13
276.50000000000000000000   11
276.60000000000000000000   14
276.70000000000000000000   14
276.80000000000000000000   10
276.90000000000000000000   12
277.00000000000000000000   13
277.10000000000000000000   12
277.20000000000000000000   11
277.30000000000000000000   14
277.40000000000000000000   14
277.50000000000000000000   13
277.60000000000000000000   12
277.70000000000000000000   12
277.80000000000000000000   11
277.90000000000000000000   11
278.00000000000000000000   12
278.10000000000000000000   10
278.20000000000000000000   12
278.30000000000000000000   13
278.40000000000000000000   13
278.50000000000000000000   12
278.60000000000000000000   13
278.70000000000000000000   12
278.80000000000000000000   13
278.90000000000000000000   15
279.00000000000000000000   12
279.10000000000000000000   12
279.20000000000000000000   11
279.30000000000000000000   13
279.40000000000000000000   15
279.50000000000000000000   12
279.60000000000000000000   15
279.70000000000000000000   14
279.80000000000000000000   11
279.90000000000000000000   13
280.00000000000000000000   12
280.10000000000000000000   13
280.20000000000000000000   15
280.30000000000000000000   11
280.40000000000000000000   11
280.50000000000000000000   13
280.60000000000000000000   11
280.70000000000000000000   11
280.80000000000000000000   13
280.90000000000000000000   11
281.00000000000000000000   11
281.10000000000000000000   12
281.20000000000000000000   13
281.30000000000000000000   14
281.40000000000000000000   13
281.50000000000000000000   13
281.60000000000000000000   12
281.70000000000000000000   14
281.80000000000000000000   14
281.90000000000000000000   15
282.00000000000000000000   13
282.10000000000000000000   17
282.20000000000000000000   14
282.30000000000000000000   14
282.40000000000000000000   11
282.50000000000000000000   16
282.60000000000000000000   13
282.70000000000000000000   12
282.80000000000000000000   11
282.90000000000000000000   11
283.00000000000000000000   14
283.10000000000000000000   10
283.20000000000000000000   11
283.30000000000000000000   11
283.40000000000000000000   11
283.50000000000000000000   11
283.60000000000000000000   12
283.70000000000000000000   12
283.80000000000000000000   14
283.90000000000000000000   12
284.00000000000000000000   10
284.10000000000000000000   11
284.20000000000000000000   13
284.30000000000000000000   19
284.40000000000000000000   13
284.50000000000000000000   15
284.60000000000000000000   17
284.70000000000000000000   16
284.80000000000000000000   19
284.90000000000000000000   17
285.00000000000000000000   17
285.10000000000000000000   17
285.20000000000000000000   18
285.30000000000000000000   16
285.40000000000000000000   16
285.50000000000000000000   18
285.60000000000000000000   16
285.70000000000000000000   16
285.80000000000000000000   20
285.90000000000000000000   16
286.00000000000000000000   18
286.10000000000000000000   17
286.20000000000000000000   17
286.30000000000000000000   17
286.40000000000000000000   16
286.50000000000000000000   20
286.60000000000000000000   20
286.70000000000000000000   21
286.80000000000000000000   20
286.90000000000000000000   21
287.00000000000000000000   20
287.10000000000000000000   21
287.20000000000000000000   20
287.30000000000000000000   21
287.40000000000000000000   15
287.50000000000000000000   16
287.60000000000000000000   15
287.70000000000000000000   16
287.80000000000000000000   17
287.90000000000000000000   18
288.00000000000000000000   16
288.10000000000000000000   17
288.20000000000000000000   16
288.30000000000000000000   13
288.40000000000000000000   16
288.50000000000000000000   17
288.60000000000000000000   15
288.70000000000000000000   20
288.80000000000000000000   19
288.90000000000000000000   20
289.00000000000000000000   20
289.10000000000000000000   19
289.20000000000000000000   18
289.30000000000000000000   16
289.40000000000000000000   18
289.50000000000000000000   17
289.60000000000000000000   18
289.70000000000000000000   19
289.80000000000000000000   19
289.90000000000000000000   19
290.00000000000000000000   18
290.10000000000000000000   15
290.20000000000000000000   12
290.30000000000000000000   15
290.40000000000000000000   13
290.50000000000000000000   16
290.60000000000000000000   13
290.70000000000000000000   13
290.80000000000000000000   11
290.90000000000000000000   16
291.00000000000000000000   15
291.10000000000000000000   18
291.20000000000000000000   17
291.30000000000000000000   20
291.40000000000000000000   18
291.50000000000000000000   16
291.60000000000000000000   16
291.70000000000000000000   18
291.80000000000000000000   18
291.90000000000000000000   18
292.00000000000000000000   16
292.10000000000000000000   16
292.20000000000000000000   20
292.30000000000000000000   18
292.40000000000000000000   16
292.50000000000000000000   13
292.60000000000000000000   15
292.70000000000000000000   16
292.80000000000000000000   15
292.90000000000000000000   16
293.00000000000000000000   13
293.10000000000000000000   16
293.20000000000000000000   18
293.30000000000000000000   17
293.40000000000000000000   20
293.50000000000000000000   16
293.60000000000000000000   17
293.70000000000000000000   17
293.80000000000000000000   13
293.90000000000000000000   13
294.00000000000000000000   12
294.10000000000000000000   15
294.20000000000000000000   14
294.30000000000000000000   14
294.40000000000000000000   21
294.50000000000000000000   19
294.60000000000000000000   17
294.70000000000000000000   18
294.80000000000000000000   18
294.90000000000000000000   14
295.00000000000000000000   13
295.10000000000000000000   13
295.20000000000000000000   18
295.30000000000000000000   15
295.40000000000000000000   16
295.50000000000000000000   13
295.60000000000000000000   15
295.70000000000000000000   13
295.80000000000000000000   11
295.90000000000000000000   15
296.00000000000000000000   12
296.10000000000000000000   12
296.20000000000000000000   14
296.30000000000000000000   11
296.40000000000000000000   11
296.50000000000000000000   12
296.60000000000000000000   11
296.70000000000000000000   15
296.80000000000000000000   16
296.90000000000000000000   15
297.00000000000000000000   9
297.10000000000000000000   15
297.20000000000000000000   12
297.30000000000000000000   14
297.40000000000000000000   14
297.50000000000000000000   11
297.60000000000000000000   10
297.70000000000000000000   13
297.80000000000000000000   12
297.90000000000000000000   13
298.00000000000000000000   13
298.10000000000000000000   14
298.20000000000000000000   11
298.30000000000000000000   12
298.40000000000000000000   12
298.50000000000000000000   13
298.60000000000000000000   15
298.70000000000000000000   13
298.80000000000000000000   17
298.90000000000000000000   15
299.00000000000000000000   17
299.10000000000000000000   11
299.20000000000000000000   15
299.30000000000000000000   17
299.40000000000000000000   13
299.50000000000000000000   12
299.60000000000000000000   12
299.70000000000000000000   13
299.80000000000000000000   19
299.90000000000000000000   19
300.00000000000000000000   16
300.10000000000000000000   15
300.20000000000000000000   15
300.30000000000000000000   15
300.40000000000000000000   13
300.50000000000000000000   14
300.60000000000000000000   12
300.70000000000000000000   13
300.80000000000000000000   13
300.90000000000000000000   11
301.00000000000000000000   13
301.10000000000000000000   13
301.20000000000000000000   14
301.30000000000000000000   11
301.40000000000000000000   15
301.50000000000000000000   11
301.60000000000000000000   18
301.70000000000000000000   15
301.80000000000000000000   13
301.90000000000000000000   12
302.00000000000000000000   12
302.10000000000000000000   13
302.20000000000000000000   16
302.30000000000000000000   15
302.40000000000000000000   16
302.50000000000000000000   10
302.60000000000000000000   16
302.70000000000000000000   12
302.80000000000000000000   17
302.90000000000000000000   16
303.00000000000000000000   14
303.10000000000000000000   15
303.20000000000000000000   17
303.30000000000000000000   16
303.40000000000000000000   15
303.50000000000000000000   19
303.60000000000000000000   17
303.70000000000000000000   18
303.80000000000000000000   21
303.90000000000000000000   20
304.00000000000000000000   16
304.10000000000000000000   16
304.20000000000000000000   19
304.30000000000000000000   17
304.40000000000000000000   18
304.50000000000000000000   18
304.60000000000000000000   18
304.70000000000000000000   17
304.80000000000000000000   18
304.90000000000000000000   21
305.00000000000000000000   19
305.10000000000000000000   18
305.20000000000000000000   19
305.30000000000000000000   17
305.40000000000000000000   16
305.50000000000000000000   15
305.60000000000000000000   15
305.70000000000000000000   17
305.80000000000000000000   15
305.90000000000000000000   15
306.00000000000000000000   18
306.10000000000000000000   19
306.20000000000000000000   21
306.30000000000000000000   14
306.40000000000000000000   19
306.50000000000000000000   20
306.60000000000000000000   15
306.70000000000000000000   15
306.80000000000000000000   15
306.90000000000000000000   16
307.00000000000000000000   17
307.10000000000000000000   15
307.20000000000000000000   16
307.30000000000000000000   20
307.40000000000000000000   20
307.50000000000000000000   17
307.60000000000000000000   15
307.70000000000000000000   15
307.80000000000000000000   12
307.90000000000000000000   14
308.00000000000000000000   11
308.10000000000000000000   15
308.20000000000000000000   15
308.30000000000000000000   11
308.40000000000000000000   14
308.50000000000000000000   12
308.60000000000000000000   16
308.70000000000000000000   10
308.80000000000000000000   4
308.90000000000000000000   9
309.00000000000000000000   16
309.10000000000000000000   18
309.20000000000000000000   20
309.30000000000000000000   19
309.40000000000000000000   18
309.50000000000000000000   18
309.60000000000000000000   16
309.70000000000000000000   17
309.80000000000000000000   16
309.90000000000000000000   16
310.00000000000000000000   16
310.10000000000000000000   16
310.20000000000000000000   15
310.30000000000000000000   18
310.40000000000000000000   17
310.50000000000000000000   17
310.60000000000000000000   19
310.70000000000000000000   14
310.80000000000000000000   11
310.90000000000000000000   15
311.00000000000000000000   18
311.10000000000000000000   16
311.20000000000000000000   13
311.30000000000000000000   13
311.40000000000000000000   13
311.50000000000000000000   10
311.60000000000000000000   16
311.70000000000000000000   12
311.80000000000000000000   16
311.90000000000000000000   12
312.00000000000000000000   13
312.10000000000000000000   14
312.20000000000000000000   10
312.30000000000000000000   12
312.40000000000000000000   12
312.50000000000000000000   11
312.60000000000000000000   10
312.70000000000000000000   13
312.80000000000000000000   13
312.90000000000000000000   15
313.00000000000000000000   11
313.10000000000000000000   11
313.20000000000000000000   12
313.30000000000000000000   13
313.40000000000000000000   12
313.50000000000000000000   13
313.60000000000000000000   15
313.70000000000000000000   13
313.80000000000000000000   15
313.90000000000000000000   16
314.00000000000000000000   14
314.10000000000000000000   15
314.20000000000000000000   13
314.30000000000000000000   13
314.40000000000000000000   15
314.50000000000000000000   12
314.60000000000000000000   12
314.70000000000000000000   13
314.80000000000000000000   9
314.90000000000000000000   11
315.00000000000000000000   12
315.10000000000000000000   14
315.20000000000000000000   12
315.30000000000000000000   12
315.40000000000000000000   11
315.50000000000000000000   11
315.60000000000000000000   14
315.70000000000000000000   13
315.80000000000000000000   15
315.90000000000000000000   12
316.00000000000000000000   14
316.10000000000000000000   14
316.20000000000000000000   11
316.30000000000000000000   21
316.40000000000000000000   12
316.50000000000000000000   11
316.60000000000000000000   14
316.70000000000000000000   10
316.80000000000000000000   15
316.90000000000000000000   13
317.00000000000000000000   14
317.10000000000000000000   16
317.20000000000000000000   15
317.30000000000000000000   14
317.40000000000000000000   13
317.50000000000000000000   14
317.60000000000000000000   13
317.70000000000000000000   14
317.80000000000000000000   13
317.90000000000000000000   14
318.00000000000000000000   16
318.10000000000000000000   13
318.20000000000000000000   13
318.30000000000000000000   14
318.40000000000000000000   14
318.50000000000000000000   20
318.60000000000000000000   16
318.70000000000000000000   15
318.80000000000000000000   16
318.90000000000000000000   21
319.00000000000000000000   19
319.10000000000000000000   15
319.20000000000000000000   18
319.30000000000000000000   19
319.40000000000000000000   15
319.50000000000000000000   20
319.60000000000000000000   17
319.70000000000000000000   16
319.80000000000000000000   17
319.90000000000000000000   18
320.00000000000000000000   16
320.10000000000000000000   17
320.20000000000000000000   18
320.30000000000000000000   20
320.40000000000000000000   20
320.50000000000000000000   19
320.60000000000000000000   21
320.70000000000000000000   20
320.80000000000000000000   19
320.90000000000000000000   17
321.00000000000000000000   19
321.10000000000000000000   12
321.20000000000000000000   15
321.30000000000000000000   12
321.40000000000000000000   17
321.50000000000000000000   18
321.60000000000000000000   16
321.70000000000000000000   17
321.80000000000000000000   16
321.90000000000000000000   16
322.00000000000000000000   19
322.10000000000000000000   22
322.20000000000000000000   16
322.30000000000000000000   16
322.40000000000000000000   16
322.50000000000000000000   16
322.60000000000000000000   14
322.70000000000000000000   13
322.80000000000000000000   15
322.90000000000000000000   15
323.00000000000000000000   18
323.10000000000000000000   17
323.20000000000000000000   17
323.30000000000000000000   16
323.40000000000000000000   18
323.50000000000000000000   15
323.60000000000000000000   12
323.70000000000000000000   14
323.80000000000000000000   18
323.90000000000000000000   12
324.00000000000000000000   16
324.10000000000000000000   12
324.20000000000000000000   12
324.30000000000000000000   13
324.40000000000000000000   15
324.50000000000000000000   16
324.60000000000000000000   15
324.70000000000000000000   15
324.80000000000000000000   14
324.90000000000000000000   18
325.00000000000000000000   17
325.10000000000000000000   16
325.20000000000000000000   15
325.30000000000000000000   16
325.40000000000000000000   14
325.50000000000000000000   15
325.60000000000000000000   14
325.70000000000000000000   18
325.80000000000000000000   21
325.90000000000000000000   15
326.00000000000000000000   15
326.10000000000000000000   14
326.20000000000000000000   12
326.30000000000000000000   16
326.40000000000000000000   16
326.50000000000000000000   17
326.60000000000000000000   13
326.70000000000000000000   14
326.80000000000000000000   13
326.90000000000000000000   14
327.00000000000000000000   16
327.10000000000000000000   20
327.20000000000000000000   17
327.30000000000000000000   18
327.40000000000000000000   18
327.50000000000000000000   15
327.60000000000000000000   15
327.70000000000000000000   15
327.80000000000000000000   14
327.90000000000000000000   14
328.00000000000000000000   15
328.10000000000000000000   13
328.20000000000000000000   15
328.30000000000000000000   18
328.40000000000000000000   19
328.50000000000000000000   16
328.60000000000000000000   15
328.70000000000000000000   17
328.80000000000000000000   14
328.90000000000000000000   19
329.00000000000000000000   18
329.10000000000000000000   16
329.20000000000000000000   20
329.30000000000000000000   16
329.40000000000000000000   16
329.50000000000000000000   16
329.60000000000000000000   19
329.70000000000000000000   18
329.80000000000000000000   22
329.90000000000000000000   17
330.00000000000000000000   21
330.10000000000000000000   22
330.20000000000000000000   21
330.30000000000000000000   21
330.40000000000000000000   19
330.50000000000000000000   20
330.60000000000000000000   17
330.70000000000000000000   18
330.80000000000000000000   21
330.90000000000000000000   20
331.00000000000000000000   19
331.10000000000000000000   21
331.20000000000000000000   21
331.30000000000000000000   18
331.40000000000000000000   23
331.50000000000000000000   22
331.60000000000000000000   17
331.70000000000000000000   17
331.80000000000000000000   17
331.90000000000000000000   19
332.00000000000000000000   24
332.10000000000000000000   19
332.20000000000000000000   16
332.30000000000000000000   17
332.40000000000000000000   19
332.50000000000000000000   14
332.60000000000000000000   17
332.70000000000000000000   15
332.80000000000000000000   20
332.90000000000000000000   20
333.00000000000000000000   20
333.10000000000000000000   17
333.20000000000000000000   20
333.30000000000000000000   17
333.40000000000000000000   19
333.50000000000000000000   18
333.60000000000000000000   18
333.70000000000000000000   17
333.80000000000000000000   17
333.90000000000000000000   17
334.00000000000000000000   16
334.10000000000000000000   17
334.20000000000000000000   16
334.30000000000000000000   17
334.40000000000000000000   21
334.50000000000000000000   20
334.60000000000000000000   17
334.70000000000000000000   19
334.80000000000000000000   17
334.90000000000000000000   18
335.00000000000000000000   20
335.10000000000000000000   15
335.20000000000000000000   14
335.30000000000000000000   17
335.40000000000000000000   13
335.50000000000000000000   18
335.60000000000000000000   16
335.70000000000000000000   21
335.80000000000000000000   19
335.90000000000000000000   18
336.00000000000000000000   19
336.10000000000000000000   18
336.20000000000000000000   19
336.30000000000000000000   16
336.40000000000000000000   20
336.50000000000000000000   14
336.60000000000000000000   19
336.70000000000000000000   15
336.80000000000000000000   16
336.90000000000000000000   17
337.00000000000000000000   17
337.10000000000000000000   15
337.20000000000000000000   16
337.30000000000000000000   14
337.40000000000000000000   19
337.50000000000000000000   16
337.60000000000000000000   14
337.70000000000000000000   15
337.80000000000000000000   14
337.90000000000000000000   16
338.00000000000000000000   10
338.10000000000000000000   9
338.20000000000000000000   12
338.30000000000000000000   18
338.40000000000000000000   12
338.50000000000000000000   10
338.60000000000000000000   13
338.70000000000000000000   19
338.80000000000000000000   19
338.90000000000000000000   19
339.00000000000000000000   19
339.10000000000000000000   16
339.20000000000000000000   19
339.30000000000000000000   19
339.40000000000000000000   17
339.50000000000000000000   16
339.60000000000000000000   22
339.70000000000000000000   20
339.80000000000000000000   19
339.90000000000000000000   16
340.00000000000000000000   21
340.10000000000000000000   17
340.20000000000000000000   18
340.30000000000000000000   19
340.40000000000000000000   20
340.50000000000000000000   18
340.60000000000000000000   22
340.70000000000000000000   22
340.80000000000000000000   19
340.90000000000000000000   19
341.00000000000000000000   20
341.10000000000000000000   20
341.20000000000000000000   20
341.30000000000000000000   18
341.40000000000000000000   20
341.50000000000000000000   21
341.60000000000000000000   20
341.70000000000000000000   21
341.80000000000000000000   20
341.90000000000000000000   21
342.00000000000000000000   21
342.10000000000000000000   22
342.20000000000000000000   20
342.30000000000000000000   18
342.40000000000000000000   18
342.50000000000000000000   17
342.60000000000000000000   21
342.70000000000000000000   22
342.80000000000000000000   21
342.90000000000000000000   23
343.00000000000000000000   20
343.10000000000000000000   27
343.20000000000000000000   24
343.30000000000000000000   24
343.40000000000000000000   23
343.50000000000000000000   20
343.60000000000000000000   17
343.70000000000000000000   17
343.80000000000000000000   21
343.90000000000000000000   18
344.00000000000000000000   19
344.10000000000000000000   17
344.20000000000000000000   20
344.30000000000000000000   19
344.40000000000000000000   18
344.50000000000000000000   20
344.60000000000000000000   15
344.70000000000000000000   20
344.80000000000000000000   21
344.90000000000000000000   18
345.00000000000000000000   16
345.10000000000000000000   17
345.20000000000000000000   19
345.30000000000000000000   16
345.40000000000000000000   14
345.50000000000000000000   21
345.60000000000000000000   17
345.70000000000000000000   19
345.80000000000000000000   16
345.90000000000000000000   18
346.00000000000000000000   18
346.10000000000000000000   13
346.20000000000000000000   18
346.30000000000000000000   16
346.40000000000000000000   15
346.50000000000000000000   16
346.60000000000000000000   18
346.70000000000000000000   15
346.80000000000000000000   16
346.90000000000000000000   17
347.00000000000000000000   19
347.10000000000000000000   21
347.20000000000000000000   22
347.30000000000000000000   19
347.40000000000000000000   21
347.50000000000000000000   19
347.60000000000000000000   19
347.70000000000000000000   22
347.80000000000000000000   20
347.90000000000000000000   20
348.00000000000000000000   19
348.10000000000000000000   21
348.20000000000000000000   19
348.30000000000000000000   20
348.40000000000000000000   18
348.50000000000000000000   18
348.60000000000000000000   19
348.70000000000000000000   21
348.80000000000000000000   20
348.90000000000000000000   22
349.00000000000000000000   22
349.10000000000000000000   20
349.20000000000000000000   19
349.30000000000000000000   20
349.40000000000000000000   20
349.50000000000000000000   22
349.60000000000000000000   20
349.70000000000000000000   17
349.80000000000000000000   19
349.90000000000000000000   19
350.00000000000000000000   19
350.10000000000000000000   19
350.20000000000000000000   19
350.30000000000000000000   19
350.40000000000000000000   18
350.50000000000000000000   17
350.60000000000000000000   19
350.70000000000000000000   19
350.80000000000000000000   19
350.90000000000000000000   19
351.00000000000000000000   21
351.10000000000000000000   21
351.20000000000000000000   20
351.30000000000000000000   19
351.40000000000000000000   17
351.50000000000000000000   21
351.60000000000000000000   17
351.70000000000000000000   16
351.80000000000000000000   21
351.90000000000000000000   19
352.00000000000000000000   21
352.10000000000000000000   17
352.20000000000000000000   18
352.30000000000000000000   15
352.40000000000000000000   21
352.50000000000000000000   24
352.60000000000000000000   24
352.70000000000000000000   23
352.80000000000000000000   22
352.90000000000000000000   23
353.00000000000000000000   19
353.10000000000000000000   22
353.20000000000000000000   22
353.30000000000000000000   20
353.40000000000000000000   17
353.50000000000000000000   19
353.60000000000000000000   19
353.70000000000000000000   20
353.80000000000000000000   21
353.90000000000000000000   13
354.00000000000000000000   15
354.10000000000000000000   18
354.20000000000000000000   22
354.30000000000000000000   18
354.40000000000000000000   14
354.50000000000000000000   16
354.60000000000000000000   19
354.70000000000000000000   22
354.80000000000000000000   19
354.90000000000000000000   20
355.00000000000000000000   19
355.10000000000000000000   24
355.20000000000000000000   23
355.30000000000000000000   22
355.40000000000000000000   22
355.50000000000000000000   19
355.60000000000000000000   20
355.70000000000000000000   22
355.80000000000000000000   22
355.90000000000000000000   18
356.00000000000000000000   17
356.10000000000000000000   22
356.20000000000000000000   27
356.30000000000000000000   22
356.40000000000000000000   21
356.50000000000000000000   18
356.60000000000000000000   22
356.70000000000000000000   17
356.80000000000000000000   18
356.90000000000000000000   19
357.00000000000000000000   22
357.10000000000000000000   18
357.20000000000000000000   19
357.30000000000000000000   19
357.40000000000000000000   16
357.50000000000000000000   24
357.60000000000000000000   28
357.70000000000000000000   28
357.80000000000000000000   27
357.90000000000000000000   26
358.00000000000000000000   24
358.10000000000000000000   18
358.20000000000000000000   18
358.30000000000000000000   20
358.40000000000000000000   22
358.50000000000000000000   21
358.60000000000000000000   17
358.70000000000000000000   16
358.80000000000000000000   19
358.90000000000000000000   17
359.00000000000000000000   17
359.10000000000000000000   16
359.20000000000000000000   15
359.30000000000000000000   17
359.40000000000000000000   17
359.50000000000000000000   18
359.60000000000000000000   13
359.70000000000000000000   20
359.80000000000000000000   18
359.90000000000000000000   17
360.00000000000000000000   13
360.10000000000000000000   10
360.20000000000000000000   14
360.30000000000000000000   16
360.40000000000000000000   15
360.50000000000000000000   16
360.60000000000000000000   16
360.70000000000000000000   15
360.80000000000000000000   15
360.90000000000000000000   14
361.00000000000000000000   13
361.10000000000000000000   16
361.20000000000000000000   17
361.30000000000000000000   15
361.40000000000000000000   13
361.50000000000000000000   13
361.60000000000000000000   17
361.70000000000000000000   15
361.80000000000000000000   15
361.90000000000000000000   15
362.00000000000000000000   17
362.10000000000000000000   17
362.20000000000000000000   17
362.30000000000000000000   17
362.40000000000000000000   21
362.50000000000000000000   17
362.60000000000000000000   18
362.70000000000000000000   19
362.80000000000000000000   16
362.90000000000000000000   15
363.00000000000000000000   13
363.10000000000000000000   17
363.20000000000000000000   12
363.30000000000000000000   17
363.40000000000000000000   17
363.50000000000000000000   16
363.60000000000000000000   16
363.70000000000000000000   14
363.80000000000000000000   13
363.90000000000000000000   17
364.00000000000000000000   18
364.10000000000000000000   16
364.20000000000000000000   16
364.30000000000000000000   21
364.40000000000000000000   16
364.50000000000000000000   19
364.60000000000000000000   18
364.70000000000000000000   14
364.80000000000000000000   16
364.90000000000000000000   14
365.00000000000000000000   16
365.10000000000000000000   16
365.20000000000000000000   16
365.30000000000000000000   18
365.40000000000000000000   17
365.50000000000000000000   15
365.60000000000000000000   17
365.70000000000000000000   15
365.80000000000000000000   13
365.90000000000000000000   14
366.00000000000000000000   14
366.10000000000000000000   13
366.20000000000000000000   14
366.30000000000000000000   13
366.40000000000000000000   14
366.50000000000000000000   14
366.60000000000000000000   12
366.70000000000000000000   13
366.80000000000000000000   16
366.90000000000000000000   13
367.00000000000000000000   15
367.10000000000000000000   13
367.20000000000000000000   15
367.30000000000000000000   15
367.40000000000000000000   16
367.50000000000000000000   12
367.60000000000000000000   13
367.70000000000000000000   12
367.80000000000000000000   13
367.90000000000000000000   18
368.00000000000000000000   13
368.10000000000000000000   14
368.20000000000000000000   13
368.30000000000000000000   12
368.40000000000000000000   13
368.50000000000000000000   13
368.60000000000000000000   12
368.70000000000000000000   16
368.80000000000000000000   14
368.90000000000000000000   14
369.00000000000000000000   13
369.10000000000000000000   14
369.20000000000000000000   12
369.30000000000000000000   14
369.40000000000000000000   13
369.50000000000000000000   13
369.60000000000000000000   11
369.70000000000000000000   14
369.80000000000000000000   13
369.90000000000000000000   13
370.00000000000000000000   12
370.10000000000000000000   16
370.20000000000000000000   14
370.30000000000000000000   15
370.40000000000000000000   20
370.50000000000000000000   17
370.60000000000000000000   15
370.70000000000000000000   17
370.80000000000000000000   18
370.90000000000000000000   17
371.00000000000000000000   19
371.10000000000000000000   20
371.20000000000000000000   17
371.30000000000000000000   20
371.40000000000000000000   18
371.50000000000000000000   20
371.60000000000000000000   17
371.70000000000000000000   18
371.80000000000000000000   21
371.90000000000000000000   20
372.00000000000000000000   20
372.10000000000000000000   18
372.20000000000000000000   17
372.30000000000000000000   16
372.40000000000000000000   15
372.50000000000000000000   16
372.60000000000000000000   16
372.70000000000000000000   20
372.80000000000000000000   20
372.90000000000000000000   20
373.00000000000000000000   21
373.10000000000000000000   18
373.20000000000000000000   19
373.30000000000000000000   22
373.40000000000000000000   17
373.50000000000000000000   17
373.60000000000000000000   17
373.70000000000000000000   16
373.80000000000000000000   21
373.90000000000000000000   18
374.00000000000000000000   19
374.10000000000000000000   16
374.20000000000000000000   18
374.30000000000000000000   17
374.40000000000000000000   18
374.50000000000000000000   19
374.60000000000000000000   19
374.70000000000000000000   20
374.80000000000000000000   20
374.90000000000000000000   18
375.00000000000000000000   18
375.10000000000000000000   19
375.20000000000000000000   19
375.30000000000000000000   19
375.40000000000000000000   19
375.50000000000000000000   19
375.60000000000000000000   16
375.70000000000000000000   17
375.80000000000000000000   19
375.90000000000000000000   19
376.00000000000000000000   20
376.10000000000000000000   20
376.20000000000000000000   20
376.30000000000000000000   21
376.40000000000000000000   17
376.50000000000000000000   15
376.60000000000000000000   19
376.70000000000000000000   19
376.80000000000000000000   17
376.90000000000000000000   18
377.00000000000000000000   17
377.10000000000000000000   19
377.20000000000000000000   17
377.30000000000000000000   23
377.40000000000000000000   19
377.50000000000000000000   22
377.60000000000000000000   17
377.70000000000000000000   21
377.80000000000000000000   17
377.90000000000000000000   19
378.00000000000000000000   19
378.10000000000000000000   17
378.20000000000000000000   16
378.30000000000000000000   13
378.40000000000000000000   21
378.50000000000000000000   18
378.60000000000000000000   15
378.70000000000000000000   14
378.80000000000000000000   17
378.90000000000000000000   17
379.00000000000000000000   20
379.10000000000000000000   17
379.20000000000000000000   18
379.30000000000000000000   22
379.40000000000000000000   17
379.50000000000000000000   21
379.60000000000000000000   19
379.70000000000000000000   20
379.80000000000000000000   19
379.90000000000000000000   17
380.00000000000000000000   17
380.10000000000000000000   17
380.20000000000000000000   15
380.30000000000000000000   16
380.40000000000000000000   16
380.50000000000000000000   17
380.60000000000000000000   16
380.70000000000000000000   14
380.80000000000000000000   17
380.90000000000000000000   17
381.00000000000000000000   20
381.10000000000000000000   19
381.20000000000000000000   20
381.30000000000000000000   18
381.40000000000000000000   17
381.50000000000000000000   16
381.60000000000000000000   17
381.70000000000000000000   16
381.80000000000000000000   15
381.90000000000000000000   15
382.00000000000000000000   13
382.10000000000000000000   17
382.20000000000000000000   18
382.30000000000000000000   17
382.40000000000000000000   16
382.50000000000000000000   18
382.60000000000000000000   17
382.70000000000000000000   18
382.80000000000000000000   16
382.90000000000000000000   18
383.00000000000000000000   19
383.10000000000000000000   13
383.20000000000000000000   17
383.30000000000000000000   18
383.40000000000000000000   16
383.50000000000000000000   18
383.60000000000000000000   20
383.70000000000000000000   23
383.80000000000000000000   22
383.90000000000000000000   17
384.00000000000000000000   22
384.10000000000000000000   18
384.20000000000000000000   21
384.30000000000000000000   21
384.40000000000000000000   20
384.50000000000000000000   18
384.60000000000000000000   16
384.70000000000000000000   16
384.80000000000000000000   21
384.90000000000000000000   20
385.00000000000000000000   19
385.10000000000000000000   21
385.20000000000000000000   22
385.30000000000000000000   19
385.40000000000000000000   22
385.50000000000000000000   21
385.60000000000000000000   19
385.70000000000000000000   19
385.80000000000000000000   20
385.90000000000000000000   21
386.00000000000000000000   20
386.10000000000000000000   20
386.20000000000000000000   20
386.30000000000000000000   21
386.40000000000000000000   20
386.50000000000000000000   18
386.60000000000000000000   19
386.70000000000000000000   19
386.80000000000000000000   17
386.90000000000000000000   16
387.00000000000000000000   18
387.10000000000000000000   16
387.20000000000000000000   17
387.30000000000000000000   14
387.40000000000000000000   17
387.50000000000000000000   18
387.60000000000000000000   17
387.70000000000000000000   17
387.80000000000000000000   18
387.90000000000000000000   17
388.00000000000000000000   18
388.10000000000000000000   18
388.20000000000000000000   19
388.30000000000000000000   16
388.40000000000000000000   18
388.50000000000000000000   16
388.60000000000000000000   19
388.70000000000000000000   18
388.80000000000000000000   20
388.90000000000000000000   15
389.00000000000000000000   17
389.10000000000000000000   15
389.20000000000000000000   20
389.30000000000000000000   18
389.40000000000000000000   18
389.50000000000000000000   16
389.60000000000000000000   21
389.70000000000000000000   18
389.80000000000000000000   18
389.90000000000000000000   16
390.00000000000000000000   17
390.10000000000000000000   19
390.20000000000000000000   22
390.30000000000000000000   18
390.40000000000000000000   17
390.50000000000000000000   17
390.60000000000000000000   15
390.70000000000000000000   18
390.80000000000000000000   17
390.90000000000000000000   15
391.00000000000000000000   15
391.10000000000000000000   17
391.20000000000000000000   17
391.30000000000000000000   18
391.40000000000000000000   19
391.50000000000000000000   14
391.60000000000000000000   14
391.70000000000000000000   10
391.80000000000000000000   18
391.90000000000000000000   14
392.00000000000000000000   13
392.10000000000000000000   20
392.20000000000000000000   15
392.30000000000000000000   14
392.40000000000000000000   15
392.50000000000000000000   15
392.60000000000000000000   17
392.70000000000000000000   19
392.80000000000000000000   20
392.90000000000000000000   22
393.00000000000000000000   18
393.10000000000000000000   15
393.20000000000000000000   15
393.30000000000000000000   19
393.40000000000000000000   20
393.50000000000000000000   19
393.60000000000000000000   21
393.70000000000000000000   19
393.80000000000000000000   20
393.90000000000000000000   19
394.00000000000000000000   19
394.10000000000000000000   19
394.20000000000000000000   22
394.30000000000000000000   19
394.40000000000000000000   21
394.50000000000000000000   15
394.60000000000000000000   18
394.70000000000000000000   21
394.80000000000000000000   20
394.90000000000000000000   22
395.00000000000000000000   21
395.10000000000000000000   19
395.20000000000000000000   19
395.30000000000000000000   21
395.40000000000000000000   20
395.50000000000000000000   20
395.60000000000000000000   18
395.70000000000000000000   21
395.80000000000000000000   16
395.90000000000000000000   18
396.00000000000000000000   18
396.10000000000000000000   21
396.20000000000000000000   21
396.30000000000000000000   19
396.40000000000000000000   17
396.50000000000000000000   18
396.60000000000000000000   20
396.70000000000000000000   20
396.80000000000000000000   18
396.90000000000000000000   17
397.00000000000000000000   18
397.10000000000000000000   19
397.20000000000000000000   21
397.30000000000000000000   19
397.40000000000000000000   20
397.50000000000000000000   21
397.60000000000000000000   24
397.70000000000000000000   23
397.80000000000000000000   21
397.90000000000000000000   20
398.00000000000000000000   22
398.10000000000000000000   21
398.20000000000000000000   25
398.30000000000000000000   22
398.40000000000000000000   22
398.50000000000000000000   20
398.60000000000000000000   20
398.70000000000000000000   23
398.80000000000000000000   22
398.90000000000000000000   22
399.00000000000000000000   22
399.10000000000000000000   22
399.20000000000000000000   22
399.30000000000000000000   22
399.40000000000000000000   22
399.50000000000000000000   22
399.60000000000000000000   22
399.70000000000000000000   22
