200.00000000000000000000   15
200.10000000000000000000   15
200.20000000000000000000   12
200.30000000000000000000   15
200.40000000000000000000   13
200.50000000000000000000   13
200.60000000000000000000   17
200.70000000000000000000   13
200.80000000000000000000   12
200.90000000000000000000   11
201.00000000000000000000   12
201.10000000000000000000   10
201.20000000000000000000   8
201.30000000000000000000   10
201.40000000000000000000   12
201.50000000000000000000   10
201.60000000000000000000   11
201.70000000000000000000   10
201.80000000000000000000   7
201.90000000000000000000   7
202.00000000000000000000   8
202.10000000000000000000   10
202.20000000000000000000   12
202.30000000000000000000   17
202.40000000000000000000   12
202.50000000000000000000   12
202.60000000000000000000   11
202.70000000000000000000   13
202.80000000000000000000   14
202.90000000000000000000   14
203.00000000000000000000   11
203.10000000000000000000   14
203.20000000000000000000   10
203.30000000000000000000   12
203.40000000000000000000   14
203.50000000000000000000   12
203.60000000000000000000   14
203.70000000000000000000   11
203.80000000000000000000   12
203.90000000000000000000   11
204.00000000000000000000   13
204.10000000000000000000   11
204.20000000000000000000   7
204.30000000000000000000   8
204.40000000000000000000   7
204.50000000000000000000   8
204.60000000000000000000   9
204.70000000000000000000   8
204.80000000000000000000   7
204.90000000000000000000   8
205.00000000000000000000   10
205.10000000000000000000   10
205.20000000000000000000   11
205.30000000000000000000   7
205.40000000000000000000   11
205.50000000000000000000   15
205.60000000000000000000   15
205.70000000000000000000   12
205.80000000000000000000   14
205.90000000000000000000   13
206.00000000000000000000   14
206.10000000000000000000   11
206.20000000000000000000   9
206.30000000000000000000   11
206.40000000000000000000   11
206.50000000000000000000   11
206.60000000000000000000   11
206.70000000000000000000   14
206.80000000000000000000   9
206.90000000000000000000   12
207.00000000000000000000   13
207.10000000000000000000   14
207.20000000000000000000   11
207.30000000000000000000   10
207.40000000000000000000   11
207.50000000000000000000   9
207.60000000000000000000   17
207.70000000000000000000   12
207.80000000000000000000   14
207.90000000000000000000   13
208.00000000000000000000   13
208.10000000000000000000   14
208.20000000000000000000   13
208.30000000000000000000   16
208.40000000000000000000   13
208.50000000000000000000   14
208.60000000000000000000   15
208.70000000000000000000   17
208.80000000000000000000   18
208.90000000000000000000   14
209.00000000000000000000   15
209.10000000000000000000   14
209.20000000000000000000   14
209.30000000000000000000   11
209.40000000000000000000   10
209.50000000000000000000   11
209.60000000000000000000   11
209.70000000000000000000   10
209.80000000000000000000   13
209.90000000000000000000   14
210.00000000000000000000   17
210.10000000000000000000   16
210.20000000000000000000   19
210.30000000000000000000   15
210.40000000000000000000   18
210.50000000000000000000   15
210.60000000000000000000   18
210.70000000000000000000   17
210.80000000000000000000   16
210.90000000000000000000   21
211.00000000000000000000   17
211.10000000000000000000   16
211.20000000000000000000   15
211.30000000000000000000   11
211.40000000000000000000   16
211.50000000000000000000   17
211.60000000000000000000   16
211.70000000000000000000   17
211.80000000000000000000   17
211.90000000000000000000   20
212.00000000000000000000   12
212.10000000000000000000   18
212.20000000000000000000   15
212.30000000000000000000   19
212.40000000000000000000   20
212.50000000000000000000   17
212.60000000000000000000   18
212.70000000000000000000   21
212.80000000000000000000   20
212.90000000000000000000   18
213.00000000000000000000   20
213.10000000000000000000   20
213.20000000000000000000   19
213.30000000000000000000   19
213.40000000000000000000   18
213.50000000000000000000   12
213.60000000000000000000   15
213.70000000000000000000   16
213.80000000000000000000   15
213.90000000000000000000   14
214.00000000000000000000   15
214.10000000000000000000   14
214.20000000000000000000   18
214.30000000000000000000   16
214.40000000000000000000   13
214.50000000000000000000   12
214.60000000000000000000   14
214.70000000000000000000   16
214.80000000000000000000   12
214.90000000000000000000   12
215.00000000000000000000   16
215.10000000000000000000   14
215.20000000000000000000   17
215.30000000000000000000   15
215.40000000000000000000   18
215.50000000000000000000   13
215.60000000000000000000   16
215.70000000000000000000   19
215.80000000000000000000   19
215.90000000000000000000   16
216.00000000000000000000   18
216.10000000000000000000   12
216.20000000000000000000   9
216.30000000000000000000   11
216.40000000000000000000   16
216.50000000000000000000   14
216.60000000000000000000   13
216.70000000000000000000   14
216.80000000000000000000   14
216.90000000000000000000   17
217.00000000000000000000   12
217.10000000000000000000   12
217.20000000000000000000   14
217.30000000000000000000   14
217.40000000000000000000   14
217.50000000000000000000   14
217.60000000000000000000   12
217.70000000000000000000   14
217.80000000000000000000   14
217.90000000000000000000   17
218.00000000000000000000   17
218.10000000000000000000   15
218.20000000000000000000   18
218.30000000000000000000   17
218.40000000000000000000   16
218.50000000000000000000   17
218.60000000000000000000   14
218.70000000000000000000   15
218.80000000000000000000   17
218.90000000000000000000   16
219.00000000000000000000   22
219.10000000000000000000   19
219.20000000000000000000   16
219.30000000000000000000   18
219.40000000000000000000   16
219.50000000000000000000   15
219.60000000000000000000   18
219.70000000000000000000   14
219.80000000000000000000   13
219.90000000000000000000   14
220.00000000000000000000   19
220.10000000000000000000   15
220.20000000000000000000   15
220.30000000000000000000   12
220.40000000000000000000   13
220.50000000000000000000   13
220.60000000000000000000   16
220.70000000000000000000   14
220.80000000000000000000   15
220.90000000000000000000   13
221.00000000000000000000   12
221.10000000000000000000   9
221.20000000000000000000   10
221.30000000000000000000   15
221.40000000000000000000   17
221.50000000000000000000   11
221.60000000000000000000   13
221.70000000000000000000   5
221.80000000000000000000   10
221.90000000000000000000   12
222.00000000000000000000   11
222.10000000000000000000   8
222.20000000000000000000   9
222.30000000000000000000   10
222.40000000000000000000   11
222.50000000000000000000   11
222.60000000000000000000   12
222.70000000000000000000   12
222.80000000000000000000   10
222.90000000000000000000   8
223.00000000000000000000   10
223.10000000000000000000   11
223.20000000000000000000   12
223.30000000000000000000   11
223.40000000000000000000   9
223.50000000000000000000   10
223.60000000000000000000   13
223.70000000000000000000   5
223.80000000000000000000   6
223.90000000000000000000   7
224.00000000000000000000   6
224.10000000000000000000   7
224.20000000000000000000   10
224.30000000000000000000   8
224.40000000000000000000   7
224.50000000000000000000   7
224.60000000000000000000   9
224.70000000000000000000   12
224.80000000000000000000   7
224.90000000000000000000   6
225.00000000000000000000   10
225.10000000000000000000   9
225.20000000000000000000   10
225.30000000000000000000   6
225.40000000000000000000   6
225.50000000000000000000   6
225.60000000000000000000   8
225.70000000000000000000   12
225.80000000000000000000   8
225.90000000000000000000   10
226.00000000000000000000   8
226.10000000000000000000   6
226.20000000000000000000   4
226.30000000000000000000   11
226.40000000000000000000   8
226.50000000000000000000   9
226.60000000000000000000   11
226.70000000000000000000   14
226.80000000000000000000   14
226.90000000000000000000   13
227.00000000000000000000   11
227.10000000000000000000   10
227.20000000000000000000   8
227.30000000000000000000   12
227.40000000000000000000   12
227.50000000000000000000   10
227.60000000000000000000   16
227.70000000000000000000   19
227.80000000000000000000   16
227.90000000000000000000   15
228.00000000000000000000   16
228.10000000000000000000   14
228.20000000000000000000   13
228.30000000000000000000   13
228.40000000000000000000   11
228.50000000000000000000   12
228.60000000000000000000   8
228.70000000000000000000   10
228.80000000000000000000   9
228.90000000000000000000   10
229.00000000000000000000   10
229.10000000000000000000   7
229.20000000000000000000   8
229.30000000000000000000   9
229.40000000000000000000   12
229.50000000000000000000   12
229.60000000000000000000   11
229.70000000000000000000   13
229.80000000000000000000   10
229.90000000000000000000   9
230.00000000000000000000   11
230.10000000000000000000   13
230.20000000000000000000   7
230.30000000000000000000   14
230.40000000000000000000   14
230.50000000000000000000   15
230.60000000000000000000   17
230.70000000000000000000   13
230.80000000000000000000   10
230.90000000000000000000   11
231.00000000000000000000   9
231.10000000000000000000   9
231.20000000000000000000   8
231.30000000000000000000   5
231.40000000000000000000   8
231.50000000000000000000   8
231.60000000000000000000   11
231.70000000000000000000   4
231.80000000000000000000   11
231.90000000000000000000   12
232.00000000000000000000   10
232.10000000000000000000   12
232.20000000000000000000   12
232.30000000000000000000   16
232.40000000000000000000   14
232.50000000000000000000   10
232.60000000000000000000   8
232.70000000000000000000   6
232.80000000000000000000   7
232.90000000000000000000   9
233.00000000000000000000   12
233.10000000000000000000   12
233.20000000000000000000   12
233.30000000000000000000   16
233.40000000000000000000   13
233.50000000000000000000   11
233.60000000000000000000   13
233.70000000000000000000   8
233.80000000000000000000   10
233.90000000000000000000   10
234.00000000000000000000   5
234.10000000000000000000   1
234.20000000000000000000   7
234.30000000000000000000   4
234.40000000000000000000   8
234.50000000000000000000   6
234.60000000000000000000   9
234.70000000000000000000   7
234.80000000000000000000   6
234.90000000000000000000   10
235.00000000000000000000   6
235.10000000000000000000   10
235.20000000000000000000   7
235.30000000000000000000   7
235.40000000000000000000   10
235.50000000000000000000   8
235.60000000000000000000   8
235.70000000000000000000   9
235.80000000000000000000   5
235.90000000000000000000   4
236.00000000000000000000   10
236.10000000000000000000   11
236.20000000000000000000   9
236.30000000000000000000   12
236.40000000000000000000   17
236.50000000000000000000   12
236.60000000000000000000   13
236.70000000000000000000   13
236.80000000000000000000   13
236.90000000000000000000   14
237.00000000000000000000   15
237.10000000000000000000   12
237.20000000000000000000   12
237.30000000000000000000   6
237.40000000000000000000   10
237.50000000000000000000   5
237.60000000000000000000   7
237.70000000000000000000   4
237.80000000000000000000   7
237.90000000000000000000   14
238.00000000000000000000   8
238.10000000000000000000   12
238.20000000000000000000   12
238.30000000000000000000   14
238.40000000000000000000   10
238.50000000000000000000   14
238.60000000000000000000   13
238.70000000000000000000   14
238.80000000000000000000   13
238.90000000000000000000   14
239.00000000000000000000   9
239.10000000000000000000   9
239.20000000000000000000   10
239.30000000000000000000   11
239.40000000000000000000   10
239.50000000000000000000   12
239.60000000000000000000   12
239.70000000000000000000   12
239.80000000000000000000   15
239.90000000000000000000   15
240.00000000000000000000   14
240.10000000000000000000   11
240.20000000000000000000   17
240.30000000000000000000   15
240.40000000000000000000   14
240.50000000000000000000   9
240.60000000000000000000   10
240.70000000000000000000   11
240.80000000000000000000   11
240.90000000000000000000   17
241.00000000000000000000   11
241.10000000000000000000   5
241.20000000000000000000   9
241.30000000000000000000   8
241.40000000000000000000   12
241.50000000000000000000   15
241.60000000000000000000   14
241.70000000000000000000   13
241.80000000000000000000   16
241.90000000000000000000   15
242.00000000000000000000   16
242.10000000000000000000   18
242.20000000000000000000   14
242.30000000000000000000   12
242.40000000000000000000   13
242.50000000000000000000   14
242.60000000000000000000   14
242.70000000000000000000   14
242.80000000000000000000   14
242.90000000000000000000   14
243.00000000000000000000   17
243.10000000000000000000   17
243.20000000000000000000   18
243.30000000000000000000   12
243.40000000000000000000   20
243.50000000000000000000   15
243.60000000000000000000   17
243.70000000000000000000   17
243.80000000000000000000   16
243.90000000000000000000   12
244.00000000000000000000   13
244.10000000000000000000   15
244.20000000000000000000   18
244.30000000000000000000   17
244.40000000000000000000   14
244.50000000000000000000   14
244.60000000000000000000   17
244.70000000000000000000   14
244.80000000000000000000   14
244.90000000000000000000   12
245.00000000000000000000   16
245.10000000000000000000   15
245.20000000000000000000   16
245.30000000000000000000   16
245.40000000000000000000   16
245.50000000000000000000   16
245.60000000000000000000   15
245.70000000000000000000   10
245.80000000000000000000   11
245.90000000000000000000   10
246.00000000000000000000   14
246.10000000000000000000   11
246.20000000000000000000   17
246.30000000000000000000   14
246.40000000000000000000   13
246.50000000000000000000   13
246.60000000000000000000   12
246.70000000000000000000   9
246.80000000000000000000   13
246.90000000000000000000   8
247.00000000000000000000   13
247.10000000000000000000   13
247.20000000000000000000   12
247.30000000000000000000   14
247.40000000000000000000   14
247.50000000000000000000   13
247.60000000000000000000   15
247.70000000000000000000   12
247.80000000000000000000   12
247.90000000000000000000   13
248.00000000000000000000   12
248.10000000000000000000   17
248.20000000000000000000   19
248.30000000000000000000   18
248.40000000000000000000   19
248.50000000000000000000   18
248.60000000000000000000   18
248.70000000000000000000   15
248.80000000000000000000   17
248.90000000000000000000   16
249.00000000000000000000   16
249.10000000000000000000   12
249.20000000000000000000   12
249.30000000000000000000   12
249.40000000000000000000   13
249.50000000000000000000   14
249.60000000000000000000   14
249.70000000000000000000   16
249.80000000000000000000   10
249.90000000000000000000   12
250.00000000000000000000   13
250.10000000000000000000   14
250.20000000000000000000   11
250.30000000000000000000   11
250.40000000000000000000   14
250.50000000000000000000   17
250.60000000000000000000   14
250.70000000000000000000   10
250.80000000000000000000   9
250.90000000000000000000   14
251.00000000000000000000   10
251.10000000000000000000   14
251.20000000000000000000   14
251.30000000000000000000   13
251.40000000000000000000   12
251.50000000000000000000   11
251.60000000000000000000   13
251.70000000000000000000   10
251.80000000000000000000   10
251.90000000000000000000   9
252.00000000000000000000   10
252.10000000000000000000   9
252.20000000000000000000   10
252.30000000000000000000   10
252.40000000000000000000   14
252.50000000000000000000   13
252.60000000000000000000   16
252.70000000000000000000   17
252.80000000000000000000   14
252.90000000000000000000   16
253.00000000000000000000   13
253.10000000000000000000   17
253.20000000000000000000   15
253.30000000000000000000   18
253.40000000000000000000   20
253.50000000000000000000   17
253.60000000000000000000   20
253.70000000000000000000   20
253.80000000000000000000   24
253.90000000000000000000   21
254.00000000000000000000   20
254.10000000000000000000   15
254.20000000000000000000   15
254.30000000000000000000   16
254.40000000000000000000   18
254.50000000000000000000   19
254.60000000000000000000   18
254.70000000000000000000   16
254.80000000000000000000   17
254.90000000000000000000   17
255.00000000000000000000   18
255.10000000000000000000   16
255.20000000000000000000   16
255.30000000000000000000   11
255.40000000000000000000   11
255.50000000000000000000   16
255.60000000000000000000   16
255.70000000000000000000   16
255.80000000000000000000   16
255.90000000000000000000   12
256.00000000000000000000   13
256.10000000000000000000   14
256.20000000000000000000   12
256.30000000000000000000   15
256.40000000000000000000   12
256.50000000000000000000   16
256.60000000000000000000   20
256.70000000000000000000   16
256.80000000000000000000   13
256.90000000000000000000   16
257.00000000000000000000   15
257.10000000000000000000   19
257.20000000000000000000   16
257.30000000000000000000   13
257.40000000000000000000   14
257.50000000000000000000   15
257.60000000000000000000   18
257.70000000000000000000   14
257.80000000000000000000   13
257.90000000000000000000   21
258.00000000000000000000   21
258.10000000000000000000   27
258.20000000000000000000   25
258.30000000000000000000   22
258.40000000000000000000   21
258.50000000000000000000   23
258.60000000000000000000   17
258.70000000000000000000   24
258.80000000000000000000   20
258.90000000000000000000   19
259.00000000000000000000   19
259.10000000000000000000   20
259.20000000000000000000   20
259.30000000000000000000   19
259.40000000000000000000   17
259.50000000000000000000   15
259.60000000000000000000   18
259.70000000000000000000   16
259.80000000000000000000   19
259.90000000000000000000   18
260.00000000000000000000   14
260.10000000000000000000   21
260.20000000000000000000   21
260.30000000000000000000   16
260.40000000000000000000   19
260.50000000000000000000   18
260.60000000000000000000   16
260.70000000000000000000   14
260.80000000000000000000   18
260.90000000000000000000   15
261.00000000000000000000   14
261.10000000000000000000   13
261.20000000000000000000   17
261.30000000000000000000   19
261.40000000000000000000   20
261.50000000000000000000   15
261.60000000000000000000   14
261.70000000000000000000   13
261.80000000000000000000   15
261.90000000000000000000   19
262.00000000000000000000   15
262.10000000000000000000   16
262.20000000000000000000   16
262.30000000000000000000   15
262.40000000000000000000   16
262.50000000000000000000   16
262.60000000000000000000   16
262.70000000000000000000   15
262.80000000000000000000   16
262.90000000000000000000   15
263.00000000000000000000   16
263.10000000000000000000   19
263.20000000000000000000   18
263.30000000000000000000   15
263.40000000000000000000   16
263.50000000000000000000   14
263.60000000000000000000   14
263.70000000000000000000   16
263.80000000000000000000   16
263.90000000000000000000   14
264.00000000000000000000   12
264.10000000000000000000   16
264.20000000000000000000   12
264.30000000000000000000   15
264.40000000000000000000   16
264.50000000000000000000   17
264.60000000000000000000   16
264.70000000000000000000   18
264.80000000000000000000   21
264.90000000000000000000   23
265.00000000000000000000   22
265.10000000000000000000   20
265.20000000000000000000   23
265.30000000000000000000   25
265.40000000000000000000   22
265.50000000000000000000   21
265.60000000000000000000   18
265.70000000000000000000   21
265.80000000000000000000   20
265.90000000000000000000   21
266.00000000000000000000   19
266.10000000000000000000   15
266.20000000000000000000   17
266.30000000000000000000   13
266.40000000000000000000   17
266.50000000000000000000   17
266.60000000000000000000   19
266.70000000000000000000   15
266.80000000000000000000   16
266.90000000000000000000   18
267.00000000000000000000   14
267.10000000000000000000   15
267.20000000000000000000   11
267.30000000000000000000   13
267.40000000000000000000   10
267.50000000000000000000   10
267.60000000000000000000   10
267.70000000000000000000   11
267.80000000000000000000   11
267.90000000000000000000   10
268.00000000000000000000   11
268.10000000000000000000   11
268.20000000000000000000   11
268.30000000000000000000   9
268.40000000000000000000   10
268.50000000000000000000   13
268.60000000000000000000   15
268.70000000000000000000   14
268.80000000000000000000   15
268.90000000000000000000   12
269.00000000000000000000   15
269.10000000000000000000   12
269.20000000000000000000   16
269.30000000000000000000   15
269.40000000000000000000   17
269.50000000000000000000   15
269.60000000000000000000   18
269.70000000000000000000   24
269.80000000000000000000   23
269.90000000000000000000   18
270.00000000000000000000   19
270.10000000000000000000   20
270.20000000000000000000   12
270.30000000000000000000   10
270.40000000000000000000   18
270.50000000000000000000   21
270.60000000000000000000   22
270.70000000000000000000   18
270.80000000000000000000   24
270.90000000000000000000   17
271.00000000000000000000   18
271.10000000000000000000   20
271.20000000000000000000   19
271.30000000000000000000   16
271.40000000000000000000   19
271.50000000000000000000   20
271.60000000000000000000   22
271.70000000000000000000   21
271.80000000000000000000   15
271.90000000000000000000   15
272.00000000000000000000   20
272.10000000000000000000   15
272.20000000000000000000   16
272.30000000000000000000   16
272.40000000000000000000   15
272.50000000000000000000   16
272.60000000000000000000   16
272.70000000000000000000   19
272.80000000000000000000   14
272.90000000000000000000   15
273.00000000000000000000   17
273.10000000000000000000   13
273.20000000000000000000   16
273.30000000000000000000   22
273.40000000000000000000   16
273.50000000000000000000   16
273.60000000000000000000   14
273.70000000000000000000   13
273.80000000000000000000   16
273.90000000000000000000   13
274.00000000000000000000   13
274.10000000000000000000   15
274.20000000000000000000   16
274.30000000000000000000   17
274.40000000000000000000   15
274.50000000000000000000   11
274.60000000000000000000   12
274.70000000000000000000   14
274.80000000000000000000   16
274.90000000000000000000   15
275.00000000000000000000   12
275.10000000000000000000   15
275.20000000000000000000   15
275.30000000000000000000   19
275.40000000000000000000   16
275.50000000000000000000   19
275.60000000000000000000   19
275.70000000000000000000   16
275.80000000000000000000   14
275.90000000000000000000   17
276.00000000000000000000   19
276.10000000000000000000   22
276.20000000000000000000   21
276.30000000000000000000   22
276.40000000000000000000   20
276.50000000000000000000   16
276.60000000000000000000   18
276.70000000000000000000   16
276.80000000000000000000   18
276.90000000000000000000   17
277.00000000000000000000   20
277.10000000000000000000   18
277.20000000000000000000   22
277.30000000000000000000   18
277.40000000000000000000   19
277.50000000000000000000   17
277.60000000000000000000   20
277.70000000000000000000   18
277.80000000000000000000   20
277.90000000000000000000   22
278.00000000000000000000   21
278.10000000000000000000   19
278.20000000000000000000   20
278.30000000000000000000   20
278.40000000000000000000   20
278.50000000000000000000   15
278.60000000000000000000   15
278.70000000000000000000   14
278.80000000000000000000   14
278.90000000000000000000   16
279.00000000000000000000   19
279.10000000000000000000   15
279.20000000000000000000   19
279.30000000000000000000   15
279.40000000000000000000   19
279.50000000000000000000   19
279.60000000000000000000   18
279.70000000000000000000   16
279.80000000000000000000   17
279.90000000000000000000   16
280.00000000000000000000   17
280.10000000000000000000   12
280.20000000000000000000   13
280.30000000000000000000   15
280.40000000000000000000   15
280.50000000000000000000   14
280.60000000000000000000   17
280.70000000000000000000   13
280.80000000000000000000   11
280.90000000000000000000   19
281.00000000000000000000   13
281.10000000000000000000   19
281.20000000000000000000   15
281.30000000000000000000   16
281.40000000000000000000   14
281.50000000000000000000   17
281.60000000000000000000   10
281.70000000000000000000   14
281.80000000000000000000   18
281.90000000000000000000   17
282.00000000000000000000   15
282.10000000000000000000   15
282.20000000000000000000   15
282.30000000000000000000   14
282.40000000000000000000   14
282.50000000000000000000   16
282.60000000000000000000   13
282.70000000000000000000   12
282.80000000000000000000   13
282.90000000000000000000   11
283.00000000000000000000   16
283.10000000000000000000   15
283.20000000000000000000   16
283.30000000000000000000   12
283.40000000000000000000   12
283.50000000000000000000   15
283.60000000000000000000   15
283.70000000000000000000   15
283.80000000000000000000   15
283.90000000000000000000   14
284.00000000000000000000   17
284.10000000000000000000   14
284.20000000000000000000   13
284.30000000000000000000   16
284.40000000000000000000   17
284.50000000000000000000   14
284.60000000000000000000   15
284.70000000000000000000   14
284.80000000000000000000   13
284.90000000000000000000   16
285.00000000000000000000   18
285.10000000000000000000   16
285.20000000000000000000   16
285.30000000000000000000   16
285.40000000000000000000   18
285.50000000000000000000   14
285.60000000000000000000   12
285.70000000000000000000   16
285.80000000000000000000   12
285.90000000000000000000   15
286.00000000000000000000   18
286.10000000000000000000   18
286.20000000000000000000   14
286.30000000000000000000   17
286.40000000000000000000   15
286.50000000000000000000   17
286.60000000000000000000   15
286.70000000000000000000   17
286.80000000000000000000   11
286.90000000000000000000   18
287.00000000000000000000   16
287.10000000000000000000   17
287.20000000000000000000   15
287.30000000000000000000   14
287.40000000000000000000   16
287.50000000000000000000   17
287.60000000000000000000   15
287.70000000000000000000   17
287.80000000000000000000   14
287.90000000000000000000   10
288.00000000000000000000   9
288.10000000000000000000   10
288.20000000000000000000   12
288.30000000000000000000   14
288.40000000000000000000   14
288.50000000000000000000   13
288.60000000000000000000   13
288.70000000000000000000   9
288.80000000000000000000   14
288.90000000000000000000   11
289.00000000000000000000   8
289.10000000000000000000   13
289.20000000000000000000   14
289.30000000000000000000   13
289.40000000000000000000   11
289.50000000000000000000   13
289.60000000000000000000   12
289.70000000000000000000   16
289.80000000000000000000   14
289.90000000000000000000   17
290.00000000000000000000   16
290.10000000000000000000   17
290.20000000000000000000   22
290.30000000000000000000   20
290.40000000000000000000   17
290.50000000000000000000   18
290.60000000000000000000   14
290.70000000000000000000   17
290.80000000000000000000   18
290.90000000000000000000   16
291.00000000000000000000   15
291.10000000000000000000   17
291.20000000000000000000   10
291.30000000000000000000   17
291.40000000000000000000   14
291.50000000000000000000   17
291.60000000000000000000   13
291.70000000000000000000   12
291.80000000000000000000   15
291.90000000000000000000   14
292.00000000000000000000   14
292.10000000000000000000   11
292.20000000000000000000   16
292.30000000000000000000   14
292.40000000000000000000   16
292.50000000000000000000   12
292.60000000000000000000   12
292.70000000000000000000   9
292.80000000000000000000   17
292.90000000000000000000   14
293.00000000000000000000   16
293.10000000000000000000   15
293.20000000000000000000   13
293.30000000000000000000   10
293.40000000000000000000   10
293.50000000000000000000   10
293.60000000000000000000   11
293.70000000000000000000   7
293.80000000000000000000   9
293.90000000000000000000   14
294.00000000000000000000   15
294.10000000000000000000   16
294.20000000000000000000   11
294.30000000000000000000   11
294.40000000000000000000   9
294.50000000000000000000   13
294.60000000000000000000   11
294.70000000000000000000   15
294.80000000000000000000   13
294.90000000000000000000   12
295.00000000000000000000   12
295.10000000000000000000   11
295.20000000000000000000   16
295.30000000000000000000   14
295.40000000000000000000   13
295.50000000000000000000   12
295.60000000000000000000   11
295.70000000000000000000   12
295.80000000000000000000   11
295.90000000000000000000   12
296.00000000000000000000   7
296.10000000000000000000   9
296.20000000000000000000   9
296.30000000000000000000   7
296.40000000000000000000   10
296.50000000000000000000   8
296.60000000000000000000   9
296.70000000000000000000   14
296.80000000000000000000   12
296.90000000000000000000   15
297.00000000000000000000   17
297.10000000000000000000   14
297.20000000000000000000   10
297.30000000000000000000   16
297.40000000000000000000   15
297.50000000000000000000   14
297.60000000000000000000   15
297.70000000000000000000   14
297.80000000000000000000   19
297.90000000000000000000   13
298.00000000000000000000   12
298.10000000000000000000   15
298.20000000000000000000   11
298.30000000000000000000   15
298.40000000000000000000   12
298.50000000000000000000   14
298.60000000000000000000   14
298.70000000000000000000   15
298.80000000000000000000   11
298.90000000000000000000   14
299.00000000000000000000   15
299.10000000000000000000   12
299.20000000000000000000   13
299.30000000000000000000   17
299.40000000000000000000   10
299.50000000000000000000   14
299.60000000000000000000   11
299.70000000000000000000   16
299.80000000000000000000   13
299.90000000000000000000   14
300.00000000000000000000   16
300.10000000000000000000   13
300.20000000000000000000   16
300.30000000000000000000   15
300.40000000000000000000   9
300.50000000000000000000   12
300.60000000000000000000   5
300.70000000000000000000   8
300.80000000000000000000   9
300.90000000000000000000   11
301.00000000000000000000   12
301.10000000000000000000   12
301.20000000000000000000   10
301.30000000000000000000   14
301.40000000000000000000   15
301.50000000000000000000   16
301.60000000000000000000   16
301.70000000000000000000   16
301.80000000000000000000   14
301.90000000000000000000   12
302.00000000000000000000   21
302.10000000000000000000   14
302.20000000000000000000   16
302.30000000000000000000   14
302.40000000000000000000   11
302.50000000000000000000   14
302.60000000000000000000   16
302.70000000000000000000   15
302.80000000000000000000   13
302.90000000000000000000   10
303.00000000000000000000   7
303.10000000000000000000   11
303.20000000000000000000   12
303.30000000000000000000   12
303.40000000000000000000   9
303.50000000000000000000   12
303.60000000000000000000   15
303.70000000000000000000   9
303.80000000000000000000   8
303.90000000000000000000   14
304.00000000000000000000   10
304.10000000000000000000   9
304.20000000000000000000   8
304.30000000000000000000   10
304.40000000000000000000   11
304.50000000000000000000   12
304.60000000000000000000   10
304.70000000000000000000   9
304.80000000000000000000   10
304.90000000000000000000   7
305.00000000000000000000   5
305.10000000000000000000   6
305.20000000000000000000   6
305.30000000000000000000   6
305.40000000000000000000   6
305.50000000000000000000   8
305.60000000000000000000   10
305.70000000000000000000   9
305.80000000000000000000   9
305.90000000000000000000   9
306.00000000000000000000   8
306.10000000000000000000   9
306.20000000000000000000   7
306.30000000000000000000   9
306.40000000000000000000   9
306.50000000000000000000   14
306.60000000000000000000   5
306.70000000000000000000   10
306.80000000000000000000   9
306.90000000000000000000   10
307.00000000000000000000   5
307.10000000000000000000   12
307.20000000000000000000   10
307.30000000000000000000   10
307.40000000000000000000   12
307.50000000000000000000   7
307.60000000000000000000   8
307.70000000000000000000   10
307.80000000000000000000   10
307.90000000000000000000   12
308.00000000000000000000   11
308.10000000000000000000   13
308.20000000000000000000   9
308.30000000000000000000   15
308.40000000000000000000   13
308.50000000000000000000   12
308.60000000000000000000   13
308.70000000000000000000   9
308.80000000000000000000   9
308.90000000000000000000   13
309.00000000000000000000   11
309.10000000000000000000   12
309.20000000000000000000   9
309.30000000000000000000   13
309.40000000000000000000   12
309.50000000000000000000   10
309.60000000000000000000   10
309.70000000000000000000   14
309.80000000000000000000   9
309.90000000000000000000   12
310.00000000000000000000   11
310.10000000000000000000   10
310.20000000000000000000   9
310.30000000000000000000   14
310.40000000000000000000   11
310.50000000000000000000   8
310.60000000000000000000   10
310.70000000000000000000   9
310.80000000000000000000   9
310.90000000000000000000   10
311.00000000000000000000   7
311.10000000000000000000   9
311.20000000000000000000   12
311.30000000000000000000   10
311.40000000000000000000   13
311.50000000000000000000   6
311.60000000000000000000   11
311.70000000000000000000   8
311.80000000000000000000   9
311.90000000000000000000   12
312.00000000000000000000   12
312.10000000000000000000   11
312.20000000000000000000   14
312.30000000000000000000   15
312.40000000000000000000   12
312.50000000000000000000   15
312.60000000000000000000   12
312.70000000000000000000   14
312.80000000000000000000   12
312.90000000000000000000   14
313.00000000000000000000   14
313.10000000000000000000   15
313.20000000000000000000   14
313.30000000000000000000   16
313.40000000000000000000   13
313.50000000000000000000   15
313.60000000000000000000   14
313.70000000000000000000   14
313.80000000000000000000   14
313.90000000000000000000   12
314.00000000000000000000   16
314.10000000000000000000   15
314.20000000000000000000   15
314.30000000000000000000   16
314.40000000000000000000   11
314.50000000000000000000   15
314.60000000000000000000   13
314.70000000000000000000   14
314.80000000000000000000   16
314.90000000000000000000   15
315.00000000000000000000   14
315.10000000000000000000   14
315.20000000000000000000   14
315.30000000000000000000   15
315.40000000000000000000   18
315.50000000000000000000   16
315.60000000000000000000   13
315.70000000000000000000   13
315.80000000000000000000   11
315.90000000000000000000   12
316.00000000000000000000   13
316.10000000000000000000   11
316.20000000000000000000   16
316.30000000000000000000   12
316.40000000000000000000   11
316.50000000000000000000   12
316.60000000000000000000   12
316.70000000000000000000   8
316.80000000000000000000   11
316.90000000000000000000   16
317.00000000000000000000   10
317.10000000000000000000   14
317.20000000000000000000   11
317.30000000000000000000   12
317.40000000000000000000   11
317.50000000000000000000   11
317.60000000000000000000   13
317.70000000000000000000   13
317.80000000000000000000   12
317.90000000000000000000   15
318.00000000000000000000   13
318.10000000000000000000   12
318.20000000000000000000   14
318.30000000000000000000   14
318.40000000000000000000   15
318.50000000000000000000   13
318.60000000000000000000   11
318.70000000000000000000   15
318.80000000000000000000   14
318.90000000000000000000   13
319.00000000000000000000   12
319.10000000000000000000   12
319.20000000000000000000   8
319.30000000000000000000   7
319.40000000000000000000   8
319.50000000000000000000   6
319.60000000000000000000   7
319.70000000000000000000   6
319.80000000000000000000   7
319.90000000000000000000   9
320.00000000000000000000   10
320.10000000000000000000   10
320.20000000000000000000   9
320.30000000000000000000   9
320.40000000000000000000   6
320.50000000000000000000   6
320.60000000000000000000   7
320.70000000000000000000   5
320.80000000000000000000   8
320.90000000000000000000   9
321.00000000000000000000   9
321.10000000000000000000   13
321.20000000000000000000   11
321.30000000000000000000   12
321.40000000000000000000   10
321.50000000000000000000   7
321.60000000000000000000   10
321.70000000000000000000   11
321.80000000000000000000   9
321.90000000000000000000   12
322.00000000000000000000   15
322.10000000000000000000   10
322.20000000000000000000   12
322.30000000000000000000   10
322.40000000000000000000   10
322.50000000000000000000   11
322.60000000000000000000   15
322.70000000000000000000   14
322.80000000000000000000   14
322.90000000000000000000   11
323.00000000000000000000   12
323.10000000000000000000   16
323.20000000000000000000   11
323.30000000000000000000   14
323.40000000000000000000   10
323.50000000000000000000   11
323.60000000000000000000   13
323.70000000000000000000   15
323.80000000000000000000   14
323.90000000000000000000   12
324.00000000000000000000   10
324.10000000000000000000   11
324.20000000000000000000   9
324.30000000000000000000   13
324.40000000000000000000   11
324.50000000000000000000   14
324.60000000000000000000   12
324.70000000000000000000   9
324.80000000000000000000   13
324.90000000000000000000   12
325.00000000000000000000   12
325.10000000000000000000   16
325.20000000000000000000   13
325.30000000000000000000   16
325.40000000000000000000   16
325.50000000000000000000   14
325.60000000000000000000   17
325.70000000000000000000   15
325.80000000000000000000   16
325.90000000000000000000   13
326.00000000000000000000   13
326.10000000000000000000   12
326.20000000000000000000   14
326.30000000000000000000   10
326.40000000000000000000   10
326.50000000000000000000   13
326.60000000000000000000   9
326.70000000000000000000   7
326.80000000000000000000   9
326.90000000000000000000   9
327.00000000000000000000   10
327.10000000000000000000   9
327.20000000000000000000   15
327.30000000000000000000   11
327.40000000000000000000   12
327.50000000000000000000   12
327.60000000000000000000   11
327.70000000000000000000   8
327.80000000000000000000   10
327.90000000000000000000   10
328.00000000000000000000   10
328.10000000000000000000   11
328.20000000000000000000   11
328.30000000000000000000   16
328.40000000000000000000   14
328.50000000000000000000   17
328.60000000000000000000   15
328.70000000000000000000   13
328.80000000000000000000   16
328.90000000000000000000   14
329.00000000000000000000   17
329.10000000000000000000   13
329.20000000000000000000   14
329.30000000000000000000   14
329.40000000000000000000   13
329.50000000000000000000   17
329.60000000000000000000   14
329.70000000000000000000   15
329.80000000000000000000   17
329.90000000000000000000   10
330.00000000000000000000   7
330.10000000000000000000   11
330.20000000000000000000   10
330.30000000000000000000   9
330.40000000000000000000   15
330.50000000000000000000   10
330.60000000000000000000   12
330.70000000000000000000   13
330.80000000000000000000   15
330.90000000000000000000   13
331.00000000000000000000   15
331.10000000000000000000   15
331.20000000000000000000   15
331.30000000000000000000   15
331.40000000000000000000   18
331.50000000000000000000   12
331.60000000000000000000   14
331.70000000000000000000   14
331.80000000000000000000   8
331.90000000000000000000   7
332.00000000000000000000   11
332.10000000000000000000   14
332.20000000000000000000   14
332.30000000000000000000   10
332.40000000000000000000   9
332.50000000000000000000   10
332.60000000000000000000   10
332.70000000000000000000   6
332.80000000000000000000   8
332.90000000000000000000   9
333.00000000000000000000   10
333.10000000000000000000   7
333.20000000000000000000   6
333.30000000000000000000   10
333.40000000000000000000   11
333.50000000000000000000   9
333.60000000000000000000   10
333.70000000000000000000   10
333.80000000000000000000   11
333.90000000000000000000   13
334.00000000000000000000   13
334.10000000000000000000   14
334.20000000000000000000   15
334.30000000000000000000   13
334.40000000000000000000   12
334.50000000000000000000   11
334.60000000000000000000   11
334.70000000000000000000   14
334.80000000000000000000   11
334.90000000000000000000   10
335.00000000000000000000   7
335.10000000000000000000   6
335.20000000000000000000   6
335.30000000000000000000   7
335.40000000000000000000   8
335.50000000000000000000   8
335.60000000000000000000   11
335.70000000000000000000   10
335.80000000000000000000   12
335.90000000000000000000   8
336.00000000000000000000   10
336.10000000000000000000   11
336.20000000000000000000   10
336.30000000000000000000   11
336.40000000000000000000   11
336.50000000000000000000   12
336.60000000000000000000   11
336.70000000000000000000   10
336.80000000000000000000   8
336.90000000000000000000   10
337.00000000000000000000   9
337.10000000000000000000   11
337.20000000000000000000   8
337.30000000000000000000   8
337.40000000000000000000   9
337.50000000000000000000   10
337.60000000000000000000   11
337.70000000000000000000   10
337.80000000000000000000   10
337.90000000000000000000   11
338.00000000000000000000   7
338.10000000000000000000   12
338.20000000000000000000   12
338.30000000000000000000   16
338.40000000000000000000   17
338.50000000000000000000   18
338.60000000000000000000   15
338.70000000000000000000   15
338.80000000000000000000   16
338.90000000000000000000   15
339.00000000000000000000   13
339.10000000000000000000   16
339.20000000000000000000   15
339.30000000000000000000   13
339.40000000000000000000   13
339.50000000000000000000   14
339.60000000000000000000   15
339.70000000000000000000   12
339.80000000000000000000   12
339.90000000000000000000   15
340.00000000000000000000   13
340.10000000000000000000   16
340.20000000000000000000   15
340.30000000000000000000   14
340.40000000000000000000   14
340.50000000000000000000   14
340.60000000000000000000   14
340.70000000000000000000   13
340.80000000000000000000   13
340.90000000000000000000   14
341.00000000000000000000   12
341.10000000000000000000   16
341.20000000000000000000   16
341.30000000000000000000   13
341.40000000000000000000   12
341.50000000000000000000   15
341.60000000000000000000   19
341.70000000000000000000   17
341.80000000000000000000   14
341.90000000000000000000   17
342.00000000000000000000   15
342.10000000000000000000   14
342.20000000000000000000   14
342.30000000000000000000   14
342.40000000000000000000   12
342.50000000000000000000   15
342.60000000000000000000   15
342.70000000000000000000   14
342.80000000000000000000   15
342.90000000000000000000   17
343.00000000000000000000   18
343.10000000000000000000   16
343.20000000000000000000   15
343.30000000000000000000   16
343.40000000000000000000   16
343.50000000000000000000   16
343.60000000000000000000   14
343.70000000000000000000   15
343.80000000000000000000   15
343.90000000000000000000   17
344.00000000000000000000   14
344.10000000000000000000   16
344.20000000000000000000   13
344.30000000000000000000   14
344.40000000000000000000   15
344.50000000000000000000   17
344.60000000000000000000   16
344.70000000000000000000   14
344.80000000000000000000   14
344.90000000000000000000   15
345.00000000000000000000   13
345.10000000000000000000   10
345.20000000000000000000   12
345.30000000000000000000   11
345.40000000000000000000   14
345.50000000000000000000   15
345.60000000000000000000   17
345.70000000000000000000   18
345.80000000000000000000   18
345.90000000000000000000   12
346.00000000000000000000   13
346.10000000000000000000   15
346.20000000000000000000   15
346.30000000000000000000   12
346.40000000000000000000   12
346.50000000000000000000   12
346.60000000000000000000   12
346.70000000000000000000   13
346.80000000000000000000   14
346.90000000000000000000   12
347.00000000000000000000   16
347.10000000000000000000   14
347.20000000000000000000   16
347.30000000000000000000   15
347.40000000000000000000   19
347.50000000000000000000   15
347.60000000000000000000   16
347.70000000000000000000   16
347.80000000000000000000   15
347.90000000000000000000   11
348.00000000000000000000   13
348.10000000000000000000   12
348.20000000000000000000   10
348.30000000000000000000   12
348.40000000000000000000   10
348.50000000000000000000   15
348.60000000000000000000   16
348.70000000000000000000   16
348.80000000000000000000   16
348.90000000000000000000   17
349.00000000000000000000   17
349.10000000000000000000   18
349.20000000000000000000   16
349.30000000000000000000   12
349.40000000000000000000   13
349.50000000000000000000   14
349.60000000000000000000   17
349.70000000000000000000   12
349.80000000000000000000   16
349.90000000000000000000   14
350.00000000000000000000   20
350.10000000000000000000   21
350.20000000000000000000   20
350.30000000000000000000   19
350.40000000000000000000   20
350.50000000000000000000   23
350.60000000000000000000   20
350.70000000000000000000   20
350.80000000000000000000   18
350.90000000000000000000   21
351.00000000000000000000   21
351.10000000000000000000   23
351.20000000000000000000   24
351.30000000000000000000   24
351.40000000000000000000   26
351.50000000000000000000   21
351.60000000000000000000   20
351.70000000000000000000   20
351.80000000000000000000   20
351.90000000000000000000   18
352.00000000000000000000   23
352.10000000000000000000   20
352.20000000000000000000   18
352.30000000000000000000   16
352.40000000000000000000   18
352.50000000000000000000   15
352.60000000000000000000   16
352.70000000000000000000   10
352.80000000000000000000   9
352.90000000000000000000   9
353.00000000000000000000   9
353.10000000000000000000   10
353.20000000000000000000   15
353.30000000000000000000   14
353.40000000000000000000   23
353.50000000000000000000   18
353.60000000000000000000   22
353.70000000000000000000   19
353.80000000000000000000   18
353.90000000000000000000   18
354.00000000000000000000   15
354.10000000000000000000   19
354.20000000000000000000   17
354.30000000000000000000   19
354.40000000000000000000   20
354.50000000000000000000   14
354.60000000000000000000   13
354.70000000000000000000   14
354.80000000000000000000   10
354.90000000000000000000   15
355.00000000000000000000   11
355.10000000000000000000   16
355.20000000000000000000   19
355.30000000000000000000   14
355.40000000000000000000   19
355.50000000000000000000   16
355.60000000000000000000   17
355.70000000000000000000   21
355.80000000000000000000   17
355.90000000000000000000   17
356.00000000000000000000   15
356.10000000000000000000   16
356.20000000000000000000   14
356.30000000000000000000   18
356.40000000000000000000   22
356.50000000000000000000   19
356.60000000000000000000   18
356.70000000000000000000   20
356.80000000000000000000   23
356.90000000000000000000   20
357.00000000000000000000   22
357.10000000000000000000   17
357.20000000000000000000   21
357.30000000000000000000   19
357.40000000000000000000   22
357.50000000000000000000   25
357.60000000000000000000   25
357.70000000000000000000   21
357.80000000000000000000   24
357.90000000000000000000   26
358.00000000000000000000   19
358.10000000000000000000   23
358.20000000000000000000   22
358.30000000000000000000   17
358.40000000000000000000   16
358.50000000000000000000   18
358.60000000000000000000   19
358.70000000000000000000   18
358.80000000000000000000   21
358.90000000000000000000   19
359.00000000000000000000   20
359.10000000000000000000   20
359.20000000000000000000   17
359.30000000000000000000   20
359.40000000000000000000   23
359.50000000000000000000   21
359.60000000000000000000   24
359.70000000000000000000   20
359.80000000000000000000   19
359.90000000000000000000   22
360.00000000000000000000   23
360.10000000000000000000   19
360.20000000000000000000   18
360.30000000000000000000   18
360.40000000000000000000   13
360.50000000000000000000   19
360.60000000000000000000   18
360.70000000000000000000   20
360.80000000000000000000   19
360.90000000000000000000   20
361.00000000000000000000   18
361.10000000000000000000   20
361.20000000000000000000   22
361.30000000000000000000   20
361.40000000000000000000   21
361.50000000000000000000   19
361.60000000000000000000   20
361.70000000000000000000   19
361.80000000000000000000   20
361.90000000000000000000   17
362.00000000000000000000   17
362.10000000000000000000   18
362.20000000000000000000   18
362.30000000000000000000   18
362.40000000000000000000   19
362.50000000000000000000   15
362.60000000000000000000   19
362.70000000000000000000   18
362.80000000000000000000   21
362.90000000000000000000   17
363.00000000000000000000   20
363.10000000000000000000   24
363.20000000000000000000   19
363.30000000000000000000   15
363.40000000000000000000   15
363.50000000000000000000   20
363.60000000000000000000   19
363.70000000000000000000   18
363.80000000000000000000   18
363.90000000000000000000   19
364.00000000000000000000   19
364.10000000000000000000   19
364.20000000000000000000   18
364.30000000000000000000   18
364.40000000000000000000   22
364.50000000000000000000   16
364.60000000000000000000   18
364.70000000000000000000   18
364.80000000000000000000   17
364.90000000000000000000   19
365.00000000000000000000   17
365.10000000000000000000   18
365.20000000000000000000   18
365.30000000000000000000   16
365.40000000000000000000   18
365.50000000000000000000   18
365.60000000000000000000   18
365.70000000000000000000   17
365.80000000000000000000   17
365.90000000000000000000   17
366.00000000000000000000   18
366.10000000000000000000   17
366.20000000000000000000   20
366.30000000000000000000   17
366.40000000000000000000   14
366.50000000000000000000   18
366.60000000000000000000   17
366.70000000000000000000   15
366.80000000000000000000   15
366.90000000000000000000   14
367.00000000000000000000   13
367.10000000000000000000   16
367.20000000000000000000   16
367.30000000000000000000   18
367.40000000000000000000   14
367.50000000000000000000   16
367.60000000000000000000   15
367.70000000000000000000   17
367.80000000000000000000   15
367.90000000000000000000   15
368.00000000000000000000   17
368.10000000000000000000   18
368.20000000000000000000   15
368.30000000000000000000   18
368.40000000000000000000   16
368.50000000000000000000   17
368.60000000000000000000   16
368.70000000000000000000   14
368.80000000000000000000   18
368.90000000000000000000   18
369.00000000000000000000   17
369.10000000000000000000   13
369.20000000000000000000   15
369.30000000000000000000   15
369.40000000000000000000   13
369.50000000000000000000   13
369.60000000000000000000   13
369.70000000000000000000   12
369.80000000000000000000   13
369.90000000000000000000   15
370.00000000000000000000   15
370.10000000000000000000   18
370.20000000000000000000   14
370.30000000000000000000   12
370.40000000000000000000   14
370.50000000000000000000   14
370.60000000000000000000   13
370.70000000000000000000   15
370.80000000000000000000   14
370.90000000000000000000   13
371.00000000000000000000   18
371.10000000000000000000   14
371.20000000000000000000   17
371.30000000000000000000   18
371.40000000000000000000   17
371.50000000000000000000   14
371.60000000000000000000   15
371.70000000000000000000   18
371.80000000000000000000   19
371.90000000000000000000   16
372.00000000000000000000   16
372.10000000000000000000   17
372.20000000000000000000   15
372.30000000000000000000   11
372.40000000000000000000   14
372.50000000000000000000   16
372.60000000000000000000   9
372.70000000000000000000   12
372.80000000000000000000   12
372.90000000000000000000   14
373.00000000000000000000   14
373.10000000000000000000   16
373.20000000000000000000   10
373.30000000000000000000   7
373.40000000000000000000   12
373.50000000000000000000   13
373.60000000000000000000   14
373.70000000000000000000   16
373.80000000000000000000   14
373.90000000000000000000   15
374.00000000000000000000   8
374.10000000000000000000   12
374.20000000000000000000   8
374.30000000000000000000   11
374.40000000000000000000   8
374.50000000000000000000   8
374.60000000000000000000   13
374.70000000000000000000   9
374.80000000000000000000   8
374.90000000000000000000   6
375.00000000000000000000   10
375.10000000000000000000   7
375.20000000000000000000   13
375.30000000000000000000   6
375.40000000000000000000   6
375.50000000000000000000   3
375.60000000000000000000   4
375.70000000000000000000   3
375.80000000000000000000   2
375.90000000000000000000   4
376.00000000000000000000   8
376.10000000000000000000   7
376.20000000000000000000   6
376.30000000000000000000   10
376.40000000000000000000   13
376.50000000000000000000   13
376.60000000000000000000   7
376.70000000000000000000   10
376.80000000000000000000   9
376.90000000000000000000   7
377.00000000000000000000   6
377.10000000000000000000   5
377.20000000000000000000   5
377.30000000000000000000   8
377.40000000000000000000   6
377.50000000000000000000   4
377.60000000000000000000   6
377.70000000000000000000   5
377.80000000000000000000   4
377.90000000000000000000   11
378.00000000000000000000   4
378.10000000000000000000   6
378.20000000000000000000   6
378.30000000000000000000   8
378.40000000000000000000   8
378.50000000000000000000   7
378.60000000000000000000   5
378.70000000000000000000   7
378.80000000000000000000   7
378.90000000000000000000   4
379.00000000000000000000   6
379.10000000000000000000   6
379.20000000000000000000   6
379.30000000000000000000   5
379.40000000000000000000   5
379.50000000000000000000   5
379.60000000000000000000   7
379.70000000000000000000   10
379.80000000000000000000   9
379.90000000000000000000   9
380.00000000000000000000   7
380.10000000000000000000   7
380.20000000000000000000   8
380.30000000000000000000   7
380.40000000000000000000   7
380.50000000000000000000   3
380.60000000000000000000   7
380.70000000000000000000   10
380.80000000000000000000   7
380.90000000000000000000   7
381.00000000000000000000   6
381.10000000000000000000   8
381.20000000000000000000   6
381.30000000000000000000   8
381.40000000000000000000   6
381.50000000000000000000   7
381.60000000000000000000   7
381.70000000000000000000   5
381.80000000000000000000   5
381.90000000000000000000   6
382.00000000000000000000   8
382.10000000000000000000   6
382.20000000000000000000   5
382.30000000000000000000   8
382.40000000000000000000   7
382.50000000000000000000   5
382.60000000000000000000   5
382.70000000000000000000   8
382.80000000000000000000   10
382.90000000000000000000   4
383.00000000000000000000   6
383.10000000000000000000   7
383.20000000000000000000   11
383.30000000000000000000   7
383.40000000000000000000   10
383.50000000000000000000   6
383.60000000000000000000   12
383.70000000000000000000   9
383.80000000000000000000   11
383.90000000000000000000   5
384.00000000000000000000   13
384.10000000000000000000   5
384.20000000000000000000   8
384.30000000000000000000   9
384.40000000000000000000   12
384.50000000000000000000   11
384.60000000000000000000   10
384.70000000000000000000   11
384.80000000000000000000   11
384.90000000000000000000   11
385.00000000000000000000   7
385.10000000000000000000   5
385.20000000000000000000   4
385.30000000000000000000   8
385.40000000000000000000   5
385.50000000000000000000   8
385.60000000000000000000   9
385.70000000000000000000   12
385.80000000000000000000   11
385.90000000000000000000   10
386.00000000000000000000   10
386.10000000000000000000   9
386.20000000000000000000   10
386.30000000000000000000   10
386.40000000000000000000   10
386.50000000000000000000   10
386.60000000000000000000   9
386.70000000000000000000   12
386.80000000000000000000   11
386.90000000000000000000   9
387.00000000000000000000   9
387.10000000000000000000   6
387.20000000000000000000   13
387.30000000000000000000   7
387.40000000000000000000   14
387.50000000000000000000   11
387.60000000000000000000   11
387.70000000000000000000   17
387.80000000000000000000   16
387.90000000000000000000   15
388.00000000000000000000   15
388.10000000000000000000   13
388.20000000000000000000   16
388.30000000000000000000   15
388.40000000000000000000   15
388.50000000000000000000   13
388.60000000000000000000   13
388.70000000000000000000   15
388.80000000000000000000   12
388.90000000000000000000   11
389.00000000000000000000   13
389.10000000000000000000   13
389.20000000000000000000   16
389.30000000000000000000   16
389.40000000000000000000   16
389.50000000000000000000   15
389.60000000000000000000   19
389.70000000000000000000   18
389.80000000000000000000   15
389.90000000000000000000   19
390.00000000000000000000   19
390.10000000000000000000   18
390.20000000000000000000   18
390.30000000000000000000   20
390.40000000000000000000   17
390.50000000000000000000   18
390.60000000000000000000   22
390.70000000000000000000   20
390.80000000000000000000   18
390.90000000000000000000   17
391.00000000000000000000   17
391.10000000000000000000   19
391.20000000000000000000   16
391.30000000000000000000   16
391.40000000000000000000   20
391.50000000000000000000   15
391.60000000000000000000   14
391.70000000000000000000   13
391.80000000000000000000   13
391.90000000000000000000   15
392.00000000000000000000   14
392.10000000000000000000   12
392.20000000000000000000   19
392.30000000000000000000   14
392.40000000000000000000   14
392.50000000000000000000   17
392.60000000000000000000   17
392.70000000000000000000   18
392.80000000000000000000   15
392.90000000000000000000   17
393.00000000000000000000   17
393.10000000000000000000   15
393.20000000000000000000   15
393.30000000000000000000   20
393.40000000000000000000   9
393.50000000000000000000   10
393.60000000000000000000   5
393.70000000000000000000   10
393.80000000000000000000   10
393.90000000000000000000   10
394.00000000000000000000   12
394.10000000000000000000   7
394.20000000000000000000   16
394.30000000000000000000   15
394.40000000000000000000   14
394.50000000000000000000   13
394.60000000000000000000   13
394.70000000000000000000   8
394.80000000000000000000   11
394.90000000000000000000   13
395.00000000000000000000   14
395.10000000000000000000   11
395.20000000000000000000   13
395.30000000000000000000   15
395.40000000000000000000   13
395.50000000000000000000   17
395.60000000000000000000   17
395.70000000000000000000   14
395.80000000000000000000   13
395.90000000000000000000   15
396.00000000000000000000   15
396.10000000000000000000   13
396.20000000000000000000   11
396.30000000000000000000   13
396.40000000000000000000   10
396.50000000000000000000   13
396.60000000000000000000   12
396.70000000000000000000   13
396.80000000000000000000   14
396.90000000000000000000   12
397.00000000000000000000   14
397.10000000000000000000   14
397.20000000000000000000   13
397.30000000000000000000   11
397.40000000000000000000   11
397.50000000000000000000   13
397.60000000000000000000   14
397.70000000000000000000   15
397.80000000000000000000   12
397.90000000000000000000   13
398.00000000000000000000   13
398.10000000000000000000   13
398.20000000000000000000   10
398.30000000000000000000   10
398.40000000000000000000   14
398.50000000000000000000   14
398.60000000000000000000   13
398.70000000000000000000   19
398.80000000000000000000   17
398.90000000000000000000   17
399.00000000000000000000   17
399.10000000000000000000   17
399.20000000000000000000   17
399.30000000000000000000   17
399.40000000000000000000   17
399.50000000000000000000   17
399.60000000000000000000   17
399.70000000000000000000   17
