200.00000000000000000000   21
200.10000000000000000000   23
200.20000000000000000000   21
200.30000000000000000000   22
200.40000000000000000000   23
200.50000000000000000000   21
200.60000000000000000000   21
200.70000000000000000000   21
200.80000000000000000000   22
200.90000000000000000000   20
201.00000000000000000000   22
201.10000000000000000000   22
201.20000000000000000000   20
201.30000000000000000000   21
201.40000000000000000000   22
201.50000000000000000000   23
201.60000000000000000000   21
201.70000000000000000000   26
201.80000000000000000000   22
201.90000000000000000000   19
202.00000000000000000000   22
202.10000000000000000000   20
202.20000000000000000000   21
202.30000000000000000000   23
202.40000000000000000000   25
202.50000000000000000000   20
202.60000000000000000000   25
202.70000000000000000000   24
202.80000000000000000000   22
202.90000000000000000000   24
203.00000000000000000000   22
203.10000000000000000000   22
203.20000000000000000000   22
203.30000000000000000000   22
203.40000000000000000000   22
203.50000000000000000000   25
203.60000000000000000000   20
203.70000000000000000000   20
203.80000000000000000000   21
203.90000000000000000000   22
204.00000000000000000000   21
204.10000000000000000000   23
204.20000000000000000000   21
204.30000000000000000000   23
204.40000000000000000000   24
204.50000000000000000000   21
204.60000000000000000000   21
204.70000000000000000000   23
204.80000000000000000000   22
204.90000000000000000000   23
205.00000000000000000000   21
205.10000000000000000000   18
205.20000000000000000000   22
205.30000000000000000000   22
205.40000000000000000000   21
205.50000000000000000000   27
205.60000000000000000000   24
205.70000000000000000000   24
205.80000000000000000000   25
205.90000000000000000000   26
206.00000000000000000000   23
206.10000000000000000000   22
206.20000000000000000000   23
206.30000000000000000000   22
206.40000000000000000000   24
206.50000000000000000000   19
206.60000000000000000000   24
206.70000000000000000000   22
206.80000000000000000000   25
206.90000000000000000000   22
207.00000000000000000000   25
207.10000000000000000000   23
207.20000000000000000000   21
207.30000000000000000000   20
207.40000000000000000000   21
207.50000000000000000000   23
207.60000000000000000000   20
207.70000000000000000000   17
207.80000000000000000000   17
207.90000000000000000000   19
208.00000000000000000000   18
208.10000000000000000000   18
208.20000000000000000000   20
208.30000000000000000000   23
208.40000000000000000000   22
208.50000000000000000000   22
208.60000000000000000000   20
208.70000000000000000000   22
208.80000000000000000000   19
208.90000000000000000000   25
209.00000000000000000000   23
209.10000000000000000000   22
209.20000000000000000000   21
209.30000000000000000000   23
209.40000000000000000000   21
209.50000000000000000000   23
209.60000000000000000000   22
209.70000000000000000000   23
209.80000000000000000000   22
209.90000000000000000000   22
210.00000000000000000000   24
210.10000000000000000000   25
210.20000000000000000000   26
210.30000000000000000000   26
210.40000000000000000000   22
210.50000000000000000000   23
210.60000000000000000000   21
210.70000000000000000000   21
210.80000000000000000000   22
210.90000000000000000000   23
211.00000000000000000000   21
211.10000000000000000000   20
211.20000000000000000000   20
211.30000000000000000000   23
211.40000000000000000000   25
211.50000000000000000000   21
211.60000000000000000000   20
211.70000000000000000000   22
211.80000000000000000000   22
211.90000000000000000000   22
212.00000000000000000000   22
212.10000000000000000000   23
212.20000000000000000000   24
212.30000000000000000000   25
212.40000000000000000000   24
212.50000000000000000000   22
212.60000000000000000000   21
212.70000000000000000000   23
212.80000000000000000000   22
212.90000000000000000000   22
213.00000000000000000000   22
213.10000000000000000000   23
213.20000000000000000000   22
213.30000000000000000000   19
213.40000000000000000000   25
213.50000000000000000000   21
213.60000000000000000000   20
213.70000000000000000000   22
213.80000000000000000000   19
213.90000000000000000000   23
214.00000000000000000000   23
214.10000000000000000000   22
214.20000000000000000000   26
214.30000000000000000000   24
214.40000000000000000000   23
214.50000000000000000000   22
214.60000000000000000000   24
214.70000000000000000000   21
214.80000000000000000000   18
214.90000000000000000000   23
215.00000000000000000000   22
215.10000000000000000000   21
215.20000000000000000000   23
215.30000000000000000000   22
215.40000000000000000000   22
215.50000000000000000000   24
215.60000000000000000000   17
215.70000000000000000000   23
215.80000000000000000000   24
215.90000000000000000000   24
216.00000000000000000000   22
216.10000000000000000000   23
216.20000000000000000000   21
216.30000000000000000000   24
216.40000000000000000000   27
216.50000000000000000000   23
216.60000000000000000000   22
216.70000000000000000000   22
216.80000000000000000000   26
216.90000000000000000000   23
217.00000000000000000000   19
217.10000000000000000000   25
217.20000000000000000000   21
217.30000000000000000000   21
217.40000000000000000000   24
217.50000000000000000000   23
217.60000000000000000000   22
217.70000000000000000000   23
217.80000000000000000000   22
217.90000000000000000000   21
218.00000000000000000000   24
218.10000000000000000000   24
218.20000000000000000000   21
218.30000000000000000000   23
218.40000000000000000000   19
218.50000000000000000000   20
218.60000000000000000000   20
218.70000000000000000000   20
218.80000000000000000000   22
218.90000000000000000000   21
219.00000000000000000000   24
219.10000000000000000000   21
219.20000000000000000000   20
219.30000000000000000000   21
219.40000000000000000000   19
219.50000000000000000000   21
219.60000000000000000000   22
219.70000000000000000000   23
219.80000000000000000000   23
219.90000000000000000000   25
220.00000000000000000000   21
220.10000000000000000000   19
220.20000000000000000000   22
220.30000000000000000000   19
220.40000000000000000000   27
220.50000000000000000000   23
220.60000000000000000000   21
220.70000000000000000000   23
220.80000000000000000000   23
220.90000000000000000000   20
221.00000000000000000000   24
221.10000000000000000000   23
221.20000000000000000000   19
221.30000000000000000000   22
221.40000000000000000000   22
221.50000000000000000000   23
221.60000000000000000000   22
221.70000000000000000000   20
221.80000000000000000000   22
221.90000000000000000000   19
222.00000000000000000000   21
222.10000000000000000000   20
222.20000000000000000000   21
222.30000000000000000000   22
222.40000000000000000000   22
222.50000000000000000000   21
222.60000000000000000000   23
222.70000000000000000000   21
222.80000000000000000000   21
222.90000000000000000000   22
223.00000000000000000000   21
223.10000000000000000000   20
223.20000000000000000000   21
223.30000000000000000000   23
223.40000000000000000000   25
223.50000000000000000000   24
223.60000000000000000000   21
223.70000000000000000000   22
223.80000000000000000000   22
223.90000000000000000000   24
224.00000000000000000000   23
224.10000000000000000000   25
224.20000000000000000000   22
224.30000000000000000000   23
224.40000000000000000000   21
224.50000000000000000000   19
224.60000000000000000000   25
224.70000000000000000000   21
224.80000000000000000000   18
224.90000000000000000000   21
225.00000000000000000000   18
225.10000000000000000000   21
225.20000000000000000000   22
225.30000000000000000000   20
225.40000000000000000000   19
225.50000000000000000000   23
225.60000000000000000000   22
225.70000000000000000000   22
225.80000000000000000000   21
225.90000000000000000000   26
226.00000000000000000000   23
226.10000000000000000000   23
226.20000000000000000000   23
226.30000000000000000000   19
226.40000000000000000000   18
226.50000000000000000000   23
226.60000000000000000000   22
226.70000000000000000000   25
226.80000000000000000000   22
226.90000000000000000000   29
227.00000000000000000000   27
227.10000000000000000000   27
227.20000000000000000000   29
227.30000000000000000000   27
227.40000000000000000000   27
227.50000000000000000000   27
227.60000000000000000000   26
227.70000000000000000000   22
227.80000000000000000000   24
227.90000000000000000000   22
228.00000000000000000000   18
228.10000000000000000000   23
228.20000000000000000000   19
228.30000000000000000000   21
228.40000000000000000000   22
228.50000000000000000000   23
228.60000000000000000000   20
228.70000000000000000000   22
228.80000000000000000000   22
228.90000000000000000000   24
229.00000000000000000000   20
229.10000000000000000000   18
229.20000000000000000000   20
229.30000000000000000000   21
229.40000000000000000000   22
229.50000000000000000000   23
229.60000000000000000000   21
229.70000000000000000000   23
229.80000000000000000000   22
229.90000000000000000000   23
230.00000000000000000000   22
230.10000000000000000000   23
230.20000000000000000000   22
230.30000000000000000000   24
230.40000000000000000000   22
230.50000000000000000000   21
230.60000000000000000000   19
230.70000000000000000000   22
230.80000000000000000000   23
230.90000000000000000000   22
231.00000000000000000000   21
231.10000000000000000000   22
231.20000000000000000000   23
231.30000000000000000000   23
231.40000000000000000000   25
231.50000000000000000000   23
231.60000000000000000000   20
231.70000000000000000000   21
231.80000000000000000000   23
231.90000000000000000000   21
232.00000000000000000000   21
232.10000000000000000000   19
232.20000000000000000000   21
232.30000000000000000000   22
232.40000000000000000000   21
232.50000000000000000000   24
232.60000000000000000000   23
232.70000000000000000000   20
232.80000000000000000000   21
232.90000000000000000000   22
233.00000000000000000000   22
233.10000000000000000000   24
233.20000000000000000000   22
233.30000000000000000000   22
233.40000000000000000000   22
233.50000000000000000000   21
233.60000000000000000000   23
233.70000000000000000000   21
233.80000000000000000000   22
233.90000000000000000000   22
234.00000000000000000000   23
234.10000000000000000000   22
234.20000000000000000000   22
234.30000000000000000000   22
234.40000000000000000000   24
234.50000000000000000000   25
234.60000000000000000000   24
234.70000000000000000000   21
234.80000000000000000000   21
234.90000000000000000000   20
235.00000000000000000000   21
235.10000000000000000000   22
235.20000000000000000000   21
235.30000000000000000000   23
235.40000000000000000000   22
235.50000000000000000000   21
235.60000000000000000000   23
235.70000000000000000000   22
235.80000000000000000000   22
235.90000000000000000000   20
236.00000000000000000000   23
236.10000000000000000000   21
236.20000000000000000000   21
236.30000000000000000000   21
236.40000000000000000000   21
236.50000000000000000000   22
236.60000000000000000000   21
236.70000000000000000000   20
236.80000000000000000000   24
236.90000000000000000000   22
237.00000000000000000000   21
237.10000000000000000000   23
237.20000000000000000000   24
237.30000000000000000000   25
237.40000000000000000000   24
237.50000000000000000000   24
237.60000000000000000000   24
237.70000000000000000000   24
237.80000000000000000000   24
237.90000000000000000000   20
238.00000000000000000000   24
238.10000000000000000000   21
238.20000000000000000000   23
238.30000000000000000000   21
238.40000000000000000000   23
238.50000000000000000000   22
238.60000000000000000000   23
238.70000000000000000000   23
238.80000000000000000000   20
238.90000000000000000000   19
239.00000000000000000000   19
239.10000000000000000000   23
239.20000000000000000000   23
239.30000000000000000000   21
239.40000000000000000000   22
239.50000000000000000000   21
239.60000000000000000000   21
239.70000000000000000000   22
239.80000000000000000000   21
239.90000000000000000000   24
240.00000000000000000000   22
240.10000000000000000000   22
240.20000000000000000000   23
240.30000000000000000000   23
240.40000000000000000000   24
240.50000000000000000000   23
240.60000000000000000000   27
240.70000000000000000000   21
240.80000000000000000000   22
240.90000000000000000000   22
241.00000000000000000000   23
241.10000000000000000000   21
241.20000000000000000000   21
241.30000000000000000000   24
241.40000000000000000000   24
241.50000000000000000000   22
241.60000000000000000000   23
241.70000000000000000000   22
241.80000000000000000000   21
241.90000000000000000000   18
242.00000000000000000000   22
242.10000000000000000000   25
242.20000000000000000000   24
242.30000000000000000000   21
242.40000000000000000000   23
242.50000000000000000000   22
242.60000000000000000000   17
242.70000000000000000000   23
242.80000000000000000000   18
242.90000000000000000000   18
243.00000000000000000000   22
243.10000000000000000000   20
243.20000000000000000000   24
243.30000000000000000000   22
243.40000000000000000000   21
243.50000000000000000000   23
243.60000000000000000000   23
243.70000000000000000000   22
243.80000000000000000000   22
243.90000000000000000000   24
244.00000000000000000000   24
244.10000000000000000000   22
244.20000000000000000000   21
244.30000000000000000000   21
244.40000000000000000000   23
244.50000000000000000000   23
244.60000000000000000000   21
244.70000000000000000000   24
244.80000000000000000000   23
244.90000000000000000000   23
245.00000000000000000000   22
245.10000000000000000000   24
245.20000000000000000000   22
245.30000000000000000000   23
245.40000000000000000000   22
245.50000000000000000000   24
245.60000000000000000000   21
245.70000000000000000000   22
245.80000000000000000000   19
245.90000000000000000000   21
246.00000000000000000000   21
246.10000000000000000000   22
246.20000000000000000000   22
246.30000000000000000000   23
246.40000000000000000000   22
246.50000000000000000000   22
246.60000000000000000000   23
246.70000000000000000000   25
246.80000000000000000000   23
246.90000000000000000000   24
247.00000000000000000000   20
247.10000000000000000000   25
247.20000000000000000000   22
247.30000000000000000000   21
247.40000000000000000000   24
247.50000000000000000000   22
247.60000000000000000000   23
247.70000000000000000000   24
247.80000000000000000000   23
247.90000000000000000000   22
248.00000000000000000000   24
248.10000000000000000000   23
248.20000000000000000000   20
248.30000000000000000000   22
248.40000000000000000000   22
248.50000000000000000000   20
248.60000000000000000000   22
248.70000000000000000000   27
248.80000000000000000000   24
248.90000000000000000000   21
249.00000000000000000000   21
249.10000000000000000000   23
249.20000000000000000000   23
249.30000000000000000000   22
249.40000000000000000000   21
249.50000000000000000000   22
249.60000000000000000000   22
249.70000000000000000000   22
249.80000000000000000000   21
249.90000000000000000000   20
250.00000000000000000000   21
250.10000000000000000000   20
250.20000000000000000000   21
250.30000000000000000000   21
250.40000000000000000000   22
250.50000000000000000000   20
250.60000000000000000000   22
250.70000000000000000000   23
250.80000000000000000000   23
250.90000000000000000000   20
251.00000000000000000000   17
251.10000000000000000000   23
251.20000000000000000000   23
251.30000000000000000000   20
251.40000000000000000000   20
251.50000000000000000000   21
251.60000000000000000000   22
251.70000000000000000000   21
251.80000000000000000000   20
251.90000000000000000000   23
252.00000000000000000000   23
252.10000000000000000000   24
252.20000000000000000000   22
252.30000000000000000000   22
252.40000000000000000000   23
252.50000000000000000000   24
252.60000000000000000000   23
252.70000000000000000000   22
252.80000000000000000000   26
252.90000000000000000000   25
253.00000000000000000000   21
253.10000000000000000000   22
253.20000000000000000000   23
253.30000000000000000000   26
253.40000000000000000000   20
253.50000000000000000000   21
253.60000000000000000000   22
253.70000000000000000000   22
253.80000000000000000000   22
253.90000000000000000000   21
254.00000000000000000000   18
254.10000000000000000000   22
254.20000000000000000000   24
254.30000000000000000000   23
254.40000000000000000000   21
254.50000000000000000000   22
254.60000000000000000000   22
254.70000000000000000000   22
254.80000000000000000000   24
254.90000000000000000000   21
255.00000000000000000000   21
255.10000000000000000000   22
255.20000000000000000000   21
255.30000000000000000000   20
255.40000000000000000000   20
255.50000000000000000000   21
255.60000000000000000000   24
255.70000000000000000000   22
255.80000000000000000000   22
255.90000000000000000000   24
256.00000000000000000000   22
256.10000000000000000000   24
256.20000000000000000000   24
256.30000000000000000000   21
256.40000000000000000000   22
256.50000000000000000000   20
256.60000000000000000000   20
256.70000000000000000000   19
256.80000000000000000000   25
256.90000000000000000000   19
257.00000000000000000000   19
257.10000000000000000000   19
257.20000000000000000000   15
257.30000000000000000000   24
257.40000000000000000000   19
257.50000000000000000000   23
257.60000000000000000000   24
257.70000000000000000000   21
257.80000000000000000000   22
257.90000000000000000000   22
258.00000000000000000000   20
258.10000000000000000000   24
258.20000000000000000000   24
258.30000000000000000000   23
258.40000000000000000000   22
258.50000000000000000000   23
258.60000000000000000000   21
258.70000000000000000000   24
258.80000000000000000000   23
258.90000000000000000000   22
259.00000000000000000000   20
259.10000000000000000000   20
259.20000000000000000000   17
259.30000000000000000000   16
259.40000000000000000000   21
259.50000000000000000000   18
259.60000000000000000000   19
259.70000000000000000000   21
259.80000000000000000000   21
259.90000000000000000000   16
260.00000000000000000000   18
260.10000000000000000000   22
260.20000000000000000000   21
260.30000000000000000000   22
260.40000000000000000000   25
260.50000000000000000000   20
260.60000000000000000000   22
260.70000000000000000000   24
260.80000000000000000000   22
260.90000000000000000000   21
261.00000000000000000000   23
261.10000000000000000000   23
261.20000000000000000000   23
261.30000000000000000000   22
261.40000000000000000000   23
261.50000000000000000000   24
261.60000000000000000000   22
261.70000000000000000000   21
261.80000000000000000000   20
261.90000000000000000000   22
262.00000000000000000000   23
262.10000000000000000000   23
262.20000000000000000000   21
262.30000000000000000000   22
262.40000000000000000000   21
262.50000000000000000000   21
262.60000000000000000000   22
262.70000000000000000000   21
262.80000000000000000000   24
262.90000000000000000000   20
263.00000000000000000000   21
263.10000000000000000000   18
263.20000000000000000000   22
263.30000000000000000000   21
263.40000000000000000000   23
263.50000000000000000000   21
263.60000000000000000000   19
263.70000000000000000000   20
263.80000000000000000000   23
263.90000000000000000000   21
264.00000000000000000000   20
264.10000000000000000000   22
264.20000000000000000000   20
264.30000000000000000000   20
264.40000000000000000000   18
264.50000000000000000000   21
264.60000000000000000000   20
264.70000000000000000000   21
264.80000000000000000000   21
264.90000000000000000000   23
265.00000000000000000000   25
265.10000000000000000000   19
265.20000000000000000000   18
265.30000000000000000000   21
265.40000000000000000000   22
265.50000000000000000000   19
265.60000000000000000000   21
265.70000000000000000000   20
265.80000000000000000000   21
265.90000000000000000000   22
266.00000000000000000000   21
266.10000000000000000000   25
266.20000000000000000000   20
266.30000000000000000000   19
266.40000000000000000000   21
266.50000000000000000000   21
266.60000000000000000000   21
266.70000000000000000000   22
266.80000000000000000000   21
266.90000000000000000000   20
267.00000000000000000000   20
267.10000000000000000000   18
267.20000000000000000000   18
267.30000000000000000000   20
267.40000000000000000000   19
267.50000000000000000000   19
267.60000000000000000000   21
267.70000000000000000000   19
267.80000000000000000000   19
267.90000000000000000000   23
268.00000000000000000000   19
268.10000000000000000000   23
268.20000000000000000000   20
268.30000000000000000000   18
268.40000000000000000000   22
268.50000000000000000000   20
268.60000000000000000000   22
268.70000000000000000000   21
268.80000000000000000000   20
268.90000000000000000000   22
269.00000000000000000000   20
269.10000000000000000000   25
269.20000000000000000000   19
269.30000000000000000000   19
269.40000000000000000000   19
269.50000000000000000000   18
269.60000000000000000000   19
269.70000000000000000000   19
269.80000000000000000000   19
269.90000000000000000000   17
270.00000000000000000000   19
270.10000000000000000000   20
270.20000000000000000000   15
270.30000000000000000000   13
270.40000000000000000000   14
270.50000000000000000000   22
270.60000000000000000000   23
270.70000000000000000000   21
270.80000000000000000000   19
270.90000000000000000000   22
271.00000000000000000000   23
271.10000000000000000000   22
271.20000000000000000000   21
271.30000000000000000000   21
271.40000000000000000000   22
271.50000000000000000000   20
271.60000000000000000000   23
271.70000000000000000000   23
271.80000000000000000000   20
271.90000000000000000000   17
272.00000000000000000000   17
272.10000000000000000000   18
272.20000000000000000000   17
272.30000000000000000000   20
272.40000000000000000000   18
272.50000000000000000000   22
272.60000000000000000000   19
272.70000000000000000000   22
272.80000000000000000000   22
272.90000000000000000000   20
273.00000000000000000000   24
273.10000000000000000000   24
273.20000000000000000000   21
273.30000000000000000000   23
273.40000000000000000000   22
273.50000000000000000000   18
273.60000000000000000000   21
273.70000000000000000000   23
273.80000000000000000000   22
273.90000000000000000000   19
274.00000000000000000000   24
274.10000000000000000000   24
274.20000000000000000000   23
274.30000000000000000000   25
274.40000000000000000000   24
274.50000000000000000000   21
274.60000000000000000000   20
274.70000000000000000000   22
274.80000000000000000000   21
274.90000000000000000000   22
275.00000000000000000000   20
275.10000000000000000000   22
275.20000000000000000000   20
275.30000000000000000000   21
275.40000000000000000000   24
275.50000000000000000000   23
275.60000000000000000000   23
275.70000000000000000000   22
275.80000000000000000000   21
275.90000000000000000000   22
276.00000000000000000000   21
276.10000000000000000000   26
276.20000000000000000000   21
276.30000000000000000000   22
276.40000000000000000000   21
276.50000000000000000000   21
276.60000000000000000000   24
276.70000000000000000000   23
276.80000000000000000000   21
276.90000000000000000000   23
277.00000000000000000000   21
277.10000000000000000000   21
277.20000000000000000000   26
277.30000000000000000000   22
277.40000000000000000000   20
277.50000000000000000000   23
277.60000000000000000000   22
277.70000000000000000000   23
277.80000000000000000000   24
277.90000000000000000000   22
278.00000000000000000000   21
278.10000000000000000000   23
278.20000000000000000000   20
278.30000000000000000000   21
278.40000000000000000000   22
278.50000000000000000000   20
278.60000000000000000000   21
278.70000000000000000000   20
278.80000000000000000000   21
278.90000000000000000000   20
279.00000000000000000000   25
279.10000000000000000000   22
279.20000000000000000000   24
279.30000000000000000000   22
279.40000000000000000000   19
279.50000000000000000000   23
279.60000000000000000000   22
279.70000000000000000000   24
279.80000000000000000000   21
279.90000000000000000000   21
280.00000000000000000000   20
280.10000000000000000000   24
280.20000000000000000000   21
280.30000000000000000000   24
280.40000000000000000000   23
280.50000000000000000000   25
280.60000000000000000000   23
280.70000000000000000000   22
280.80000000000000000000   20
280.90000000000000000000   20
281.00000000000000000000   22
281.10000000000000000000   19
281.20000000000000000000   17
281.30000000000000000000   19
281.40000000000000000000   20
281.50000000000000000000   20
281.60000000000000000000   20
281.70000000000000000000   21
281.80000000000000000000   17
281.90000000000000000000   18
282.00000000000000000000   18
282.10000000000000000000   18
282.20000000000000000000   21
282.30000000000000000000   20
282.40000000000000000000   20
282.50000000000000000000   18
282.60000000000000000000   20
282.70000000000000000000   22
282.80000000000000000000   18
282.90000000000000000000   20
283.00000000000000000000   21
283.10000000000000000000   19
283.20000000000000000000   19
283.30000000000000000000   19
283.40000000000000000000   17
283.50000000000000000000   20
283.60000000000000000000   21
283.70000000000000000000   23
283.80000000000000000000   22
283.90000000000000000000   20
284.00000000000000000000   21
284.10000000000000000000   20
284.20000000000000000000   19
284.30000000000000000000   19
284.40000000000000000000   22
284.50000000000000000000   20
284.60000000000000000000   18
284.70000000000000000000   19
284.80000000000000000000   19
284.90000000000000000000   18
285.00000000000000000000   19
285.10000000000000000000   19
285.20000000000000000000   19
285.30000000000000000000   22
285.40000000000000000000   17
285.50000000000000000000   18
285.60000000000000000000   23
285.70000000000000000000   22
285.80000000000000000000   20
285.90000000000000000000   23
286.00000000000000000000   19
286.10000000000000000000   20
286.20000000000000000000   22
286.30000000000000000000   21
286.40000000000000000000   20
286.50000000000000000000   19
286.60000000000000000000   22
286.70000000000000000000   21
286.80000000000000000000   20
286.90000000000000000000   21
287.00000000000000000000   22
287.10000000000000000000   23
287.20000000000000000000   21
287.30000000000000000000   23
287.40000000000000000000   22
287.50000000000000000000   21
287.60000000000000000000   20
287.70000000000000000000   18
287.80000000000000000000   20
287.90000000000000000000   18
288.00000000000000000000   24
288.10000000000000000000   23
288.20000000000000000000   22
288.30000000000000000000   21
288.40000000000000000000   18
288.50000000000000000000   21
288.60000000000000000000   21
288.70000000000000000000   22
288.80000000000000000000   23
288.90000000000000000000   22
289.00000000000000000000   24
289.10000000000000000000   21
289.20000000000000000000   22
289.30000000000000000000   21
289.40000000000000000000   20
289.50000000000000000000   22
289.60000000000000000000   18
289.70000000000000000000   21
289.80000000000000000000   22
289.90000000000000000000   16
290.00000000000000000000   21
290.10000000000000000000   21
290.20000000000000000000   20
290.30000000000000000000   19
290.40000000000000000000   20
290.50000000000000000000   18
290.60000000000000000000   19
290.70000000000000000000   19
290.80000000000000000000   17
290.90000000000000000000   20
291.00000000000000000000   18
291.10000000000000000000   20
291.20000000000000000000   18
291.30000000000000000000   18
291.40000000000000000000   21
291.50000000000000000000   16
291.60000000000000000000   16
291.70000000000000000000   15
291.80000000000000000000   15
291.90000000000000000000   18
292.00000000000000000000   20
292.10000000000000000000   21
292.20000000000000000000   22
292.30000000000000000000   20
292.40000000000000000000   22
292.50000000000000000000   22
292.60000000000000000000   20
292.70000000000000000000   20
292.80000000000000000000   17
292.90000000000000000000   20
293.00000000000000000000   19
293.10000000000000000000   16
293.20000000000000000000   19
293.30000000000000000000   19
293.40000000000000000000   19
293.50000000000000000000   18
293.60000000000000000000   17
293.70000000000000000000   19
293.80000000000000000000   21
293.90000000000000000000   22
294.00000000000000000000   18
294.10000000000000000000   23
294.20000000000000000000   23
294.30000000000000000000   21
294.40000000000000000000   24
294.50000000000000000000   21
294.60000000000000000000   21
294.70000000000000000000   19
294.80000000000000000000   15
294.90000000000000000000   21
295.00000000000000000000   19
295.10000000000000000000   20
295.20000000000000000000   20
295.30000000000000000000   22
295.40000000000000000000   25
295.50000000000000000000   25
295.60000000000000000000   25
295.70000000000000000000   24
295.80000000000000000000   24
295.90000000000000000000   25
296.00000000000000000000   23
296.10000000000000000000   21
296.20000000000000000000   23
296.30000000000000000000   23
296.40000000000000000000   23
296.50000000000000000000   24
296.60000000000000000000   26
296.70000000000000000000   20
296.80000000000000000000   22
296.90000000000000000000   23
297.00000000000000000000   22
297.10000000000000000000   22
297.20000000000000000000   20
297.30000000000000000000   20
297.40000000000000000000   20
297.50000000000000000000   22
297.60000000000000000000   19
297.70000000000000000000   19
297.80000000000000000000   23
297.90000000000000000000   21
298.00000000000000000000   19
298.10000000000000000000   20
298.20000000000000000000   20
298.30000000000000000000   21
298.40000000000000000000   20
298.50000000000000000000   16
298.60000000000000000000   26
298.70000000000000000000   21
298.80000000000000000000   20
298.90000000000000000000   20
299.00000000000000000000   22
299.10000000000000000000   23
299.20000000000000000000   20
299.30000000000000000000   22
299.40000000000000000000   20
299.50000000000000000000   21
299.60000000000000000000   24
299.70000000000000000000   21
299.80000000000000000000   20
299.90000000000000000000   22
300.00000000000000000000   24
300.10000000000000000000   24
300.20000000000000000000   21
300.30000000000000000000   20
300.40000000000000000000   25
300.50000000000000000000   22
300.60000000000000000000   25
300.70000000000000000000   27
300.80000000000000000000   22
300.90000000000000000000   24
301.00000000000000000000   21
301.10000000000000000000   22
301.20000000000000000000   25
301.30000000000000000000   18
301.40000000000000000000   18
301.50000000000000000000   18
301.60000000000000000000   17
301.70000000000000000000   18
301.80000000000000000000   18
301.90000000000000000000   19
302.00000000000000000000   17
302.10000000000000000000   19
302.20000000000000000000   19
302.30000000000000000000   22
302.40000000000000000000   21
302.50000000000000000000   20
302.60000000000000000000   23
302.70000000000000000000   20
302.80000000000000000000   23
302.90000000000000000000   25
303.00000000000000000000   22
303.10000000000000000000   20
303.20000000000000000000   20
303.30000000000000000000   22
303.40000000000000000000   25
303.50000000000000000000   21
303.60000000000000000000   25
303.70000000000000000000   24
303.80000000000000000000   23
303.90000000000000000000   23
304.00000000000000000000   23
304.10000000000000000000   23
304.20000000000000000000   22
304.30000000000000000000   23
304.40000000000000000000   22
304.50000000000000000000   20
304.60000000000000000000   20
304.70000000000000000000   18
304.80000000000000000000   16
304.90000000000000000000   16
305.00000000000000000000   20
305.10000000000000000000   22
305.20000000000000000000   23
305.30000000000000000000   18
305.40000000000000000000   19
305.50000000000000000000   23
305.60000000000000000000   18
305.70000000000000000000   20
305.80000000000000000000   18
305.90000000000000000000   18
306.00000000000000000000   23
306.10000000000000000000   24
306.20000000000000000000   22
306.30000000000000000000   22
306.40000000000000000000   22
306.50000000000000000000   20
306.60000000000000000000   20
306.70000000000000000000   24
306.80000000000000000000   21
306.90000000000000000000   21
307.00000000000000000000   21
307.10000000000000000000   20
307.20000000000000000000   25
307.30000000000000000000   15
307.40000000000000000000   21
307.50000000000000000000   21
307.60000000000000000000   19
307.70000000000000000000   22
307.80000000000000000000   18
307.90000000000000000000   21
308.00000000000000000000   21
308.10000000000000000000   21
308.20000000000000000000   22
308.30000000000000000000   22
308.40000000000000000000   21
308.50000000000000000000   24
308.60000000000000000000   21
308.70000000000000000000   22
308.80000000000000000000   22
308.90000000000000000000   19
309.00000000000000000000   21
309.10000000000000000000   22
309.20000000000000000000   22
309.30000000000000000000   22
309.40000000000000000000   20
309.50000000000000000000   22
309.60000000000000000000   23
309.70000000000000000000   21
309.80000000000000000000   20
309.90000000000000000000   20
310.00000000000000000000   21
310.10000000000000000000   24
310.20000000000000000000   22
310.30000000000000000000   23
310.40000000000000000000   22
310.50000000000000000000   24
310.60000000000000000000   25
310.70000000000000000000   24
310.80000000000000000000   24
310.90000000000000000000   22
311.00000000000000000000   21
311.10000000000000000000   25
311.20000000000000000000   20
311.30000000000000000000   22
311.40000000000000000000   19
311.50000000000000000000   24
311.60000000000000000000   20
311.70000000000000000000   22
311.80000000000000000000   22
311.90000000000000000000   23
312.00000000000000000000   22
312.10000000000000000000   21
312.20000000000000000000   23
312.30000000000000000000   22
312.40000000000000000000   22
312.50000000000000000000   25
312.60000000000000000000   28
312.70000000000000000000   25
312.80000000000000000000   22
312.90000000000000000000   23
313.00000000000000000000   22
313.10000000000000000000   22
313.20000000000000000000   21
313.30000000000000000000   21
313.40000000000000000000   20
313.50000000000000000000   23
313.60000000000000000000   21
313.70000000000000000000   21
313.80000000000000000000   21
313.90000000000000000000   24
314.00000000000000000000   21
314.10000000000000000000   24
314.20000000000000000000   27
314.30000000000000000000   21
314.40000000000000000000   20
314.50000000000000000000   25
314.60000000000000000000   23
314.70000000000000000000   25
314.80000000000000000000   26
314.90000000000000000000   21
315.00000000000000000000   25
315.10000000000000000000   25
315.20000000000000000000   23
315.30000000000000000000   21
315.40000000000000000000   22
315.50000000000000000000   23
315.60000000000000000000   23
315.70000000000000000000   23
315.80000000000000000000   25
315.90000000000000000000   26
316.00000000000000000000   26
316.10000000000000000000   27
316.20000000000000000000   23
316.30000000000000000000   23
316.40000000000000000000   20
316.50000000000000000000   22
316.60000000000000000000   21
316.70000000000000000000   21
316.80000000000000000000   23
316.90000000000000000000   24
317.00000000000000000000   26
317.10000000000000000000   21
317.20000000000000000000   22
317.30000000000000000000   25
317.40000000000000000000   22
317.50000000000000000000   22
317.60000000000000000000   23
317.70000000000000000000   23
317.80000000000000000000   23
317.90000000000000000000   23
318.00000000000000000000   22
318.10000000000000000000   22
318.20000000000000000000   21
318.30000000000000000000   20
318.40000000000000000000   17
318.50000000000000000000   22
318.60000000000000000000   24
318.70000000000000000000   22
318.80000000000000000000   24
318.90000000000000000000   24
319.00000000000000000000   22
319.10000000000000000000   22
319.20000000000000000000   22
319.30000000000000000000   21
319.40000000000000000000   21
319.50000000000000000000   24
319.60000000000000000000   20
319.70000000000000000000   20
319.80000000000000000000   23
319.90000000000000000000   19
320.00000000000000000000   25
320.10000000000000000000   23
320.20000000000000000000   26
320.30000000000000000000   22
320.40000000000000000000   22
320.50000000000000000000   23
320.60000000000000000000   24
320.70000000000000000000   24
320.80000000000000000000   22
320.90000000000000000000   24
321.00000000000000000000   23
321.10000000000000000000   20
321.20000000000000000000   25
321.30000000000000000000   26
321.40000000000000000000   24
321.50000000000000000000   25
321.60000000000000000000   19
321.70000000000000000000   22
321.80000000000000000000   24
321.90000000000000000000   22
322.00000000000000000000   23
322.10000000000000000000   23
322.20000000000000000000   23
322.30000000000000000000   19
322.40000000000000000000   24
322.50000000000000000000   23
322.60000000000000000000   23
322.70000000000000000000   22
322.80000000000000000000   21
322.90000000000000000000   24
323.00000000000000000000   21
323.10000000000000000000   21
323.20000000000000000000   21
323.30000000000000000000   22
323.40000000000000000000   20
323.50000000000000000000   22
323.60000000000000000000   21
323.70000000000000000000   22
323.80000000000000000000   24
323.90000000000000000000   25
324.00000000000000000000   24
324.10000000000000000000   21
324.20000000000000000000   22
324.30000000000000000000   25
324.40000000000000000000   22
324.50000000000000000000   22
324.60000000000000000000   26
324.70000000000000000000   26
324.80000000000000000000   19
324.90000000000000000000   24
325.00000000000000000000   23
325.10000000000000000000   26
325.20000000000000000000   26
325.30000000000000000000   25
325.40000000000000000000   23
325.50000000000000000000   23
325.60000000000000000000   23
325.70000000000000000000   24
325.80000000000000000000   20
325.90000000000000000000   25
326.00000000000000000000   23
326.10000000000000000000   20
326.20000000000000000000   22
326.30000000000000000000   23
326.40000000000000000000   25
326.50000000000000000000   23
326.60000000000000000000   24
326.70000000000000000000   22
326.80000000000000000000   24
326.90000000000000000000   24
327.00000000000000000000   24
327.10000000000000000000   24
327.20000000000000000000   25
327.30000000000000000000   22
327.40000000000000000000   23
327.50000000000000000000   24
327.60000000000000000000   25
327.70000000000000000000   24
327.80000000000000000000   24
327.90000000000000000000   24
328.00000000000000000000   25
328.10000000000000000000   20
328.20000000000000000000   24
328.30000000000000000000   22
328.40000000000000000000   21
328.50000000000000000000   25
328.60000000000000000000   23
328.70000000000000000000   22
328.80000000000000000000   22
328.90000000000000000000   24
329.00000000000000000000   21
329.10000000000000000000   23
329.20000000000000000000   22
329.30000000000000000000   21
329.40000000000000000000   24
329.50000000000000000000   24
329.60000000000000000000   24
329.70000000000000000000   22
329.80000000000000000000   23
329.90000000000000000000   21
330.00000000000000000000   24
330.10000000000000000000   24
330.20000000000000000000   20
330.30000000000000000000   19
330.40000000000000000000   19
330.50000000000000000000   19
330.60000000000000000000   23
330.70000000000000000000   21
330.80000000000000000000   20
330.90000000000000000000   19
331.00000000000000000000   20
331.10000000000000000000   24
331.20000000000000000000   25
331.30000000000000000000   25
331.40000000000000000000   24
331.50000000000000000000   25
331.60000000000000000000   26
331.70000000000000000000   25
331.80000000000000000000   23
331.90000000000000000000   25
332.00000000000000000000   20
332.10000000000000000000   24
332.20000000000000000000   23
332.30000000000000000000   26
332.40000000000000000000   26
332.50000000000000000000   20
332.60000000000000000000   21
332.70000000000000000000   24
332.80000000000000000000   23
332.90000000000000000000   25
333.00000000000000000000   21
333.10000000000000000000   22
333.20000000000000000000   25
333.30000000000000000000   25
333.40000000000000000000   19
333.50000000000000000000   21
333.60000000000000000000   23
333.70000000000000000000   21
333.80000000000000000000   21
333.90000000000000000000   25
334.00000000000000000000   23
334.10000000000000000000   23
334.20000000000000000000   25
334.30000000000000000000   23
334.40000000000000000000   24
334.50000000000000000000   21
334.60000000000000000000   22
334.70000000000000000000   28
334.80000000000000000000   22
334.90000000000000000000   24
335.00000000000000000000   25
335.10000000000000000000   21
335.20000000000000000000   22
335.30000000000000000000   24
335.40000000000000000000   24
335.50000000000000000000   21
335.60000000000000000000   23
335.70000000000000000000   26
335.80000000000000000000   24
335.90000000000000000000   24
336.00000000000000000000   24
336.10000000000000000000   25
336.20000000000000000000   25
336.30000000000000000000   23
336.40000000000000000000   21
336.50000000000000000000   22
336.60000000000000000000   22
336.70000000000000000000   25
336.80000000000000000000   24
336.90000000000000000000   23
337.00000000000000000000   23
337.10000000000000000000   21
337.20000000000000000000   22
337.30000000000000000000   23
337.40000000000000000000   24
337.50000000000000000000   24
337.60000000000000000000   21
337.70000000000000000000   23
337.80000000000000000000   23
337.90000000000000000000   20
338.00000000000000000000   21
338.10000000000000000000   29
338.20000000000000000000   23
338.30000000000000000000   22
338.40000000000000000000   25
338.50000000000000000000   23
338.60000000000000000000   25
338.70000000000000000000   25
338.80000000000000000000   24
338.90000000000000000000   23
339.00000000000000000000   22
339.10000000000000000000   25
339.20000000000000000000   24
339.30000000000000000000   22
339.40000000000000000000   23
339.50000000000000000000   26
339.60000000000000000000   25
339.70000000000000000000   23
339.80000000000000000000   24
339.90000000000000000000   22
340.00000000000000000000   23
340.10000000000000000000   22
340.20000000000000000000   20
340.30000000000000000000   23
340.40000000000000000000   19
340.50000000000000000000   22
340.60000000000000000000   23
340.70000000000000000000   22
340.80000000000000000000   23
340.90000000000000000000   25
341.00000000000000000000   24
341.10000000000000000000   21
341.20000000000000000000   22
341.30000000000000000000   21
341.40000000000000000000   24
341.50000000000000000000   22
341.60000000000000000000   23
341.70000000000000000000   23
341.80000000000000000000   24
341.90000000000000000000   25
342.00000000000000000000   22
342.10000000000000000000   26
342.20000000000000000000   25
342.30000000000000000000   22
342.40000000000000000000   21
342.50000000000000000000   22
342.60000000000000000000   24
342.70000000000000000000   23
342.80000000000000000000   23
342.90000000000000000000   22
343.00000000000000000000   26
343.10000000000000000000   24
343.20000000000000000000   22
343.30000000000000000000   21
343.40000000000000000000   22
343.50000000000000000000   23
343.60000000000000000000   23
343.70000000000000000000   24
343.80000000000000000000   22
343.90000000000000000000   23
344.00000000000000000000   24
344.10000000000000000000   22
344.20000000000000000000   23
344.30000000000000000000   23
344.40000000000000000000   22
344.50000000000000000000   22
344.60000000000000000000   22
344.70000000000000000000   21
344.80000000000000000000   21
344.90000000000000000000   22
345.00000000000000000000   23
345.10000000000000000000   21
345.20000000000000000000   21
345.30000000000000000000   22
345.40000000000000000000   24
345.50000000000000000000   24
345.60000000000000000000   24
345.70000000000000000000   21
345.80000000000000000000   22
345.90000000000000000000   22
346.00000000000000000000   22
346.10000000000000000000   22
346.20000000000000000000   23
346.30000000000000000000   25
346.40000000000000000000   23
346.50000000000000000000   22
346.60000000000000000000   22
346.70000000000000000000   24
346.80000000000000000000   24
346.90000000000000000000   23
347.00000000000000000000   22
347.10000000000000000000   22
347.20000000000000000000   26
347.30000000000000000000   22
347.40000000000000000000   22
347.50000000000000000000   24
347.60000000000000000000   25
347.70000000000000000000   22
347.80000000000000000000   25
347.90000000000000000000   22
348.00000000000000000000   26
348.10000000000000000000   24
348.20000000000000000000   23
348.30000000000000000000   24
348.40000000000000000000   25
348.50000000000000000000   22
348.60000000000000000000   21
348.70000000000000000000   24
348.80000000000000000000   23
348.90000000000000000000   20
349.00000000000000000000   19
349.10000000000000000000   21
349.20000000000000000000   21
349.30000000000000000000   21
349.40000000000000000000   21
349.50000000000000000000   20
349.60000000000000000000   20
349.70000000000000000000   21
349.80000000000000000000   27
349.90000000000000000000   23
350.00000000000000000000   23
350.10000000000000000000   23
350.20000000000000000000   23
350.30000000000000000000   20
350.40000000000000000000   23
350.50000000000000000000   21
350.60000000000000000000   23
350.70000000000000000000   24
350.80000000000000000000   20
350.90000000000000000000   23
351.00000000000000000000   20
351.10000000000000000000   25
351.20000000000000000000   25
351.30000000000000000000   24
351.40000000000000000000   22
351.50000000000000000000   20
351.60000000000000000000   25
351.70000000000000000000   26
351.80000000000000000000   22
351.90000000000000000000   24
352.00000000000000000000   21
352.10000000000000000000   22
352.20000000000000000000   22
352.30000000000000000000   20
352.40000000000000000000   21
352.50000000000000000000   23
352.60000000000000000000   23
352.70000000000000000000   22
352.80000000000000000000   24
352.90000000000000000000   21
353.00000000000000000000   26
353.10000000000000000000   22
353.20000000000000000000   25
353.30000000000000000000   24
353.40000000000000000000   25
353.50000000000000000000   23
353.60000000000000000000   22
353.70000000000000000000   24
353.80000000000000000000   24
353.90000000000000000000   19
354.00000000000000000000   26
354.10000000000000000000   24
354.20000000000000000000   20
354.30000000000000000000   22
354.40000000000000000000   23
354.50000000000000000000   26
354.60000000000000000000   26
354.70000000000000000000   27
354.80000000000000000000   27
354.90000000000000000000   24
355.00000000000000000000   24
355.10000000000000000000   23
355.20000000000000000000   26
355.30000000000000000000   24
355.40000000000000000000   24
355.50000000000000000000   23
355.60000000000000000000   24
355.70000000000000000000   23
355.80000000000000000000   22
355.90000000000000000000   24
356.00000000000000000000   25
356.10000000000000000000   23
356.20000000000000000000   22
356.30000000000000000000   25
356.40000000000000000000   21
356.50000000000000000000   23
356.60000000000000000000   22
356.70000000000000000000   24
356.80000000000000000000   22
356.90000000000000000000   23
357.00000000000000000000   24
357.10000000000000000000   19
357.20000000000000000000   21
357.30000000000000000000   23
357.40000000000000000000   21
357.50000000000000000000   22
357.60000000000000000000   24
357.70000000000000000000   24
357.80000000000000000000   21
357.90000000000000000000   23
358.00000000000000000000   24
358.10000000000000000000   21
358.20000000000000000000   16
358.30000000000000000000   19
358.40000000000000000000   17
358.50000000000000000000   21
358.60000000000000000000   21
358.70000000000000000000   22
358.80000000000000000000   24
358.90000000000000000000   20
359.00000000000000000000   20
359.10000000000000000000   21
359.20000000000000000000   21
359.30000000000000000000   19
359.40000000000000000000   20
359.50000000000000000000   20
359.60000000000000000000   22
359.70000000000000000000   22
359.80000000000000000000   24
359.90000000000000000000   22
360.00000000000000000000   22
360.10000000000000000000   19
360.20000000000000000000   19
360.30000000000000000000   20
360.40000000000000000000   19
360.50000000000000000000   21
360.60000000000000000000   21
360.70000000000000000000   19
360.80000000000000000000   22
360.90000000000000000000   23
361.00000000000000000000   20
361.10000000000000000000   20
361.20000000000000000000   19
361.30000000000000000000   23
361.40000000000000000000   23
361.50000000000000000000   22
361.60000000000000000000   21
361.70000000000000000000   21
361.80000000000000000000   21
361.90000000000000000000   24
362.00000000000000000000   20
362.10000000000000000000   21
362.20000000000000000000   24
362.30000000000000000000   22
362.40000000000000000000   21
362.50000000000000000000   21
362.60000000000000000000   20
362.70000000000000000000   20
362.80000000000000000000   26
362.90000000000000000000   23
363.00000000000000000000   22
363.10000000000000000000   20
363.20000000000000000000   19
363.30000000000000000000   20
363.40000000000000000000   23
363.50000000000000000000   21
363.60000000000000000000   21
363.70000000000000000000   25
363.80000000000000000000   21
363.90000000000000000000   22
364.00000000000000000000   21
364.10000000000000000000   18
364.20000000000000000000   20
364.30000000000000000000   23
364.40000000000000000000   20
364.50000000000000000000   23
364.60000000000000000000   24
364.70000000000000000000   22
364.80000000000000000000   23
364.90000000000000000000   20
365.00000000000000000000   21
365.10000000000000000000   22
365.20000000000000000000   22
365.30000000000000000000   20
365.40000000000000000000   22
365.50000000000000000000   24
365.60000000000000000000   20
365.70000000000000000000   23
365.80000000000000000000   19
365.90000000000000000000   21
366.00000000000000000000   22
366.10000000000000000000   25
366.20000000000000000000   21
366.30000000000000000000   21
366.40000000000000000000   20
366.50000000000000000000   22
366.60000000000000000000   22
366.70000000000000000000   23
366.80000000000000000000   21
366.90000000000000000000   19
367.00000000000000000000   21
367.10000000000000000000   20
367.20000000000000000000   18
367.30000000000000000000   18
367.40000000000000000000   23
367.50000000000000000000   23
367.60000000000000000000   21
367.70000000000000000000   23
367.80000000000000000000   22
367.90000000000000000000   20
368.00000000000000000000   25
368.10000000000000000000   18
368.20000000000000000000   23
368.30000000000000000000   22
368.40000000000000000000   21
368.50000000000000000000   19
368.60000000000000000000   19
368.70000000000000000000   19
368.80000000000000000000   19
368.90000000000000000000   21
369.00000000000000000000   21
369.10000000000000000000   18
369.20000000000000000000   18
369.30000000000000000000   20
369.40000000000000000000   19
369.50000000000000000000   20
369.60000000000000000000   21
369.70000000000000000000   17
369.80000000000000000000   20
369.90000000000000000000   18
370.00000000000000000000   18
370.10000000000000000000   18
370.20000000000000000000   20
370.30000000000000000000   21
370.40000000000000000000   15
370.50000000000000000000   15
370.60000000000000000000   20
370.70000000000000000000   19
370.80000000000000000000   17
370.90000000000000000000   20
371.00000000000000000000   17
371.10000000000000000000   20
371.20000000000000000000   21
371.30000000000000000000   19
371.40000000000000000000   23
371.50000000000000000000   20
371.60000000000000000000   22
371.70000000000000000000   21
371.80000000000000000000   24
371.90000000000000000000   19
372.00000000000000000000   19
372.10000000000000000000   19
372.20000000000000000000   16
372.30000000000000000000   18
372.40000000000000000000   25
372.50000000000000000000   17
372.60000000000000000000   14
372.70000000000000000000   15
372.80000000000000000000   14
372.90000000000000000000   14
373.00000000000000000000   13
373.10000000000000000000   13
373.20000000000000000000   15
373.30000000000000000000   19
373.40000000000000000000   17
373.50000000000000000000   18
373.60000000000000000000   19
373.70000000000000000000   12
373.80000000000000000000   13
373.90000000000000000000   19
374.00000000000000000000   15
374.10000000000000000000   18
374.20000000000000000000   23
374.30000000000000000000   20
374.40000000000000000000   18
374.50000000000000000000   19
374.60000000000000000000   17
374.70000000000000000000   22
374.80000000000000000000   15
374.90000000000000000000   19
375.00000000000000000000   17
375.10000000000000000000   15
375.20000000000000000000   19
375.30000000000000000000   19
375.40000000000000000000   20
375.50000000000000000000   15
375.60000000000000000000   17
375.70000000000000000000   17
375.80000000000000000000   18
375.90000000000000000000   16
376.00000000000000000000   20
376.10000000000000000000   22
376.20000000000000000000   15
376.30000000000000000000   15
376.40000000000000000000   13
376.50000000000000000000   13
376.60000000000000000000   13
376.70000000000000000000   18
376.80000000000000000000   17
376.90000000000000000000   17
377.00000000000000000000   17
377.10000000000000000000   13
377.20000000000000000000   14
377.30000000000000000000   21
377.40000000000000000000   18
377.50000000000000000000   19
377.60000000000000000000   17
377.70000000000000000000   21
377.80000000000000000000   17
377.90000000000000000000   17
378.00000000000000000000   14
378.10000000000000000000   15
378.20000000000000000000   18
378.30000000000000000000   19
378.40000000000000000000   19
378.50000000000000000000   18
378.60000000000000000000   23
378.70000000000000000000   20
378.80000000000000000000   19
378.90000000000000000000   19
379.00000000000000000000   16
379.10000000000000000000   17
379.20000000000000000000   12
379.30000000000000000000   15
379.40000000000000000000   18
379.50000000000000000000   14
379.60000000000000000000   17
379.70000000000000000000   17
379.80000000000000000000   21
379.90000000000000000000   18
380.00000000000000000000   20
380.10000000000000000000   18
380.20000000000000000000   15
380.30000000000000000000   19
380.40000000000000000000   17
380.50000000000000000000   18
380.60000000000000000000   16
380.70000000000000000000   12
380.80000000000000000000   16
380.90000000000000000000   17
381.00000000000000000000   18
381.10000000000000000000   16
381.20000000000000000000   13
381.30000000000000000000   15
381.40000000000000000000   15
381.50000000000000000000   21
381.60000000000000000000   18
381.70000000000000000000   15
381.80000000000000000000   18
381.90000000000000000000   19
382.00000000000000000000   16
382.10000000000000000000   18
382.20000000000000000000   18
382.30000000000000000000   20
382.40000000000000000000   23
382.50000000000000000000   17
382.60000000000000000000   17
382.70000000000000000000   22
382.80000000000000000000   17
382.90000000000000000000   19
383.00000000000000000000   19
383.10000000000000000000   21
383.20000000000000000000   17
383.30000000000000000000   16
383.40000000000000000000   18
383.50000000000000000000   18
383.60000000000000000000   16
383.70000000000000000000   19
383.80000000000000000000   15
383.90000000000000000000   20
384.00000000000000000000   18
384.10000000000000000000   19
384.20000000000000000000   17
384.30000000000000000000   18
384.40000000000000000000   19
384.50000000000000000000   18
384.60000000000000000000   18
384.70000000000000000000   18
384.80000000000000000000   20
384.90000000000000000000   18
385.00000000000000000000   17
385.10000000000000000000   18
385.20000000000000000000   20
385.30000000000000000000   22
385.40000000000000000000   18
385.50000000000000000000   17
385.60000000000000000000   19
385.70000000000000000000   18
385.80000000000000000000   20
385.90000000000000000000   19
386.00000000000000000000   19
386.10000000000000000000   18
386.20000000000000000000   17
386.30000000000000000000   18
386.40000000000000000000   17
386.50000000000000000000   18
386.60000000000000000000   18
386.70000000000000000000   16
386.80000000000000000000   18
386.90000000000000000000   17
387.00000000000000000000   18
387.10000000000000000000   19
387.20000000000000000000   19
387.30000000000000000000   17
387.40000000000000000000   18
387.50000000000000000000   18
387.60000000000000000000   20
387.70000000000000000000   18
387.80000000000000000000   19
387.90000000000000000000   17
388.00000000000000000000   20
388.10000000000000000000   17
388.20000000000000000000   18
388.30000000000000000000   18
388.40000000000000000000   19
388.50000000000000000000   19
388.60000000000000000000   22
388.70000000000000000000   19
388.80000000000000000000   22
388.90000000000000000000   19
389.00000000000000000000   20
389.10000000000000000000   19
389.20000000000000000000   18
389.30000000000000000000   20
389.40000000000000000000   20
389.50000000000000000000   18
389.60000000000000000000   19
389.70000000000000000000   19
389.80000000000000000000   19
389.90000000000000000000   20
390.00000000000000000000   21
390.10000000000000000000   24
390.20000000000000000000   18
390.30000000000000000000   19
390.40000000000000000000   18
390.50000000000000000000   21
390.60000000000000000000   18
390.70000000000000000000   18
390.80000000000000000000   18
390.90000000000000000000   20
391.00000000000000000000   17
391.10000000000000000000   18
391.20000000000000000000   21
391.30000000000000000000   17
391.40000000000000000000   19
391.50000000000000000000   19
391.60000000000000000000   19
391.70000000000000000000   19
391.80000000000000000000   14
391.90000000000000000000   15
392.00000000000000000000   15
392.10000000000000000000   18
392.20000000000000000000   14
392.30000000000000000000   17
392.40000000000000000000   19
392.50000000000000000000   15
392.60000000000000000000   17
392.70000000000000000000   17
392.80000000000000000000   17
392.90000000000000000000   14
393.00000000000000000000   18
393.10000000000000000000   16
393.20000000000000000000   17
393.30000000000000000000   18
393.40000000000000000000   21
393.50000000000000000000   19
393.60000000000000000000   19
393.70000000000000000000   22
393.80000000000000000000   17
393.90000000000000000000   23
394.00000000000000000000   22
394.10000000000000000000   23
394.20000000000000000000   20
394.30000000000000000000   19
394.40000000000000000000   16
394.50000000000000000000   15
394.60000000000000000000   19
394.70000000000000000000   15
394.80000000000000000000   15
394.90000000000000000000   15
395.00000000000000000000   17
395.10000000000000000000   16
395.20000000000000000000   14
395.30000000000000000000   13
395.40000000000000000000   15
395.50000000000000000000   13
395.60000000000000000000   17
395.70000000000000000000   14
395.80000000000000000000   22
395.90000000000000000000   21
396.00000000000000000000   22
396.10000000000000000000   20
396.20000000000000000000   19
396.30000000000000000000   21
396.40000000000000000000   23
396.50000000000000000000   22
396.60000000000000000000   15
396.70000000000000000000   17
396.80000000000000000000   19
396.90000000000000000000   17
397.00000000000000000000   11
397.10000000000000000000   14
397.20000000000000000000   14
397.30000000000000000000   15
397.40000000000000000000   18
397.50000000000000000000   12
397.60000000000000000000   13
397.70000000000000000000   16
397.80000000000000000000   15
397.90000000000000000000   17
398.00000000000000000000   18
398.10000000000000000000   16
398.20000000000000000000   18
398.30000000000000000000   18
398.40000000000000000000   17
398.50000000000000000000   15
398.60000000000000000000   16
398.70000000000000000000   18
398.80000000000000000000   17
398.90000000000000000000   17
399.00000000000000000000   17
399.10000000000000000000   17
399.20000000000000000000   17
399.30000000000000000000   17
399.40000000000000000000   17
399.50000000000000000000   17
399.60000000000000000000   17
399.70000000000000000000   17
