200.00000000000000000000   10
200.10000000000000000000   11
200.20000000000000000000   9
200.30000000000000000000   14
200.40000000000000000000   15
200.50000000000000000000   16
200.60000000000000000000   11
200.70000000000000000000   8
200.80000000000000000000   5
200.90000000000000000000   8
201.00000000000000000000   11
201.10000000000000000000   6
201.20000000000000000000   5
201.30000000000000000000   6
201.40000000000000000000   10
201.50000000000000000000   8
201.60000000000000000000   16
201.70000000000000000000   12
201.80000000000000000000   12
201.90000000000000000000   9
202.00000000000000000000   13
202.10000000000000000000   16
202.20000000000000000000   16
202.30000000000000000000   14
202.40000000000000000000   12
202.50000000000000000000   11
202.60000000000000000000   12
202.70000000000000000000   10
202.80000000000000000000   5
202.90000000000000000000   5
203.00000000000000000000   7
203.10000000000000000000   6
203.20000000000000000000   5
203.30000000000000000000   6
203.40000000000000000000   3
203.50000000000000000000   10
203.60000000000000000000   3
203.70000000000000000000   10
203.80000000000000000000   10
203.90000000000000000000   14
204.00000000000000000000   11
204.10000000000000000000   10
204.20000000000000000000   11
204.30000000000000000000   11
204.40000000000000000000   9
204.50000000000000000000   7
204.60000000000000000000   10
204.70000000000000000000   6
204.80000000000000000000   9
204.90000000000000000000   12
205.00000000000000000000   13
205.10000000000000000000   8
205.20000000000000000000   7
205.30000000000000000000   9
205.40000000000000000000   9
205.50000000000000000000   7
205.60000000000000000000   11
205.70000000000000000000   11
205.80000000000000000000   8
205.90000000000000000000   3
206.00000000000000000000   5
206.10000000000000000000   11
206.20000000000000000000   11
206.30000000000000000000   11
206.40000000000000000000   10
206.50000000000000000000   9
206.60000000000000000000   11
206.70000000000000000000   6
206.80000000000000000000   9
206.90000000000000000000   6
207.00000000000000000000   9
207.10000000000000000000   5
207.20000000000000000000   6
207.30000000000000000000   5
207.40000000000000000000   9
207.50000000000000000000   8
207.60000000000000000000   13
207.70000000000000000000   7
207.80000000000000000000   6
207.90000000000000000000   5
208.00000000000000000000   4
208.10000000000000000000   8
208.20000000000000000000   8
208.30000000000000000000   10
208.40000000000000000000   4
208.50000000000000000000   9
208.60000000000000000000   8
208.70000000000000000000   7
208.80000000000000000000   11
208.90000000000000000000   9
209.00000000000000000000   13
209.10000000000000000000   13
209.20000000000000000000   9
209.30000000000000000000   12
209.40000000000000000000   11
209.50000000000000000000   13
209.60000000000000000000   14
209.70000000000000000000   16
209.80000000000000000000   15
209.90000000000000000000   12
210.00000000000000000000   11
210.10000000000000000000   7
210.20000000000000000000   8
210.30000000000000000000   9
210.40000000000000000000   12
210.50000000000000000000   12
210.60000000000000000000   17
210.70000000000000000000   16
210.80000000000000000000   17
210.90000000000000000000   18
211.00000000000000000000   17
211.10000000000000000000   17
211.20000000000000000000   22
211.30000000000000000000   18
211.40000000000000000000   17
211.50000000000000000000   20
211.60000000000000000000   19
211.70000000000000000000   18
211.80000000000000000000   13
211.90000000000000000000   11
212.00000000000000000000   10
212.10000000000000000000   11
212.20000000000000000000   12
212.30000000000000000000   9
212.40000000000000000000   13
212.50000000000000000000   12
212.60000000000000000000   14
212.70000000000000000000   13
212.80000000000000000000   11
212.90000000000000000000   7
213.00000000000000000000   15
213.10000000000000000000   9
213.20000000000000000000   7
213.30000000000000000000   9
213.40000000000000000000   9
213.50000000000000000000   10
213.60000000000000000000   10
213.70000000000000000000   9
213.80000000000000000000   9
213.90000000000000000000   12
214.00000000000000000000   7
214.10000000000000000000   6
214.20000000000000000000   8
214.30000000000000000000   6
214.40000000000000000000   4
214.50000000000000000000   14
214.60000000000000000000   11
214.70000000000000000000   12
214.80000000000000000000   14
214.90000000000000000000   9
215.00000000000000000000   11
215.10000000000000000000   9
215.20000000000000000000   8
215.30000000000000000000   8
215.40000000000000000000   4
215.50000000000000000000   5
215.60000000000000000000   6
215.70000000000000000000   7
215.80000000000000000000   8
215.90000000000000000000   10
216.00000000000000000000   9
216.10000000000000000000   9
216.20000000000000000000   10
216.30000000000000000000   9
216.40000000000000000000   7
216.50000000000000000000   9
216.60000000000000000000   9
216.70000000000000000000   6
216.80000000000000000000   9
216.90000000000000000000   9
217.00000000000000000000   8
217.10000000000000000000   8
217.20000000000000000000   11
217.30000000000000000000   7
217.40000000000000000000   9
217.50000000000000000000   6
217.60000000000000000000   12
217.70000000000000000000   8
217.80000000000000000000   11
217.90000000000000000000   11
218.00000000000000000000   10
218.10000000000000000000   8
218.20000000000000000000   10
218.30000000000000000000   5
218.40000000000000000000   8
218.50000000000000000000   8
218.60000000000000000000   6
218.70000000000000000000   11
218.80000000000000000000   11
218.90000000000000000000   11
219.00000000000000000000   8
219.10000000000000000000   12
219.20000000000000000000   10
219.30000000000000000000   11
219.40000000000000000000   13
219.50000000000000000000   14
219.60000000000000000000   12
219.70000000000000000000   12
219.80000000000000000000   14
219.90000000000000000000   13
220.00000000000000000000   13
220.10000000000000000000   14
220.20000000000000000000   9
220.30000000000000000000   13
220.40000000000000000000   14
220.50000000000000000000   13
220.60000000000000000000   10
220.70000000000000000000   9
220.80000000000000000000   5
220.90000000000000000000   11
221.00000000000000000000   10
221.10000000000000000000   14
221.20000000000000000000   14
221.30000000000000000000   12
221.40000000000000000000   8
221.50000000000000000000   11
221.60000000000000000000   6
221.70000000000000000000   12
221.80000000000000000000   14
221.90000000000000000000   9
222.00000000000000000000   8
222.10000000000000000000   11
222.20000000000000000000   11
222.30000000000000000000   13
222.40000000000000000000   12
222.50000000000000000000   9
222.60000000000000000000   12
222.70000000000000000000   12
222.80000000000000000000   11
222.90000000000000000000   11
223.00000000000000000000   8
223.10000000000000000000   13
223.20000000000000000000   10
223.30000000000000000000   9
223.40000000000000000000   15
223.50000000000000000000   11
223.60000000000000000000   12
223.70000000000000000000   10
223.80000000000000000000   10
223.90000000000000000000   8
224.00000000000000000000   14
224.10000000000000000000   13
224.20000000000000000000   13
224.30000000000000000000   11
224.40000000000000000000   12
224.50000000000000000000   10
224.60000000000000000000   11
224.70000000000000000000   12
224.80000000000000000000   11
224.90000000000000000000   11
225.00000000000000000000   11
225.10000000000000000000   12
225.20000000000000000000   12
225.30000000000000000000   12
225.40000000000000000000   8
225.50000000000000000000   9
225.60000000000000000000   8
225.70000000000000000000   9
225.80000000000000000000   15
225.90000000000000000000   13
226.00000000000000000000   10
226.10000000000000000000   11
226.20000000000000000000   9
226.30000000000000000000   6
226.40000000000000000000   6
226.50000000000000000000   11
226.60000000000000000000   7
226.70000000000000000000   7
226.80000000000000000000   10
226.90000000000000000000   10
227.00000000000000000000   9
227.10000000000000000000   6
227.20000000000000000000   6
227.30000000000000000000   8
227.40000000000000000000   7
227.50000000000000000000   14
227.60000000000000000000   14
227.70000000000000000000   11
227.80000000000000000000   15
227.90000000000000000000   13
228.00000000000000000000   13
228.10000000000000000000   14
228.20000000000000000000   10
228.30000000000000000000   6
228.40000000000000000000   4
228.50000000000000000000   3
228.60000000000000000000   6
228.70000000000000000000   7
228.80000000000000000000   7
228.90000000000000000000   5
229.00000000000000000000   6
229.10000000000000000000   8
229.20000000000000000000   7
229.30000000000000000000   7
229.40000000000000000000   8
229.50000000000000000000   7
229.60000000000000000000   11
229.70000000000000000000   10
229.80000000000000000000   12
229.90000000000000000000   11
230.00000000000000000000   13
230.10000000000000000000   13
230.20000000000000000000   14
230.30000000000000000000   15
230.40000000000000000000   14
230.50000000000000000000   13
230.60000000000000000000   16
230.70000000000000000000   13
230.80000000000000000000   12
230.90000000000000000000   10
231.00000000000000000000   12
231.10000000000000000000   13
231.20000000000000000000   12
231.30000000000000000000   9
231.40000000000000000000   10
231.50000000000000000000   14
231.60000000000000000000   8
231.70000000000000000000   12
231.80000000000000000000   7
231.90000000000000000000   9
232.00000000000000000000   8
232.10000000000000000000   7
232.20000000000000000000   8
232.30000000000000000000   10
232.40000000000000000000   8
232.50000000000000000000   8
232.60000000000000000000   8
232.70000000000000000000   10
232.80000000000000000000   5
232.90000000000000000000   5
233.00000000000000000000   9
233.10000000000000000000   13
233.20000000000000000000   11
233.30000000000000000000   8
233.40000000000000000000   8
233.50000000000000000000   7
233.60000000000000000000   6
233.70000000000000000000   11
233.80000000000000000000   10
233.90000000000000000000   7
234.00000000000000000000   7
234.10000000000000000000   5
234.20000000000000000000   5
234.30000000000000000000   6
234.40000000000000000000   8
234.50000000000000000000   9
234.60000000000000000000   12
234.70000000000000000000   9
234.80000000000000000000   15
234.90000000000000000000   11
235.00000000000000000000   10
235.10000000000000000000   10
235.20000000000000000000   12
235.30000000000000000000   10
235.40000000000000000000   8
235.50000000000000000000   4
235.60000000000000000000   5
235.70000000000000000000   7
235.80000000000000000000   5
235.90000000000000000000   7
236.00000000000000000000   8
236.10000000000000000000   3
236.20000000000000000000   9
236.30000000000000000000   8
236.40000000000000000000   8
236.50000000000000000000   6
236.60000000000000000000   7
236.70000000000000000000   5
236.80000000000000000000   6
236.90000000000000000000   7
237.00000000000000000000   8
237.10000000000000000000   6
237.20000000000000000000   9
237.30000000000000000000   7
237.40000000000000000000   4
237.50000000000000000000   3
237.60000000000000000000   3
237.70000000000000000000   3
237.80000000000000000000   5
237.90000000000000000000   8
238.00000000000000000000   7
238.10000000000000000000   7
238.20000000000000000000   5
238.30000000000000000000   3
238.40000000000000000000   9
238.50000000000000000000   4
238.60000000000000000000   17
238.70000000000000000000   12
238.80000000000000000000   13
238.90000000000000000000   13
239.00000000000000000000   18
239.10000000000000000000   11
239.20000000000000000000   11
239.30000000000000000000   10
239.40000000000000000000   13
239.50000000000000000000   10
239.60000000000000000000   12
239.70000000000000000000   14
239.80000000000000000000   10
239.90000000000000000000   8
240.00000000000000000000   13
240.10000000000000000000   10
240.20000000000000000000   9
240.30000000000000000000   9
240.40000000000000000000   8
240.50000000000000000000   6
240.60000000000000000000   11
240.70000000000000000000   10
240.80000000000000000000   12
240.90000000000000000000   12
241.00000000000000000000   11
241.10000000000000000000   12
241.20000000000000000000   10
241.30000000000000000000   15
241.40000000000000000000   13
241.50000000000000000000   14
241.60000000000000000000   12
241.70000000000000000000   10
241.80000000000000000000   11
241.90000000000000000000   8
242.00000000000000000000   10
242.10000000000000000000   7
242.20000000000000000000   9
242.30000000000000000000   9
242.40000000000000000000   11
242.50000000000000000000   10
242.60000000000000000000   8
242.70000000000000000000   10
242.80000000000000000000   8
242.90000000000000000000   11
243.00000000000000000000   11
243.10000000000000000000   14
243.20000000000000000000   10
243.30000000000000000000   9
243.40000000000000000000   10
243.50000000000000000000   8
243.60000000000000000000   12
243.70000000000000000000   11
243.80000000000000000000   8
243.90000000000000000000   8
244.00000000000000000000   5
244.10000000000000000000   8
244.20000000000000000000   7
244.30000000000000000000   6
244.40000000000000000000   14
244.50000000000000000000   13
244.60000000000000000000   13
244.70000000000000000000   11
244.80000000000000000000   12
244.90000000000000000000   12
245.00000000000000000000   10
245.10000000000000000000   13
245.20000000000000000000   7
245.30000000000000000000   12
245.40000000000000000000   8
245.50000000000000000000   12
245.60000000000000000000   17
245.70000000000000000000   14
245.80000000000000000000   12
245.90000000000000000000   12
246.00000000000000000000   8
246.10000000000000000000   16
246.20000000000000000000   15
246.30000000000000000000   9
246.40000000000000000000   8
246.50000000000000000000   9
246.60000000000000000000   5
246.70000000000000000000   12
246.80000000000000000000   9
246.90000000000000000000   8
247.00000000000000000000   6
247.10000000000000000000   8
247.20000000000000000000   10
247.30000000000000000000   12
247.40000000000000000000   7
247.50000000000000000000   9
247.60000000000000000000   8
247.70000000000000000000   11
247.80000000000000000000   9
247.90000000000000000000   5
248.00000000000000000000   7
248.10000000000000000000   11
248.20000000000000000000   10
248.30000000000000000000   13
248.40000000000000000000   10
248.50000000000000000000   11
248.60000000000000000000   11
248.70000000000000000000   12
248.80000000000000000000   11
248.90000000000000000000   11
249.00000000000000000000   8
249.10000000000000000000   9
249.20000000000000000000   9
249.30000000000000000000   5
249.40000000000000000000   7
249.50000000000000000000   7
249.60000000000000000000   5
249.70000000000000000000   5
249.80000000000000000000   5
249.90000000000000000000   8
250.00000000000000000000   2
250.10000000000000000000   10
250.20000000000000000000   10
250.30000000000000000000   7
250.40000000000000000000   5
250.50000000000000000000   6
250.60000000000000000000   8
250.70000000000000000000   6
250.80000000000000000000   5
250.90000000000000000000   6
251.00000000000000000000   5
251.10000000000000000000   8
251.20000000000000000000   8
251.30000000000000000000   10
251.40000000000000000000   9
251.50000000000000000000   11
251.60000000000000000000   9
251.70000000000000000000   11
251.80000000000000000000   9
251.90000000000000000000   11
252.00000000000000000000   13
252.10000000000000000000   5
252.20000000000000000000   8
252.30000000000000000000   9
252.40000000000000000000   7
252.50000000000000000000   7
252.60000000000000000000   6
252.70000000000000000000   7
252.80000000000000000000   5
252.90000000000000000000   5
253.00000000000000000000   8
253.10000000000000000000   7
253.20000000000000000000   8
253.30000000000000000000   6
253.40000000000000000000   6
253.50000000000000000000   3
253.60000000000000000000   5
253.70000000000000000000   5
253.80000000000000000000   5
253.90000000000000000000   4
254.00000000000000000000   7
254.10000000000000000000   7
254.20000000000000000000   9
254.30000000000000000000   9
254.40000000000000000000   4
254.50000000000000000000   6
254.60000000000000000000   4
254.70000000000000000000   9
254.80000000000000000000   8
254.90000000000000000000   7
255.00000000000000000000   6
255.10000000000000000000   9
255.20000000000000000000   11
255.30000000000000000000   12
255.40000000000000000000   11
255.50000000000000000000   7
255.60000000000000000000   5
255.70000000000000000000   8
255.80000000000000000000   7
255.90000000000000000000   9
256.00000000000000000000   7
256.10000000000000000000   6
256.20000000000000000000   9
256.30000000000000000000   6
256.40000000000000000000   6
256.50000000000000000000   6
256.60000000000000000000   5
256.70000000000000000000   6
256.80000000000000000000   8
256.90000000000000000000   5
257.00000000000000000000   9
257.10000000000000000000   5
257.20000000000000000000   7
257.30000000000000000000   7
257.40000000000000000000   9
257.50000000000000000000   9
257.60000000000000000000   11
257.70000000000000000000   10
257.80000000000000000000   12
257.90000000000000000000   11
258.00000000000000000000   15
258.10000000000000000000   15
258.20000000000000000000   16
258.30000000000000000000   14
258.40000000000000000000   15
258.50000000000000000000   15
258.60000000000000000000   17
258.70000000000000000000   15
258.80000000000000000000   15
258.90000000000000000000   16
259.00000000000000000000   17
259.10000000000000000000   11
259.20000000000000000000   11
259.30000000000000000000   15
259.40000000000000000000   11
259.50000000000000000000   12
259.60000000000000000000   13
259.70000000000000000000   16
259.80000000000000000000   15
259.90000000000000000000   14
260.00000000000000000000   11
260.10000000000000000000   13
260.20000000000000000000   13
260.30000000000000000000   10
260.40000000000000000000   11
260.50000000000000000000   12
260.60000000000000000000   12
260.70000000000000000000   14
260.80000000000000000000   13
260.90000000000000000000   11
261.00000000000000000000   15
261.10000000000000000000   17
261.20000000000000000000   14
261.30000000000000000000   16
261.40000000000000000000   18
261.50000000000000000000   18
261.60000000000000000000   18
261.70000000000000000000   18
261.80000000000000000000   18
261.90000000000000000000   13
262.00000000000000000000   18
262.10000000000000000000   16
262.20000000000000000000   19
262.30000000000000000000   18
262.40000000000000000000   13
262.50000000000000000000   18
262.60000000000000000000   16
262.70000000000000000000   17
262.80000000000000000000   15
262.90000000000000000000   14
263.00000000000000000000   18
263.10000000000000000000   23
263.20000000000000000000   14
263.30000000000000000000   17
263.40000000000000000000   15
263.50000000000000000000   16
263.60000000000000000000   13
263.70000000000000000000   14
263.80000000000000000000   13
263.90000000000000000000   12
264.00000000000000000000   14
264.10000000000000000000   16
264.20000000000000000000   14
264.30000000000000000000   13
264.40000000000000000000   10
264.50000000000000000000   10
264.60000000000000000000   11
264.70000000000000000000   9
264.80000000000000000000   12
264.90000000000000000000   10
265.00000000000000000000   9
265.10000000000000000000   8
265.20000000000000000000   11
265.30000000000000000000   9
265.40000000000000000000   11
265.50000000000000000000   10
265.60000000000000000000   9
265.70000000000000000000   11
265.80000000000000000000   9
265.90000000000000000000   10
266.00000000000000000000   10
266.10000000000000000000   14
266.20000000000000000000   12
266.30000000000000000000   14
266.40000000000000000000   12
266.50000000000000000000   12
266.60000000000000000000   13
266.70000000000000000000   10
266.80000000000000000000   10
266.90000000000000000000   10
267.00000000000000000000   12
267.10000000000000000000   9
267.20000000000000000000   15
267.30000000000000000000   11
267.40000000000000000000   16
267.50000000000000000000   14
267.60000000000000000000   12
267.70000000000000000000   12
267.80000000000000000000   13
267.90000000000000000000   15
268.00000000000000000000   14
268.10000000000000000000   12
268.20000000000000000000   11
268.30000000000000000000   10
268.40000000000000000000   13
268.50000000000000000000   10
268.60000000000000000000   11
268.70000000000000000000   15
268.80000000000000000000   13
268.90000000000000000000   13
269.00000000000000000000   9
269.10000000000000000000   8
269.20000000000000000000   11
269.30000000000000000000   8
269.40000000000000000000   7
269.50000000000000000000   7
269.60000000000000000000   11
269.70000000000000000000   12
269.80000000000000000000   11
269.90000000000000000000   9
270.00000000000000000000   10
270.10000000000000000000   7
270.20000000000000000000   7
270.30000000000000000000   10
270.40000000000000000000   14
270.50000000000000000000   10
270.60000000000000000000   14
270.70000000000000000000   13
270.80000000000000000000   11
270.90000000000000000000   11
271.00000000000000000000   14
271.10000000000000000000   16
271.20000000000000000000   15
271.30000000000000000000   18
271.40000000000000000000   13
271.50000000000000000000   10
271.60000000000000000000   12
271.70000000000000000000   11
271.80000000000000000000   15
271.90000000000000000000   11
272.00000000000000000000   11
272.10000000000000000000   8
272.20000000000000000000   5
272.30000000000000000000   4
272.40000000000000000000   5
272.50000000000000000000   8
272.60000000000000000000   10
272.70000000000000000000   9
272.80000000000000000000   7
272.90000000000000000000   10
273.00000000000000000000   9
273.10000000000000000000   10
273.20000000000000000000   7
273.30000000000000000000   5
273.40000000000000000000   4
273.50000000000000000000   5
273.60000000000000000000   8
273.70000000000000000000   4
273.80000000000000000000   3
273.90000000000000000000   5
274.00000000000000000000   9
274.10000000000000000000   9
274.20000000000000000000   5
274.30000000000000000000   10
274.40000000000000000000   8
274.50000000000000000000   10
274.60000000000000000000   10
274.70000000000000000000   10
274.80000000000000000000   11
274.90000000000000000000   12
275.00000000000000000000   13
275.10000000000000000000   9
275.20000000000000000000   10
275.30000000000000000000   10
275.40000000000000000000   10
275.50000000000000000000   12
275.60000000000000000000   12
275.70000000000000000000   10
275.80000000000000000000   11
275.90000000000000000000   10
276.00000000000000000000   11
276.10000000000000000000   8
276.20000000000000000000   13
276.30000000000000000000   8
276.40000000000000000000   4
276.50000000000000000000   5
276.60000000000000000000   2
276.70000000000000000000   7
276.80000000000000000000   10
276.90000000000000000000   10
277.00000000000000000000   9
277.10000000000000000000   7
277.20000000000000000000   8
277.30000000000000000000   10
277.40000000000000000000   8
277.50000000000000000000   12
277.60000000000000000000   14
277.70000000000000000000   5
277.80000000000000000000   5
277.90000000000000000000   6
278.00000000000000000000   7
278.10000000000000000000   8
278.20000000000000000000   6
278.30000000000000000000   8
278.40000000000000000000   5
278.50000000000000000000   6
278.60000000000000000000   8
278.70000000000000000000   3
278.80000000000000000000   10
278.90000000000000000000   8
279.00000000000000000000   10
279.10000000000000000000   8
279.20000000000000000000   5
279.30000000000000000000   10
279.40000000000000000000   14
279.50000000000000000000   14
279.60000000000000000000   7
279.70000000000000000000   7
279.80000000000000000000   9
279.90000000000000000000   8
280.00000000000000000000   13
280.10000000000000000000   11
280.20000000000000000000   11
280.30000000000000000000   13
280.40000000000000000000   15
280.50000000000000000000   13
280.60000000000000000000   11
280.70000000000000000000   10
280.80000000000000000000   7
280.90000000000000000000   9
281.00000000000000000000   9
281.10000000000000000000   10
281.20000000000000000000   8
281.30000000000000000000   9
281.40000000000000000000   10
281.50000000000000000000   9
281.60000000000000000000   14
281.70000000000000000000   10
281.80000000000000000000   12
281.90000000000000000000   11
282.00000000000000000000   5
282.10000000000000000000   4
282.20000000000000000000   6
282.30000000000000000000   6
282.40000000000000000000   7
282.50000000000000000000   8
282.60000000000000000000   4
282.70000000000000000000   5
282.80000000000000000000   6
282.90000000000000000000   10
283.00000000000000000000   12
283.10000000000000000000   8
283.20000000000000000000   3
283.30000000000000000000   8
283.40000000000000000000   6
283.50000000000000000000   13
283.60000000000000000000   5
283.70000000000000000000   9
283.80000000000000000000   10
283.90000000000000000000   12
284.00000000000000000000   8
284.10000000000000000000   9
284.20000000000000000000   10
284.30000000000000000000   7
284.40000000000000000000   8
284.50000000000000000000   6
284.60000000000000000000   6
284.70000000000000000000   6
284.80000000000000000000   5
284.90000000000000000000   11
285.00000000000000000000   12
285.10000000000000000000   9
285.20000000000000000000   9
285.30000000000000000000   11
285.40000000000000000000   12
285.50000000000000000000   9
285.60000000000000000000   15
285.70000000000000000000   13
285.80000000000000000000   13
285.90000000000000000000   12
286.00000000000000000000   10
286.10000000000000000000   12
286.20000000000000000000   11
286.30000000000000000000   13
286.40000000000000000000   10
286.50000000000000000000   9
286.60000000000000000000   12
286.70000000000000000000   9
286.80000000000000000000   10
286.90000000000000000000   12
287.00000000000000000000   12
287.10000000000000000000   10
287.20000000000000000000   11
287.30000000000000000000   10
287.40000000000000000000   13
287.50000000000000000000   13
287.60000000000000000000   14
287.70000000000000000000   11
287.80000000000000000000   10
287.90000000000000000000   16
288.00000000000000000000   15
288.10000000000000000000   12
288.20000000000000000000   16
288.30000000000000000000   14
288.40000000000000000000   15
288.50000000000000000000   13
288.60000000000000000000   7
288.70000000000000000000   9
288.80000000000000000000   7
288.90000000000000000000   9
289.00000000000000000000   11
289.10000000000000000000   9
289.20000000000000000000   5
289.30000000000000000000   2
289.40000000000000000000   4
289.50000000000000000000   4
289.60000000000000000000   4
289.70000000000000000000   3
289.80000000000000000000   2
289.90000000000000000000   2
290.00000000000000000000   2
290.10000000000000000000   2
290.20000000000000000000   3
290.30000000000000000000   5
290.40000000000000000000   8
290.50000000000000000000   10
290.60000000000000000000   9
290.70000000000000000000   9
290.80000000000000000000   8
290.90000000000000000000   8
291.00000000000000000000   8
291.10000000000000000000   4
291.20000000000000000000   4
291.30000000000000000000   6
291.40000000000000000000   7
291.50000000000000000000   5
291.60000000000000000000   9
291.70000000000000000000   10
291.80000000000000000000   10
291.90000000000000000000   7
292.00000000000000000000   8
292.10000000000000000000   8
292.20000000000000000000   10
292.30000000000000000000   7
292.40000000000000000000   7
292.50000000000000000000   11
292.60000000000000000000   9
292.70000000000000000000   9
292.80000000000000000000   11
292.90000000000000000000   11
293.00000000000000000000   9
293.10000000000000000000   7
293.20000000000000000000   8
293.30000000000000000000   7
293.40000000000000000000   11
293.50000000000000000000   10
293.60000000000000000000   11
293.70000000000000000000   11
293.80000000000000000000   9
293.90000000000000000000   11
294.00000000000000000000   9
294.10000000000000000000   11
294.20000000000000000000   9
294.30000000000000000000   10
294.40000000000000000000   11
294.50000000000000000000   9
294.60000000000000000000   5
294.70000000000000000000   8
294.80000000000000000000   8
294.90000000000000000000   7
295.00000000000000000000   8
295.10000000000000000000   11
295.20000000000000000000   11
295.30000000000000000000   10
295.40000000000000000000   9
295.50000000000000000000   7
295.60000000000000000000   8
295.70000000000000000000   4
295.80000000000000000000   9
295.90000000000000000000   6
296.00000000000000000000   10
296.10000000000000000000   7
296.20000000000000000000   10
296.30000000000000000000   5
296.40000000000000000000   8
296.50000000000000000000   7
296.60000000000000000000   6
296.70000000000000000000   8
296.80000000000000000000   10
296.90000000000000000000   9
297.00000000000000000000   7
297.10000000000000000000   6
297.20000000000000000000   5
297.30000000000000000000   6
297.40000000000000000000   8
297.50000000000000000000   6
297.60000000000000000000   8
297.70000000000000000000   8
297.80000000000000000000   8
297.90000000000000000000   9
298.00000000000000000000   9
298.10000000000000000000   7
298.20000000000000000000   4
298.30000000000000000000   9
298.40000000000000000000   8
298.50000000000000000000   12
298.60000000000000000000   6
298.70000000000000000000   10
298.80000000000000000000   8
298.90000000000000000000   4
299.00000000000000000000   4
299.10000000000000000000   9
299.20000000000000000000   6
299.30000000000000000000   7
299.40000000000000000000   4
299.50000000000000000000   2
299.60000000000000000000   4
299.70000000000000000000   6
299.80000000000000000000   13
299.90000000000000000000   6
300.00000000000000000000   10
300.10000000000000000000   8
300.20000000000000000000   10
300.30000000000000000000   6
300.40000000000000000000   9
300.50000000000000000000   12
300.60000000000000000000   12
300.70000000000000000000   8
300.80000000000000000000   12
300.90000000000000000000   10
301.00000000000000000000   7
301.10000000000000000000   10
301.20000000000000000000   7
301.30000000000000000000   6
301.40000000000000000000   10
301.50000000000000000000   9
301.60000000000000000000   10
301.70000000000000000000   7
301.80000000000000000000   6
301.90000000000000000000   8
302.00000000000000000000   9
302.10000000000000000000   9
302.20000000000000000000   6
302.30000000000000000000   10
302.40000000000000000000   11
302.50000000000000000000   9
302.60000000000000000000   8
302.70000000000000000000   9
302.80000000000000000000   9
302.90000000000000000000   8
303.00000000000000000000   10
303.10000000000000000000   9
303.20000000000000000000   8
303.30000000000000000000   9
303.40000000000000000000   9
303.50000000000000000000   8
303.60000000000000000000   6
303.70000000000000000000   7
303.80000000000000000000   10
303.90000000000000000000   8
304.00000000000000000000   6
304.10000000000000000000   6
304.20000000000000000000   6
304.30000000000000000000   6
304.40000000000000000000   4
304.50000000000000000000   5
304.60000000000000000000   6
304.70000000000000000000   3
304.80000000000000000000   4
304.90000000000000000000   8
305.00000000000000000000   3
305.10000000000000000000   6
305.20000000000000000000   4
305.30000000000000000000   6
305.40000000000000000000   6
305.50000000000000000000   7
305.60000000000000000000   8
305.70000000000000000000   5
305.80000000000000000000   4
305.90000000000000000000   4
306.00000000000000000000   8
306.10000000000000000000   7
306.20000000000000000000   6
306.30000000000000000000   7
306.40000000000000000000   9
306.50000000000000000000   6
306.60000000000000000000   6
306.70000000000000000000   9
306.80000000000000000000   8
306.90000000000000000000   8
307.00000000000000000000   7
307.10000000000000000000   3
307.20000000000000000000   5
307.30000000000000000000   4
307.40000000000000000000   2
307.50000000000000000000   3
307.60000000000000000000   8
307.70000000000000000000   6
307.80000000000000000000   8
307.90000000000000000000   7
308.00000000000000000000   3
308.10000000000000000000   7
308.20000000000000000000   2
308.30000000000000000000   10
308.40000000000000000000   9
308.50000000000000000000   4
308.60000000000000000000   5
308.70000000000000000000   3
308.80000000000000000000   2
308.90000000000000000000   7
309.00000000000000000000   6
309.10000000000000000000   5
309.20000000000000000000   4
309.30000000000000000000   6
309.40000000000000000000   7
309.50000000000000000000   6
309.60000000000000000000   10
309.70000000000000000000   6
309.80000000000000000000   5
309.90000000000000000000   3
310.00000000000000000000   5
310.10000000000000000000   9
310.20000000000000000000   11
310.30000000000000000000   8
310.40000000000000000000   10
310.50000000000000000000   10
310.60000000000000000000   10
310.70000000000000000000   9
310.80000000000000000000   9
310.90000000000000000000   8
311.00000000000000000000   10
311.10000000000000000000   14
311.20000000000000000000   14
311.30000000000000000000   8
311.40000000000000000000   12
311.50000000000000000000   13
311.60000000000000000000   11
311.70000000000000000000   8
311.80000000000000000000   9
311.90000000000000000000   11
312.00000000000000000000   10
312.10000000000000000000   7
312.20000000000000000000   5
312.30000000000000000000   5
312.40000000000000000000   6
312.50000000000000000000   6
312.60000000000000000000   9
312.70000000000000000000   5
312.80000000000000000000   9
312.90000000000000000000   8
313.00000000000000000000   8
313.10000000000000000000   8
313.20000000000000000000   10
313.30000000000000000000   7
313.40000000000000000000   7
313.50000000000000000000   5
313.60000000000000000000   12
313.70000000000000000000   8
313.80000000000000000000   6
313.90000000000000000000   5
314.00000000000000000000   8
314.10000000000000000000   3
314.20000000000000000000   7
314.30000000000000000000   7
314.40000000000000000000   7
314.50000000000000000000   8
314.60000000000000000000   10
314.70000000000000000000   5
314.80000000000000000000   4
314.90000000000000000000   10
315.00000000000000000000   6
315.10000000000000000000   11
315.20000000000000000000   8
315.30000000000000000000   8
315.40000000000000000000   5
315.50000000000000000000   7
315.60000000000000000000   6
315.70000000000000000000   6
315.80000000000000000000   6
315.90000000000000000000   6
316.00000000000000000000   6
316.10000000000000000000   5
316.20000000000000000000   2
316.30000000000000000000   6
316.40000000000000000000   3
316.50000000000000000000   6
316.60000000000000000000   6
316.70000000000000000000   5
316.80000000000000000000   8
316.90000000000000000000   8
317.00000000000000000000   9
317.10000000000000000000   10
317.20000000000000000000   8
317.30000000000000000000   7
317.40000000000000000000   9
317.50000000000000000000   7
317.60000000000000000000   8
317.70000000000000000000   9
317.80000000000000000000   10
317.90000000000000000000   9
318.00000000000000000000   9
318.10000000000000000000   8
318.20000000000000000000   8
318.30000000000000000000   9
318.40000000000000000000   9
318.50000000000000000000   10
318.60000000000000000000   7
318.70000000000000000000   7
318.80000000000000000000   7
318.90000000000000000000   7
319.00000000000000000000   12
319.10000000000000000000   11
319.20000000000000000000   8
319.30000000000000000000   8
319.40000000000000000000   10
319.50000000000000000000   6
319.60000000000000000000   6
319.70000000000000000000   6
319.80000000000000000000   7
319.90000000000000000000   6
320.00000000000000000000   3
320.10000000000000000000   10
320.20000000000000000000   11
320.30000000000000000000   9
320.40000000000000000000   6
320.50000000000000000000   9
320.60000000000000000000   8
320.70000000000000000000   6
320.80000000000000000000   6
320.90000000000000000000   5
321.00000000000000000000   5
321.10000000000000000000   6
321.20000000000000000000   5
321.30000000000000000000   8
321.40000000000000000000   9
321.50000000000000000000   7
321.60000000000000000000   9
321.70000000000000000000   6
321.80000000000000000000   8
321.90000000000000000000   7
322.00000000000000000000   8
322.10000000000000000000   7
322.20000000000000000000   8
322.30000000000000000000   14
322.40000000000000000000   12
322.50000000000000000000   12
322.60000000000000000000   8
322.70000000000000000000   9
322.80000000000000000000   11
322.90000000000000000000   12
323.00000000000000000000   10
323.10000000000000000000   10
323.20000000000000000000   6
323.30000000000000000000   11
323.40000000000000000000   9
323.50000000000000000000   9
323.60000000000000000000   9
323.70000000000000000000   5
323.80000000000000000000   6
323.90000000000000000000   5
324.00000000000000000000   7
324.10000000000000000000   3
324.20000000000000000000   7
324.30000000000000000000   7
324.40000000000000000000   7
324.50000000000000000000   8
324.60000000000000000000   8
324.70000000000000000000   8
324.80000000000000000000   4
324.90000000000000000000   7
325.00000000000000000000   5
325.10000000000000000000   4
325.20000000000000000000   8
325.30000000000000000000   8
325.40000000000000000000   9
325.50000000000000000000   8
325.60000000000000000000   8
325.70000000000000000000   5
325.80000000000000000000   5
325.90000000000000000000   4
326.00000000000000000000   5
326.10000000000000000000   11
326.20000000000000000000   6
326.30000000000000000000   9
326.40000000000000000000   6
326.50000000000000000000   5
326.60000000000000000000   4
326.70000000000000000000   5
326.80000000000000000000   5
326.90000000000000000000   6
327.00000000000000000000   6
327.10000000000000000000   4
327.20000000000000000000   4
327.30000000000000000000   4
327.40000000000000000000   6
327.50000000000000000000   6
327.60000000000000000000   6
327.70000000000000000000   7
327.80000000000000000000   4
327.90000000000000000000   5
328.00000000000000000000   6
328.10000000000000000000   5
328.20000000000000000000   5
328.30000000000000000000   9
328.40000000000000000000   7
328.50000000000000000000   4
328.60000000000000000000   7
328.70000000000000000000   8
328.80000000000000000000   7
328.90000000000000000000   9
329.00000000000000000000   5
329.10000000000000000000   6
329.20000000000000000000   10
329.30000000000000000000   9
329.40000000000000000000   7
329.50000000000000000000   10
329.60000000000000000000   7
329.70000000000000000000   7
329.80000000000000000000   11
329.90000000000000000000   11
330.00000000000000000000   11
330.10000000000000000000   11
330.20000000000000000000   12
330.30000000000000000000   14
330.40000000000000000000   13
330.50000000000000000000   14
330.60000000000000000000   13
330.70000000000000000000   11
330.80000000000000000000   12
330.90000000000000000000   12
331.00000000000000000000   13
331.10000000000000000000   13
331.20000000000000000000   12
331.30000000000000000000   11
331.40000000000000000000   10
331.50000000000000000000   12
331.60000000000000000000   12
331.70000000000000000000   16
331.80000000000000000000   16
331.90000000000000000000   12
332.00000000000000000000   19
332.10000000000000000000   16
332.20000000000000000000   13
332.30000000000000000000   13
332.40000000000000000000   15
332.50000000000000000000   11
332.60000000000000000000   8
332.70000000000000000000   13
332.80000000000000000000   13
332.90000000000000000000   16
333.00000000000000000000   15
333.10000000000000000000   14
333.20000000000000000000   12
333.30000000000000000000   17
333.40000000000000000000   15
333.50000000000000000000   17
333.60000000000000000000   15
333.70000000000000000000   14
333.80000000000000000000   15
333.90000000000000000000   15
334.00000000000000000000   15
334.10000000000000000000   14
334.20000000000000000000   15
334.30000000000000000000   18
334.40000000000000000000   15
334.50000000000000000000   17
334.60000000000000000000   16
334.70000000000000000000   16
334.80000000000000000000   16
334.90000000000000000000   18
335.00000000000000000000   17
335.10000000000000000000   16
335.20000000000000000000   18
335.30000000000000000000   17
335.40000000000000000000   14
335.50000000000000000000   17
335.60000000000000000000   17
335.70000000000000000000   15
335.80000000000000000000   18
335.90000000000000000000   16
336.00000000000000000000   16
336.10000000000000000000   16
336.20000000000000000000   17
336.30000000000000000000   16
336.40000000000000000000   17
336.50000000000000000000   15
336.60000000000000000000   16
336.70000000000000000000   15
336.80000000000000000000   15
336.90000000000000000000   15
337.00000000000000000000   17
337.10000000000000000000   22
337.20000000000000000000   22
337.30000000000000000000   14
337.40000000000000000000   19
337.50000000000000000000   13
337.60000000000000000000   12
337.70000000000000000000   12
337.80000000000000000000   13
337.90000000000000000000   15
338.00000000000000000000   11
338.10000000000000000000   9
338.20000000000000000000   7
338.30000000000000000000   5
338.40000000000000000000   14
338.50000000000000000000   17
338.60000000000000000000   14
338.70000000000000000000   13
338.80000000000000000000   13
338.90000000000000000000   16
339.00000000000000000000   12
339.10000000000000000000   9
339.20000000000000000000   7
339.30000000000000000000   6
339.40000000000000000000   6
339.50000000000000000000   7
339.60000000000000000000   5
339.70000000000000000000   9
339.80000000000000000000   10
339.90000000000000000000   9
340.00000000000000000000   10
340.10000000000000000000   16
340.20000000000000000000   12
340.30000000000000000000   9
340.40000000000000000000   10
340.50000000000000000000   10
340.60000000000000000000   11
340.70000000000000000000   13
340.80000000000000000000   11
340.90000000000000000000   11
341.00000000000000000000   11
341.10000000000000000000   12
341.20000000000000000000   12
341.30000000000000000000   11
341.40000000000000000000   12
341.50000000000000000000   9
341.60000000000000000000   11
341.70000000000000000000   11
341.80000000000000000000   8
341.90000000000000000000   10
342.00000000000000000000   9
342.10000000000000000000   11
342.20000000000000000000   8
342.30000000000000000000   11
342.40000000000000000000   11
342.50000000000000000000   7
342.60000000000000000000   13
342.70000000000000000000   11
342.80000000000000000000   9
342.90000000000000000000   13
343.00000000000000000000   10
343.10000000000000000000   9
343.20000000000000000000   12
343.30000000000000000000   11
343.40000000000000000000   11
343.50000000000000000000   10
343.60000000000000000000   10
343.70000000000000000000   9
343.80000000000000000000   9
343.90000000000000000000   10
344.00000000000000000000   9
344.10000000000000000000   10
344.20000000000000000000   10
344.30000000000000000000   9
344.40000000000000000000   12
344.50000000000000000000   9
344.60000000000000000000   9
344.70000000000000000000   12
344.80000000000000000000   12
344.90000000000000000000   12
345.00000000000000000000   11
345.10000000000000000000   9
345.20000000000000000000   15
345.30000000000000000000   14
345.40000000000000000000   17
345.50000000000000000000   8
345.60000000000000000000   9
345.70000000000000000000   9
345.80000000000000000000   10
345.90000000000000000000   8
346.00000000000000000000   11
346.10000000000000000000   10
346.20000000000000000000   11
346.30000000000000000000   13
346.40000000000000000000   10
346.50000000000000000000   15
346.60000000000000000000   12
346.70000000000000000000   11
346.80000000000000000000   11
346.90000000000000000000   13
347.00000000000000000000   12
347.10000000000000000000   13
347.20000000000000000000   12
347.30000000000000000000   12
347.40000000000000000000   12
347.50000000000000000000   12
347.60000000000000000000   13
347.70000000000000000000   11
347.80000000000000000000   10
347.90000000000000000000   8
348.00000000000000000000   9
348.10000000000000000000   6
348.20000000000000000000   6
348.30000000000000000000   5
348.40000000000000000000   6
348.50000000000000000000   5
348.60000000000000000000   7
348.70000000000000000000   8
348.80000000000000000000   8
348.90000000000000000000   6
349.00000000000000000000   8
349.10000000000000000000   6
349.20000000000000000000   8
349.30000000000000000000   10
349.40000000000000000000   11
349.50000000000000000000   9
349.60000000000000000000   11
349.70000000000000000000   8
349.80000000000000000000   10
349.90000000000000000000   10
350.00000000000000000000   5
350.10000000000000000000   7
350.20000000000000000000   9
350.30000000000000000000   9
350.40000000000000000000   9
350.50000000000000000000   9
350.60000000000000000000   10
350.70000000000000000000   13
350.80000000000000000000   9
350.90000000000000000000   9
351.00000000000000000000   6
351.10000000000000000000   10
351.20000000000000000000   10
351.30000000000000000000   9
351.40000000000000000000   5
351.50000000000000000000   7
351.60000000000000000000   8
351.70000000000000000000   8
351.80000000000000000000   8
351.90000000000000000000   10
352.00000000000000000000   10
352.10000000000000000000   14
352.20000000000000000000   11
352.30000000000000000000   10
352.40000000000000000000   9
352.50000000000000000000   11
352.60000000000000000000   10
352.70000000000000000000   11
352.80000000000000000000   8
352.90000000000000000000   13
353.00000000000000000000   15
353.10000000000000000000   11
353.20000000000000000000   11
353.30000000000000000000   10
353.40000000000000000000   16
353.50000000000000000000   9
353.60000000000000000000   16
353.70000000000000000000   8
353.80000000000000000000   8
353.90000000000000000000   13
354.00000000000000000000   13
354.10000000000000000000   16
354.20000000000000000000   20
354.30000000000000000000   12
354.40000000000000000000   14
354.50000000000000000000   15
354.60000000000000000000   15
354.70000000000000000000   18
354.80000000000000000000   12
354.90000000000000000000   14
355.00000000000000000000   12
355.10000000000000000000   16
355.20000000000000000000   8
355.30000000000000000000   14
355.40000000000000000000   9
355.50000000000000000000   14
355.60000000000000000000   12
355.70000000000000000000   12
355.80000000000000000000   11
355.90000000000000000000   10
356.00000000000000000000   10
356.10000000000000000000   9
356.20000000000000000000   11
356.30000000000000000000   11
356.40000000000000000000   15
356.50000000000000000000   15
356.60000000000000000000   13
356.70000000000000000000   11
356.80000000000000000000   11
356.90000000000000000000   9
357.00000000000000000000   11
357.10000000000000000000   6
357.20000000000000000000   7
357.30000000000000000000   8
357.40000000000000000000   9
357.50000000000000000000   9
357.60000000000000000000   8
357.70000000000000000000   8
357.80000000000000000000   12
357.90000000000000000000   13
358.00000000000000000000   12
358.10000000000000000000   14
358.20000000000000000000   10
358.30000000000000000000   10
358.40000000000000000000   8
358.50000000000000000000   6
358.60000000000000000000   4
358.70000000000000000000   6
358.80000000000000000000   7
358.90000000000000000000   10
359.00000000000000000000   9
359.10000000000000000000   10
359.20000000000000000000   13
359.30000000000000000000   12
359.40000000000000000000   9
359.50000000000000000000   7
359.60000000000000000000   9
359.70000000000000000000   8
359.80000000000000000000   11
359.90000000000000000000   13
360.00000000000000000000   12
360.10000000000000000000   10
360.20000000000000000000   16
360.30000000000000000000   17
360.40000000000000000000   16
360.50000000000000000000   15
360.60000000000000000000   14
360.70000000000000000000   15
360.80000000000000000000   17
360.90000000000000000000   18
361.00000000000000000000   12
361.10000000000000000000   11
361.20000000000000000000   13
361.30000000000000000000   15
361.40000000000000000000   10
361.50000000000000000000   13
361.60000000000000000000   13
361.70000000000000000000   9
361.80000000000000000000   7
361.90000000000000000000   9
362.00000000000000000000   7
362.10000000000000000000   8
362.20000000000000000000   5
362.30000000000000000000   4
362.40000000000000000000   8
362.50000000000000000000   7
362.60000000000000000000   5
362.70000000000000000000   12
362.80000000000000000000   5
362.90000000000000000000   9
363.00000000000000000000   5
363.10000000000000000000   8
363.20000000000000000000   9
363.30000000000000000000   12
363.40000000000000000000   9
363.50000000000000000000   9
363.60000000000000000000   10
363.70000000000000000000   9
363.80000000000000000000   13
363.90000000000000000000   15
364.00000000000000000000   11
364.10000000000000000000   13
364.20000000000000000000   11
364.30000000000000000000   9
364.40000000000000000000   15
364.50000000000000000000   11
364.60000000000000000000   14
364.70000000000000000000   12
364.80000000000000000000   15
364.90000000000000000000   12
365.00000000000000000000   13
365.10000000000000000000   15
365.20000000000000000000   11
365.30000000000000000000   17
365.40000000000000000000   18
365.50000000000000000000   14
365.60000000000000000000   18
365.70000000000000000000   10
365.80000000000000000000   12
365.90000000000000000000   13
366.00000000000000000000   12
366.10000000000000000000   8
366.20000000000000000000   9
366.30000000000000000000   10
366.40000000000000000000   13
366.50000000000000000000   12
366.60000000000000000000   12
366.70000000000000000000   3
366.80000000000000000000   9
366.90000000000000000000   13
367.00000000000000000000   12
367.10000000000000000000   13
367.20000000000000000000   11
367.30000000000000000000   8
367.40000000000000000000   13
367.50000000000000000000   9
367.60000000000000000000   8
367.70000000000000000000   9
367.80000000000000000000   7
367.90000000000000000000   10
368.00000000000000000000   10
368.10000000000000000000   13
368.20000000000000000000   7
368.30000000000000000000   4
368.40000000000000000000   8
368.50000000000000000000   7
368.60000000000000000000   6
368.70000000000000000000   7
368.80000000000000000000   7
368.90000000000000000000   9
369.00000000000000000000   9
369.10000000000000000000   11
369.20000000000000000000   14
369.30000000000000000000   12
369.40000000000000000000   9
369.50000000000000000000   8
369.60000000000000000000   8
369.70000000000000000000   10
369.80000000000000000000   7
369.90000000000000000000   9
370.00000000000000000000   9
370.10000000000000000000   11
370.20000000000000000000   17
370.30000000000000000000   17
370.40000000000000000000   12
370.50000000000000000000   18
370.60000000000000000000   14
370.70000000000000000000   13
370.80000000000000000000   13
370.90000000000000000000   16
371.00000000000000000000   7
371.10000000000000000000   10
371.20000000000000000000   10
371.30000000000000000000   13
371.40000000000000000000   12
371.50000000000000000000   12
371.60000000000000000000   12
371.70000000000000000000   9
371.80000000000000000000   12
371.90000000000000000000   13
372.00000000000000000000   10
372.10000000000000000000   9
372.20000000000000000000   12
372.30000000000000000000   12
372.40000000000000000000   13
372.50000000000000000000   10
372.60000000000000000000   11
372.70000000000000000000   10
372.80000000000000000000   11
372.90000000000000000000   9
373.00000000000000000000   12
373.10000000000000000000   11
373.20000000000000000000   14
373.30000000000000000000   10
373.40000000000000000000   10
373.50000000000000000000   14
373.60000000000000000000   13
373.70000000000000000000   14
373.80000000000000000000   13
373.90000000000000000000   13
374.00000000000000000000   15
374.10000000000000000000   12
374.20000000000000000000   11
374.30000000000000000000   11
374.40000000000000000000   10
374.50000000000000000000   11
374.60000000000000000000   9
374.70000000000000000000   12
374.80000000000000000000   6
374.90000000000000000000   6
375.00000000000000000000   4
375.10000000000000000000   4
375.20000000000000000000   8
375.30000000000000000000   10
375.40000000000000000000   7
375.50000000000000000000   9
375.60000000000000000000   11
375.70000000000000000000   10
375.80000000000000000000   10
375.90000000000000000000   7
376.00000000000000000000   8
376.10000000000000000000   5
376.20000000000000000000   8
376.30000000000000000000   10
376.40000000000000000000   8
376.50000000000000000000   5
376.60000000000000000000   8
376.70000000000000000000   10
376.80000000000000000000   10
376.90000000000000000000   9
377.00000000000000000000   11
377.10000000000000000000   10
377.20000000000000000000   10
377.30000000000000000000   10
377.40000000000000000000   10
377.50000000000000000000   12
377.60000000000000000000   13
377.70000000000000000000   16
377.80000000000000000000   10
377.90000000000000000000   9
378.00000000000000000000   11
378.10000000000000000000   10
378.20000000000000000000   9
378.30000000000000000000   14
378.40000000000000000000   15
378.50000000000000000000   12
378.60000000000000000000   13
378.70000000000000000000   11
378.80000000000000000000   10
378.90000000000000000000   10
379.00000000000000000000   9
379.10000000000000000000   8
379.20000000000000000000   8
379.30000000000000000000   7
379.40000000000000000000   9
379.50000000000000000000   10
379.60000000000000000000   7
379.70000000000000000000   6
379.80000000000000000000   7
379.90000000000000000000   6
380.00000000000000000000   7
380.10000000000000000000   6
380.20000000000000000000   3
380.30000000000000000000   6
380.40000000000000000000   5
380.50000000000000000000   6
380.60000000000000000000   10
380.70000000000000000000   7
380.80000000000000000000   8
380.90000000000000000000   15
381.00000000000000000000   14
381.10000000000000000000   12
381.20000000000000000000   11
381.30000000000000000000   14
381.40000000000000000000   11
381.50000000000000000000   11
381.60000000000000000000   9
381.70000000000000000000   13
381.80000000000000000000   10
381.90000000000000000000   12
382.00000000000000000000   11
382.10000000000000000000   11
382.20000000000000000000   9
382.30000000000000000000   8
382.40000000000000000000   11
382.50000000000000000000   9
382.60000000000000000000   9
382.70000000000000000000   5
382.80000000000000000000   9
382.90000000000000000000   7
383.00000000000000000000   3
383.10000000000000000000   4
383.20000000000000000000   8
383.30000000000000000000   9
383.40000000000000000000   8
383.50000000000000000000   8
383.60000000000000000000   11
383.70000000000000000000   7
383.80000000000000000000   5
383.90000000000000000000   10
384.00000000000000000000   7
384.10000000000000000000   6
384.20000000000000000000   7
384.30000000000000000000   6
384.40000000000000000000   6
384.50000000000000000000   7
384.60000000000000000000   8
384.70000000000000000000   8
384.80000000000000000000   8
384.90000000000000000000   4
385.00000000000000000000   5
385.10000000000000000000   5
385.20000000000000000000   8
385.30000000000000000000   5
385.40000000000000000000   11
385.50000000000000000000   6
385.60000000000000000000   9
385.70000000000000000000   16
385.80000000000000000000   9
385.90000000000000000000   5
386.00000000000000000000   10
386.10000000000000000000   10
386.20000000000000000000   15
386.30000000000000000000   14
386.40000000000000000000   7
386.50000000000000000000   16
386.60000000000000000000   9
386.70000000000000000000   12
386.80000000000000000000   8
386.90000000000000000000   9
387.00000000000000000000   7
387.10000000000000000000   4
387.20000000000000000000   7
387.30000000000000000000   2
387.40000000000000000000   4
387.50000000000000000000   5
387.60000000000000000000   8
387.70000000000000000000   10
387.80000000000000000000   4
387.90000000000000000000   5
388.00000000000000000000   5
388.10000000000000000000   6
388.20000000000000000000   7
388.30000000000000000000   3
388.40000000000000000000   8
388.50000000000000000000   8
388.60000000000000000000   11
388.70000000000000000000   13
388.80000000000000000000   12
388.90000000000000000000   14
389.00000000000000000000   12
389.10000000000000000000   8
389.20000000000000000000   12
389.30000000000000000000   8
389.40000000000000000000   10
389.50000000000000000000   11
389.60000000000000000000   15
389.70000000000000000000   10
389.80000000000000000000   8
389.90000000000000000000   8
390.00000000000000000000   9
390.10000000000000000000   13
390.20000000000000000000   14
390.30000000000000000000   10
390.40000000000000000000   12
390.50000000000000000000   11
390.60000000000000000000   14
390.70000000000000000000   12
390.80000000000000000000   10
390.90000000000000000000   13
391.00000000000000000000   8
391.10000000000000000000   11
391.20000000000000000000   9
391.30000000000000000000   5
391.40000000000000000000   10
391.50000000000000000000   8
391.60000000000000000000   9
391.70000000000000000000   18
391.80000000000000000000   19
391.90000000000000000000   19
392.00000000000000000000   17
392.10000000000000000000   17
392.20000000000000000000   12
392.30000000000000000000   12
392.40000000000000000000   12
392.50000000000000000000   14
392.60000000000000000000   12
392.70000000000000000000   12
392.80000000000000000000   15
392.90000000000000000000   15
393.00000000000000000000   14
393.10000000000000000000   12
393.20000000000000000000   11
393.30000000000000000000   11
393.40000000000000000000   13
393.50000000000000000000   16
393.60000000000000000000   13
393.70000000000000000000   13
393.80000000000000000000   13
393.90000000000000000000   13
394.00000000000000000000   13
394.10000000000000000000   17
394.20000000000000000000   13
394.30000000000000000000   11
394.40000000000000000000   12
394.50000000000000000000   13
394.60000000000000000000   14
394.70000000000000000000   12
394.80000000000000000000   13
394.90000000000000000000   15
395.00000000000000000000   14
395.10000000000000000000   16
395.20000000000000000000   14
395.30000000000000000000   15
395.40000000000000000000   15
395.50000000000000000000   12
395.60000000000000000000   16
395.70000000000000000000   13
395.80000000000000000000   14
395.90000000000000000000   20
396.00000000000000000000   16
396.10000000000000000000   15
396.20000000000000000000   14
396.30000000000000000000   11
396.40000000000000000000   11
396.50000000000000000000   11
396.60000000000000000000   12
396.70000000000000000000   13
396.80000000000000000000   10
396.90000000000000000000   10
397.00000000000000000000   12
397.10000000000000000000   13
397.20000000000000000000   14
397.30000000000000000000   16
397.40000000000000000000   13
397.50000000000000000000   17
397.60000000000000000000   10
397.70000000000000000000   11
397.80000000000000000000   14
397.90000000000000000000   19
398.00000000000000000000   20
398.10000000000000000000   18
398.20000000000000000000   18
398.30000000000000000000   16
398.40000000000000000000   15
398.50000000000000000000   16
398.60000000000000000000   16
398.70000000000000000000   15
398.80000000000000000000   19
398.90000000000000000000   20
399.00000000000000000000   13
399.10000000000000000000   17
399.20000000000000000000   19
399.30000000000000000000   15
399.40000000000000000000   16
399.50000000000000000000   14
399.60000000000000000000   14
399.70000000000000000000   15
