200.00000000000000000000   6
200.10000000000000000000   6
200.20000000000000000000   5
200.30000000000000000000   4
200.40000000000000000000   5
200.50000000000000000000   5
200.60000000000000000000   4
200.70000000000000000000   4
200.80000000000000000000   6
200.90000000000000000000   5
201.00000000000000000000   5
201.10000000000000000000   5
201.20000000000000000000   5
201.30000000000000000000   5
201.40000000000000000000   5
201.50000000000000000000   4
201.60000000000000000000   3
201.70000000000000000000   3
201.80000000000000000000   4
201.90000000000000000000   4
202.00000000000000000000   4
202.10000000000000000000   4
202.20000000000000000000   3
202.30000000000000000000   4
202.40000000000000000000   4
202.50000000000000000000   4
202.60000000000000000000   4
202.70000000000000000000   3
202.80000000000000000000   3
202.90000000000000000000   2
203.00000000000000000000   3
203.10000000000000000000   3
203.20000000000000000000   2
203.30000000000000000000   2
203.40000000000000000000   2
203.50000000000000000000   2
203.60000000000000000000   2
203.70000000000000000000   2
203.80000000000000000000   1
203.90000000000000000000   3
204.00000000000000000000   4
204.10000000000000000000   3
204.20000000000000000000   3
204.30000000000000000000   4
204.40000000000000000000   4
204.50000000000000000000   3
204.60000000000000000000   5
204.70000000000000000000   3
204.80000000000000000000   5
204.90000000000000000000   5
205.00000000000000000000   2
205.10000000000000000000   3
205.20000000000000000000   3
205.30000000000000000000   3
205.40000000000000000000   6
205.50000000000000000000   5
205.60000000000000000000   5
205.70000000000000000000   6
205.80000000000000000000   6
205.90000000000000000000   5
206.00000000000000000000   2
206.10000000000000000000   2
206.20000000000000000000   3
206.30000000000000000000   2
206.40000000000000000000   2
206.50000000000000000000   3
206.60000000000000000000   2
206.70000000000000000000   2
206.80000000000000000000   3
206.90000000000000000000   4
207.00000000000000000000   4
207.10000000000000000000   4
207.20000000000000000000   4
207.30000000000000000000   3
207.40000000000000000000   2
207.50000000000000000000   2
207.60000000000000000000   2
207.70000000000000000000   2
207.80000000000000000000   2
207.90000000000000000000   4
208.00000000000000000000   6
208.10000000000000000000   6
208.20000000000000000000   4
208.30000000000000000000   4
208.40000000000000000000   4
208.50000000000000000000   4
208.60000000000000000000   3
208.70000000000000000000   6
208.80000000000000000000   4
208.90000000000000000000   4
209.00000000000000000000   5
209.10000000000000000000   4
209.20000000000000000000   4
209.30000000000000000000   5
209.40000000000000000000   6
209.50000000000000000000   5
209.60000000000000000000   6
209.70000000000000000000   2
209.80000000000000000000   4
209.90000000000000000000   7
210.00000000000000000000   7
210.10000000000000000000   6
210.20000000000000000000   3
210.30000000000000000000   4
210.40000000000000000000   2
210.50000000000000000000   2
210.60000000000000000000   8
210.70000000000000000000   2
210.80000000000000000000   0
210.90000000000000000000   2
211.00000000000000000000   2
211.10000000000000000000   0
211.20000000000000000000   4
211.30000000000000000000   2
211.40000000000000000000   4
211.50000000000000000000   2
211.60000000000000000000   5
211.70000000000000000000   4
211.80000000000000000000   4
211.90000000000000000000   4
212.00000000000000000000   6
212.10000000000000000000   6
212.20000000000000000000   6
212.30000000000000000000   4
212.40000000000000000000   3
212.50000000000000000000   4
212.60000000000000000000   3
212.70000000000000000000   2
212.80000000000000000000   4
212.90000000000000000000   3
213.00000000000000000000   2
213.10000000000000000000   3
213.20000000000000000000   2
213.30000000000000000000   2
213.40000000000000000000   5
213.50000000000000000000   5
213.60000000000000000000   2
213.70000000000000000000   4
213.80000000000000000000   2
213.90000000000000000000   5
214.00000000000000000000   4
214.10000000000000000000   3
214.20000000000000000000   3
214.30000000000000000000   3
214.40000000000000000000   5
214.50000000000000000000   6
214.60000000000000000000   7
214.70000000000000000000   7
214.80000000000000000000   6
214.90000000000000000000   6
215.00000000000000000000   6
215.10000000000000000000   6
215.20000000000000000000   6
215.30000000000000000000   6
215.40000000000000000000   6
215.50000000000000000000   5
215.60000000000000000000   5
215.70000000000000000000   5
215.80000000000000000000   7
215.90000000000000000000   5
216.00000000000000000000   7
216.10000000000000000000   7
216.20000000000000000000   5
216.30000000000000000000   7
216.40000000000000000000   6
216.50000000000000000000   7
216.60000000000000000000   7
216.70000000000000000000   7
216.80000000000000000000   7
216.90000000000000000000   7
217.00000000000000000000   7
217.10000000000000000000   7
217.20000000000000000000   7
217.30000000000000000000   6
217.40000000000000000000   6
217.50000000000000000000   7
217.60000000000000000000   6
217.70000000000000000000   7
217.80000000000000000000   6
217.90000000000000000000   6
218.00000000000000000000   6
218.10000000000000000000   8
218.20000000000000000000   6
218.30000000000000000000   6
218.40000000000000000000   7
218.50000000000000000000   8
218.60000000000000000000   7
218.70000000000000000000   8
218.80000000000000000000   8
218.90000000000000000000   7
219.00000000000000000000   7
219.10000000000000000000   7
219.20000000000000000000   7
219.30000000000000000000   7
219.40000000000000000000   8
219.50000000000000000000   7
219.60000000000000000000   7
219.70000000000000000000   7
219.80000000000000000000   7
219.90000000000000000000   7
220.00000000000000000000   7
220.10000000000000000000   8
220.20000000000000000000   7
220.30000000000000000000   7
220.40000000000000000000   7
220.50000000000000000000   7
220.60000000000000000000   8
220.70000000000000000000   7
220.80000000000000000000   7
220.90000000000000000000   8
221.00000000000000000000   7
221.10000000000000000000   6
221.20000000000000000000   8
221.30000000000000000000   8
221.40000000000000000000   6
221.50000000000000000000   6
221.60000000000000000000   6
221.70000000000000000000   7
221.80000000000000000000   7
221.90000000000000000000   7
222.00000000000000000000   9
222.10000000000000000000   7
222.20000000000000000000   7
222.30000000000000000000   8
222.40000000000000000000   8
222.50000000000000000000   9
222.60000000000000000000   8
222.70000000000000000000   8
222.80000000000000000000   7
222.90000000000000000000   7
223.00000000000000000000   7
223.10000000000000000000   8
223.20000000000000000000   7
223.30000000000000000000   7
223.40000000000000000000   7
223.50000000000000000000   7
223.60000000000000000000   7
223.70000000000000000000   7
223.80000000000000000000   9
223.90000000000000000000   7
224.00000000000000000000   8
224.10000000000000000000   7
224.20000000000000000000   7
224.30000000000000000000   8
224.40000000000000000000   7
224.50000000000000000000   7
224.60000000000000000000   7
224.70000000000000000000   8
224.80000000000000000000   7
224.90000000000000000000   6
225.00000000000000000000   7
225.10000000000000000000   7
225.20000000000000000000   8
225.30000000000000000000   7
225.40000000000000000000   6
225.50000000000000000000   5
225.60000000000000000000   7
225.70000000000000000000   7
225.80000000000000000000   8
225.90000000000000000000   7
226.00000000000000000000   7
226.10000000000000000000   6
226.20000000000000000000   8
226.30000000000000000000   8
226.40000000000000000000   7
226.50000000000000000000   8
226.60000000000000000000   8
226.70000000000000000000   8
226.80000000000000000000   7
226.90000000000000000000   8
227.00000000000000000000   8
227.10000000000000000000   8
227.20000000000000000000   8
227.30000000000000000000   7
227.40000000000000000000   8
227.50000000000000000000   7
227.60000000000000000000   7
227.70000000000000000000   8
227.80000000000000000000   8
227.90000000000000000000   7
228.00000000000000000000   8
228.10000000000000000000   8
228.20000000000000000000   8
228.30000000000000000000   8
228.40000000000000000000   8
228.50000000000000000000   7
228.60000000000000000000   5
228.70000000000000000000   2
228.80000000000000000000   4
228.90000000000000000000   5
229.00000000000000000000   5
229.10000000000000000000   4
229.20000000000000000000   4
229.30000000000000000000   4
229.40000000000000000000   4
229.50000000000000000000   4
229.60000000000000000000   4
229.70000000000000000000   6
229.80000000000000000000   6
229.90000000000000000000   5
230.00000000000000000000   5
230.10000000000000000000   4
230.20000000000000000000   5
230.30000000000000000000   5
230.40000000000000000000   4
230.50000000000000000000   6
230.60000000000000000000   4
230.70000000000000000000   8
230.80000000000000000000   4
230.90000000000000000000   3
231.00000000000000000000   4
231.10000000000000000000   5
231.20000000000000000000   8
231.30000000000000000000   6
231.40000000000000000000   5
231.50000000000000000000   6
231.60000000000000000000   4
231.70000000000000000000   6
231.80000000000000000000   5
231.90000000000000000000   5
232.00000000000000000000   4
232.10000000000000000000   2
232.20000000000000000000   5
232.30000000000000000000   4
232.40000000000000000000   4
232.50000000000000000000   4
232.60000000000000000000   5
232.70000000000000000000   3
232.80000000000000000000   2
232.90000000000000000000   3
233.00000000000000000000   3
233.10000000000000000000   4
233.20000000000000000000   3
233.30000000000000000000   5
233.40000000000000000000   3
233.50000000000000000000   4
233.60000000000000000000   2
233.70000000000000000000   4
233.80000000000000000000   3
233.90000000000000000000   5
234.00000000000000000000   4
234.10000000000000000000   4
234.20000000000000000000   5
234.30000000000000000000   4
234.40000000000000000000   4
234.50000000000000000000   4
234.60000000000000000000   5
234.70000000000000000000   4
234.80000000000000000000   4
234.90000000000000000000   4
235.00000000000000000000   3
235.10000000000000000000   2
235.20000000000000000000   4
235.30000000000000000000   4
235.40000000000000000000   2
235.50000000000000000000   2
235.60000000000000000000   3
235.70000000000000000000   4
235.80000000000000000000   4
235.90000000000000000000   4
236.00000000000000000000   4
236.10000000000000000000   4
236.20000000000000000000   4
236.30000000000000000000   4
236.40000000000000000000   4
236.50000000000000000000   1
236.60000000000000000000   2
236.70000000000000000000   2
236.80000000000000000000   4
236.90000000000000000000   4
237.00000000000000000000   3
237.10000000000000000000   4
237.20000000000000000000   7
237.30000000000000000000   6
237.40000000000000000000   2
237.50000000000000000000   2
237.60000000000000000000   2
237.70000000000000000000   6
237.80000000000000000000   5
237.90000000000000000000   5
238.00000000000000000000   3
238.10000000000000000000   2
238.20000000000000000000   5
238.30000000000000000000   4
238.40000000000000000000   4
238.50000000000000000000   2
238.60000000000000000000   4
238.70000000000000000000   1
238.80000000000000000000   5
238.90000000000000000000   4
239.00000000000000000000   4
239.10000000000000000000   3
239.20000000000000000000   3
239.30000000000000000000   1
239.40000000000000000000   2
239.50000000000000000000   3
239.60000000000000000000   3
239.70000000000000000000   4
239.80000000000000000000   2
239.90000000000000000000   3
240.00000000000000000000   3
240.10000000000000000000   4
240.20000000000000000000   4
240.30000000000000000000   4
240.40000000000000000000   3
240.50000000000000000000   4
240.60000000000000000000   4
240.70000000000000000000   4
240.80000000000000000000   4
240.90000000000000000000   4
241.00000000000000000000   4
241.10000000000000000000   4
241.20000000000000000000   5
241.30000000000000000000   4
241.40000000000000000000   4
241.50000000000000000000   4
241.60000000000000000000   4
241.70000000000000000000   5
241.80000000000000000000   4
241.90000000000000000000   7
242.00000000000000000000   4
242.10000000000000000000   4
242.20000000000000000000   4
242.30000000000000000000   4
242.40000000000000000000   4
242.50000000000000000000   4
242.60000000000000000000   4
242.70000000000000000000   4
242.80000000000000000000   4
242.90000000000000000000   4
243.00000000000000000000   4
243.10000000000000000000   4
243.20000000000000000000   4
243.30000000000000000000   4
243.40000000000000000000   4
243.50000000000000000000   4
243.60000000000000000000   3
243.70000000000000000000   4
243.80000000000000000000   4
243.90000000000000000000   4
244.00000000000000000000   5
244.10000000000000000000   5
244.20000000000000000000   4
244.30000000000000000000   4
244.40000000000000000000   4
244.50000000000000000000   5
244.60000000000000000000   4
244.70000000000000000000   4
244.80000000000000000000   4
244.90000000000000000000   4
245.00000000000000000000   2
245.10000000000000000000   5
245.20000000000000000000   7
245.30000000000000000000   7
245.40000000000000000000   5
245.50000000000000000000   6
245.60000000000000000000   4
245.70000000000000000000   4
245.80000000000000000000   4
245.90000000000000000000   5
246.00000000000000000000   4
246.10000000000000000000   5
246.20000000000000000000   3
246.30000000000000000000   6
246.40000000000000000000   6
246.50000000000000000000   7
246.60000000000000000000   6
246.70000000000000000000   7
246.80000000000000000000   5
246.90000000000000000000   7
247.00000000000000000000   6
247.10000000000000000000   5
247.20000000000000000000   3
247.30000000000000000000   4
247.40000000000000000000   5
247.50000000000000000000   6
247.60000000000000000000   3
247.70000000000000000000   5
247.80000000000000000000   4
247.90000000000000000000   4
248.00000000000000000000   4
248.10000000000000000000   4
248.20000000000000000000   4
248.30000000000000000000   4
248.40000000000000000000   4
248.50000000000000000000   3
248.60000000000000000000   5
248.70000000000000000000   4
248.80000000000000000000   4
248.90000000000000000000   4
249.00000000000000000000   4
249.10000000000000000000   7
249.20000000000000000000   4
249.30000000000000000000   5
249.40000000000000000000   5
249.50000000000000000000   5
249.60000000000000000000   4
249.70000000000000000000   4
249.80000000000000000000   4
249.90000000000000000000   4
250.00000000000000000000   4
250.10000000000000000000   5
250.20000000000000000000   4
250.30000000000000000000   4
250.40000000000000000000   3
250.50000000000000000000   5
250.60000000000000000000   5
250.70000000000000000000   5
250.80000000000000000000   6
250.90000000000000000000   3
251.00000000000000000000   4
251.10000000000000000000   4
251.20000000000000000000   4
251.30000000000000000000   5
251.40000000000000000000   5
251.50000000000000000000   5
251.60000000000000000000   6
251.70000000000000000000   5
251.80000000000000000000   4
251.90000000000000000000   4
252.00000000000000000000   4
252.10000000000000000000   4
252.20000000000000000000   6
252.30000000000000000000   4
252.40000000000000000000   5
252.50000000000000000000   6
252.60000000000000000000   3
252.70000000000000000000   4
252.80000000000000000000   4
252.90000000000000000000   2
253.00000000000000000000   5
253.10000000000000000000   5
253.20000000000000000000   4
253.30000000000000000000   4
253.40000000000000000000   4
253.50000000000000000000   4
253.60000000000000000000   3
253.70000000000000000000   4
253.80000000000000000000   3
253.90000000000000000000   4
254.00000000000000000000   4
254.10000000000000000000   4
254.20000000000000000000   1
254.30000000000000000000   4
254.40000000000000000000   2
254.50000000000000000000   1
254.60000000000000000000   3
254.70000000000000000000   6
254.80000000000000000000   6
254.90000000000000000000   6
255.00000000000000000000   1
255.10000000000000000000   2
255.20000000000000000000   6
255.30000000000000000000   3
255.40000000000000000000   2
255.50000000000000000000   2
255.60000000000000000000   4
255.70000000000000000000   4
255.80000000000000000000   4
255.90000000000000000000   4
256.00000000000000000000   3
256.10000000000000000000   4
256.20000000000000000000   4
256.30000000000000000000   4
256.40000000000000000000   2
256.50000000000000000000   3
256.60000000000000000000   4
256.70000000000000000000   3
256.80000000000000000000   3
256.90000000000000000000   3
257.00000000000000000000   4
257.10000000000000000000   4
257.20000000000000000000   4
257.30000000000000000000   4
257.40000000000000000000   3
257.50000000000000000000   6
257.60000000000000000000   8
257.70000000000000000000   6
257.80000000000000000000   9
257.90000000000000000000   6
258.00000000000000000000   7
258.10000000000000000000   6
258.20000000000000000000   8
258.30000000000000000000   8
258.40000000000000000000   7
258.50000000000000000000   8
258.60000000000000000000   4
258.70000000000000000000   7
258.80000000000000000000   4
258.90000000000000000000   4
259.00000000000000000000   3
259.10000000000000000000   6
259.20000000000000000000   5
259.30000000000000000000   4
259.40000000000000000000   4
259.50000000000000000000   4
259.60000000000000000000   4
259.70000000000000000000   4
259.80000000000000000000   4
259.90000000000000000000   4
260.00000000000000000000   4
260.10000000000000000000   4
260.20000000000000000000   6
260.30000000000000000000   6
260.40000000000000000000   5
260.50000000000000000000   5
260.60000000000000000000   3
260.70000000000000000000   5
260.80000000000000000000   2
260.90000000000000000000   4
261.00000000000000000000   4
261.10000000000000000000   1
261.20000000000000000000   6
261.30000000000000000000   4
261.40000000000000000000   4
261.50000000000000000000   3
261.60000000000000000000   2
261.70000000000000000000   3
261.80000000000000000000   2
261.90000000000000000000   3
262.00000000000000000000   3
262.10000000000000000000   3
262.20000000000000000000   4
262.30000000000000000000   3
262.40000000000000000000   5
262.50000000000000000000   3
262.60000000000000000000   4
262.70000000000000000000   4
262.80000000000000000000   5
262.90000000000000000000   6
263.00000000000000000000   2
263.10000000000000000000   2
263.20000000000000000000   2
263.30000000000000000000   2
263.40000000000000000000   3
263.50000000000000000000   5
263.60000000000000000000   6
263.70000000000000000000   7
263.80000000000000000000   7
263.90000000000000000000   5
264.00000000000000000000   7
264.10000000000000000000   6
264.20000000000000000000   5
264.30000000000000000000   7
264.40000000000000000000   7
264.50000000000000000000   7
264.60000000000000000000   7
264.70000000000000000000   1
264.80000000000000000000   2
264.90000000000000000000   0
265.00000000000000000000   0
265.10000000000000000000   0
265.20000000000000000000   0
265.30000000000000000000   0
265.40000000000000000000   0
265.50000000000000000000   1
265.60000000000000000000   0
265.70000000000000000000   0
265.80000000000000000000   0
265.90000000000000000000   0
266.00000000000000000000   0
266.10000000000000000000   0
266.20000000000000000000   0
266.30000000000000000000   0
266.40000000000000000000   0
266.50000000000000000000   0
266.60000000000000000000   0
266.70000000000000000000   1
266.80000000000000000000   0
266.90000000000000000000   0
267.00000000000000000000   0
267.10000000000000000000   0
267.20000000000000000000   0
267.30000000000000000000   0
267.40000000000000000000   0
267.50000000000000000000   0
267.60000000000000000000   0
267.70000000000000000000   0
267.80000000000000000000   0
267.90000000000000000000   0
268.00000000000000000000   0
268.10000000000000000000   0
268.20000000000000000000   0
268.30000000000000000000   0
268.40000000000000000000   0
268.50000000000000000000   0
268.60000000000000000000   0
268.70000000000000000000   1
268.80000000000000000000   0
268.90000000000000000000   2
269.00000000000000000000   1
269.10000000000000000000   0
269.20000000000000000000   0
269.30000000000000000000   0
269.40000000000000000000   2
269.50000000000000000000   4
269.60000000000000000000   1
269.70000000000000000000   0
269.80000000000000000000   3
269.90000000000000000000   3
270.00000000000000000000   1
270.10000000000000000000   0
270.20000000000000000000   0
270.30000000000000000000   0
270.40000000000000000000   0
270.50000000000000000000   0
270.60000000000000000000   0
270.70000000000000000000   0
270.80000000000000000000   0
270.90000000000000000000   0
271.00000000000000000000   0
271.10000000000000000000   0
271.20000000000000000000   0
271.30000000000000000000   2
271.40000000000000000000   1
271.50000000000000000000   3
271.60000000000000000000   1
271.70000000000000000000   0
271.80000000000000000000   0
271.90000000000000000000   0
272.00000000000000000000   0
272.10000000000000000000   0
272.20000000000000000000   0
272.30000000000000000000   0
272.40000000000000000000   0
272.50000000000000000000   0
272.60000000000000000000   1
272.70000000000000000000   0
272.80000000000000000000   0
272.90000000000000000000   0
273.00000000000000000000   0
273.10000000000000000000   0
273.20000000000000000000   0
273.30000000000000000000   0
273.40000000000000000000   0
273.50000000000000000000   0
273.60000000000000000000   0
273.70000000000000000000   0
273.80000000000000000000   0
273.90000000000000000000   0
274.00000000000000000000   1
274.10000000000000000000   2
274.20000000000000000000   0
274.30000000000000000000   0
274.40000000000000000000   3
274.50000000000000000000   1
274.60000000000000000000   3
274.70000000000000000000   1
274.80000000000000000000   0
274.90000000000000000000   0
275.00000000000000000000   0
275.10000000000000000000   0
275.20000000000000000000   0
275.30000000000000000000   0
275.40000000000000000000   0
275.50000000000000000000   0
275.60000000000000000000   0
275.70000000000000000000   0
275.80000000000000000000   0
275.90000000000000000000   0
276.00000000000000000000   0
276.10000000000000000000   0
276.20000000000000000000   0
276.30000000000000000000   0
276.40000000000000000000   0
276.50000000000000000000   0
276.60000000000000000000   0
276.70000000000000000000   0
276.80000000000000000000   0
276.90000000000000000000   0
277.00000000000000000000   0
277.10000000000000000000   0
277.20000000000000000000   0
277.30000000000000000000   0
277.40000000000000000000   0
277.50000000000000000000   0
277.60000000000000000000   0
277.70000000000000000000   0
277.80000000000000000000   0
277.90000000000000000000   0
278.00000000000000000000   0
278.10000000000000000000   0
278.20000000000000000000   0
278.30000000000000000000   0
278.40000000000000000000   0
278.50000000000000000000   0
278.60000000000000000000   1
278.70000000000000000000   0
278.80000000000000000000   0
278.90000000000000000000   0
279.00000000000000000000   0
279.10000000000000000000   0
279.20000000000000000000   0
279.30000000000000000000   0
279.40000000000000000000   0
279.50000000000000000000   0
279.60000000000000000000   0
279.70000000000000000000   0
279.80000000000000000000   0
279.90000000000000000000   0
280.00000000000000000000   0
280.10000000000000000000   0
280.20000000000000000000   0
280.30000000000000000000   0
280.40000000000000000000   0
280.50000000000000000000   0
280.60000000000000000000   0
280.70000000000000000000   0
280.80000000000000000000   2
280.90000000000000000000   0
281.00000000000000000000   1
281.10000000000000000000   0
281.20000000000000000000   0
281.30000000000000000000   0
281.40000000000000000000   0
281.50000000000000000000   0
281.60000000000000000000   0
281.70000000000000000000   0
281.80000000000000000000   0
281.90000000000000000000   1
282.00000000000000000000   0
282.10000000000000000000   0
282.20000000000000000000   0
282.30000000000000000000   0
282.40000000000000000000   0
282.50000000000000000000   0
282.60000000000000000000   0
282.70000000000000000000   0
282.80000000000000000000   0
282.90000000000000000000   0
283.00000000000000000000   1
283.10000000000000000000   0
283.20000000000000000000   0
283.30000000000000000000   0
283.40000000000000000000   0
283.50000000000000000000   0
283.60000000000000000000   0
283.70000000000000000000   0
283.80000000000000000000   0
283.90000000000000000000   0
284.00000000000000000000   0
284.10000000000000000000   0
284.20000000000000000000   0
284.30000000000000000000   0
284.40000000000000000000   0
284.50000000000000000000   0
284.60000000000000000000   0
284.70000000000000000000   0
284.80000000000000000000   0
284.90000000000000000000   0
285.00000000000000000000   0
285.10000000000000000000   0
285.20000000000000000000   0
285.30000000000000000000   0
285.40000000000000000000   0
285.50000000000000000000   0
285.60000000000000000000   1
285.70000000000000000000   0
285.80000000000000000000   0
285.90000000000000000000   0
286.00000000000000000000   1
286.10000000000000000000   0
286.20000000000000000000   0
286.30000000000000000000   0
286.40000000000000000000   0
286.50000000000000000000   0
286.60000000000000000000   0
286.70000000000000000000   0
286.80000000000000000000   0
286.90000000000000000000   0
287.00000000000000000000   0
287.10000000000000000000   1
287.20000000000000000000   0
287.30000000000000000000   0
287.40000000000000000000   0
287.50000000000000000000   0
287.60000000000000000000   0
287.70000000000000000000   0
287.80000000000000000000   0
287.90000000000000000000   0
288.00000000000000000000   0
288.10000000000000000000   0
288.20000000000000000000   0
288.30000000000000000000   0
288.40000000000000000000   0
288.50000000000000000000   0
288.60000000000000000000   0
288.70000000000000000000   0
288.80000000000000000000   1
288.90000000000000000000   0
289.00000000000000000000   0
289.10000000000000000000   0
289.20000000000000000000   0
289.30000000000000000000   0
289.40000000000000000000   0
289.50000000000000000000   0
289.60000000000000000000   0
289.70000000000000000000   0
289.80000000000000000000   0
289.90000000000000000000   1
290.00000000000000000000   0
290.10000000000000000000   1
290.20000000000000000000   0
290.30000000000000000000   0
290.40000000000000000000   0
290.50000000000000000000   0
290.60000000000000000000   0
290.70000000000000000000   0
290.80000000000000000000   0
290.90000000000000000000   0
291.00000000000000000000   0
291.10000000000000000000   0
291.20000000000000000000   0
291.30000000000000000000   0
291.40000000000000000000   0
291.50000000000000000000   0
291.60000000000000000000   0
291.70000000000000000000   0
291.80000000000000000000   0
291.90000000000000000000   0
292.00000000000000000000   0
292.10000000000000000000   0
292.20000000000000000000   0
292.30000000000000000000   0
292.40000000000000000000   0
292.50000000000000000000   0
292.60000000000000000000   0
292.70000000000000000000   0
292.80000000000000000000   0
292.90000000000000000000   0
293.00000000000000000000   0
293.10000000000000000000   0
293.20000000000000000000   1
293.30000000000000000000   0
293.40000000000000000000   0
293.50000000000000000000   0
293.60000000000000000000   1
293.70000000000000000000   0
293.80000000000000000000   1
293.90000000000000000000   0
294.00000000000000000000   0
294.10000000000000000000   0
294.20000000000000000000   0
294.30000000000000000000   0
294.40000000000000000000   0
294.50000000000000000000   0
294.60000000000000000000   0
294.70000000000000000000   0
294.80000000000000000000   0
294.90000000000000000000   0
295.00000000000000000000   1
295.10000000000000000000   0
295.20000000000000000000   0
295.30000000000000000000   0
295.40000000000000000000   0
295.50000000000000000000   0
295.60000000000000000000   0
295.70000000000000000000   0
295.80000000000000000000   0
295.90000000000000000000   0
296.00000000000000000000   0
296.10000000000000000000   0
296.20000000000000000000   0
296.30000000000000000000   0
296.40000000000000000000   1
296.50000000000000000000   0
296.60000000000000000000   0
296.70000000000000000000   0
296.80000000000000000000   0
296.90000000000000000000   0
297.00000000000000000000   0
297.10000000000000000000   0
297.20000000000000000000   0
297.30000000000000000000   0
297.40000000000000000000   0
297.50000000000000000000   0
297.60000000000000000000   0
297.70000000000000000000   0
297.80000000000000000000   0
297.90000000000000000000   0
298.00000000000000000000   0
298.10000000000000000000   0
298.20000000000000000000   0
298.30000000000000000000   0
298.40000000000000000000   0
298.50000000000000000000   0
298.60000000000000000000   0
298.70000000000000000000   0
298.80000000000000000000   0
298.90000000000000000000   0
299.00000000000000000000   0
299.10000000000000000000   1
299.20000000000000000000   0
299.30000000000000000000   0
299.40000000000000000000   0
299.50000000000000000000   0
299.60000000000000000000   0
299.70000000000000000000   1
299.80000000000000000000   0
299.90000000000000000000   1
300.00000000000000000000   0
300.10000000000000000000   0
300.20000000000000000000   0
300.30000000000000000000   0
300.40000000000000000000   0
300.50000000000000000000   0
300.60000000000000000000   0
300.70000000000000000000   0
300.80000000000000000000   0
300.90000000000000000000   0
301.00000000000000000000   0
301.10000000000000000000   0
301.20000000000000000000   0
301.30000000000000000000   0
301.40000000000000000000   0
301.50000000000000000000   0
301.60000000000000000000   0
301.70000000000000000000   0
301.80000000000000000000   0
301.90000000000000000000   2
302.00000000000000000000   0
302.10000000000000000000   0
302.20000000000000000000   0
302.30000000000000000000   1
302.40000000000000000000   0
302.50000000000000000000   0
302.60000000000000000000   0
302.70000000000000000000   0
302.80000000000000000000   0
302.90000000000000000000   0
303.00000000000000000000   0
303.10000000000000000000   0
303.20000000000000000000   0
303.30000000000000000000   0
303.40000000000000000000   0
303.50000000000000000000   0
303.60000000000000000000   0
303.70000000000000000000   0
303.80000000000000000000   0
303.90000000000000000000   0
304.00000000000000000000   0
304.10000000000000000000   0
304.20000000000000000000   0
304.30000000000000000000   0
304.40000000000000000000   0
304.50000000000000000000   0
304.60000000000000000000   0
304.70000000000000000000   0
304.80000000000000000000   0
304.90000000000000000000   0
305.00000000000000000000   0
305.10000000000000000000   0
305.20000000000000000000   0
305.30000000000000000000   0
305.40000000000000000000   0
305.50000000000000000000   1
305.60000000000000000000   0
305.70000000000000000000   0
305.80000000000000000000   0
305.90000000000000000000   0
306.00000000000000000000   0
306.10000000000000000000   0
306.20000000000000000000   0
306.30000000000000000000   0
306.40000000000000000000   0
306.50000000000000000000   0
306.60000000000000000000   0
306.70000000000000000000   0
306.80000000000000000000   0
306.90000000000000000000   0
307.00000000000000000000   0
307.10000000000000000000   0
307.20000000000000000000   0
307.30000000000000000000   1
307.40000000000000000000   1
307.50000000000000000000   0
307.60000000000000000000   0
307.70000000000000000000   0
307.80000000000000000000   3
307.90000000000000000000   0
308.00000000000000000000   0
308.10000000000000000000   1
308.20000000000000000000   0
308.30000000000000000000   0
308.40000000000000000000   0
308.50000000000000000000   0
308.60000000000000000000   0
308.70000000000000000000   0
308.80000000000000000000   0
308.90000000000000000000   0
309.00000000000000000000   0
309.10000000000000000000   0
309.20000000000000000000   0
309.30000000000000000000   1
309.40000000000000000000   0
309.50000000000000000000   0
309.60000000000000000000   0
309.70000000000000000000   0
309.80000000000000000000   0
309.90000000000000000000   0
310.00000000000000000000   0
310.10000000000000000000   0
310.20000000000000000000   0
310.30000000000000000000   0
310.40000000000000000000   0
310.50000000000000000000   0
310.60000000000000000000   0
310.70000000000000000000   0
310.80000000000000000000   0
310.90000000000000000000   0
311.00000000000000000000   0
311.10000000000000000000   0
311.20000000000000000000   0
311.30000000000000000000   0
311.40000000000000000000   0
311.50000000000000000000   0
311.60000000000000000000   0
311.70000000000000000000   0
311.80000000000000000000   0
311.90000000000000000000   0
312.00000000000000000000   0
312.10000000000000000000   0
312.20000000000000000000   0
312.30000000000000000000   0
312.40000000000000000000   0
312.50000000000000000000   0
312.60000000000000000000   0
312.70000000000000000000   0
312.80000000000000000000   0
312.90000000000000000000   0
313.00000000000000000000   0
313.10000000000000000000   0
313.20000000000000000000   0
313.30000000000000000000   0
313.40000000000000000000   2
313.50000000000000000000   1
313.60000000000000000000   0
313.70000000000000000000   2
313.80000000000000000000   0
313.90000000000000000000   1
314.00000000000000000000   1
314.10000000000000000000   1
314.20000000000000000000   2
314.30000000000000000000   0
314.40000000000000000000   1
314.50000000000000000000   0
314.60000000000000000000   0
314.70000000000000000000   0
314.80000000000000000000   0
314.90000000000000000000   0
315.00000000000000000000   0
315.10000000000000000000   0
315.20000000000000000000   0
315.30000000000000000000   0
315.40000000000000000000   0
315.50000000000000000000   0
315.60000000000000000000   0
315.70000000000000000000   0
315.80000000000000000000   0
315.90000000000000000000   0
316.00000000000000000000   1
316.10000000000000000000   1
316.20000000000000000000   0
316.30000000000000000000   1
316.40000000000000000000   1
316.50000000000000000000   0
316.60000000000000000000   0
316.70000000000000000000   0
316.80000000000000000000   0
316.90000000000000000000   0
317.00000000000000000000   0
317.10000000000000000000   0
317.20000000000000000000   0
317.30000000000000000000   0
317.40000000000000000000   0
317.50000000000000000000   0
317.60000000000000000000   0
317.70000000000000000000   0
317.80000000000000000000   0
317.90000000000000000000   0
318.00000000000000000000   0
318.10000000000000000000   0
318.20000000000000000000   0
318.30000000000000000000   0
318.40000000000000000000   0
318.50000000000000000000   0
318.60000000000000000000   0
318.70000000000000000000   0
318.80000000000000000000   0
318.90000000000000000000   0
319.00000000000000000000   0
319.10000000000000000000   0
319.20000000000000000000   0
319.30000000000000000000   0
319.40000000000000000000   0
319.50000000000000000000   0
319.60000000000000000000   0
319.70000000000000000000   1
319.80000000000000000000   0
319.90000000000000000000   1
320.00000000000000000000   0
320.10000000000000000000   0
320.20000000000000000000   0
320.30000000000000000000   0
320.40000000000000000000   0
320.50000000000000000000   2
320.60000000000000000000   1
320.70000000000000000000   3
320.80000000000000000000   0
320.90000000000000000000   0
321.00000000000000000000   0
321.10000000000000000000   0
321.20000000000000000000   0
321.30000000000000000000   0
321.40000000000000000000   0
321.50000000000000000000   0
321.60000000000000000000   0
321.70000000000000000000   0
321.80000000000000000000   0
321.90000000000000000000   0
322.00000000000000000000   0
322.10000000000000000000   0
322.20000000000000000000   0
322.30000000000000000000   1
322.40000000000000000000   0
322.50000000000000000000   2
322.60000000000000000000   2
322.70000000000000000000   1
322.80000000000000000000   0
322.90000000000000000000   0
323.00000000000000000000   0
323.10000000000000000000   1
323.20000000000000000000   0
323.30000000000000000000   0
323.40000000000000000000   0
323.50000000000000000000   0
323.60000000000000000000   0
323.70000000000000000000   0
323.80000000000000000000   1
323.90000000000000000000   0
324.00000000000000000000   0
324.10000000000000000000   0
324.20000000000000000000   0
324.30000000000000000000   0
324.40000000000000000000   0
324.50000000000000000000   0
324.60000000000000000000   0
324.70000000000000000000   2
324.80000000000000000000   2
324.90000000000000000000   3
325.00000000000000000000   2
325.10000000000000000000   5
325.20000000000000000000   5
325.30000000000000000000   4
325.40000000000000000000   1
325.50000000000000000000   1
325.60000000000000000000   1
325.70000000000000000000   2
325.80000000000000000000   2
325.90000000000000000000   0
326.00000000000000000000   2
326.10000000000000000000   2
326.20000000000000000000   5
326.30000000000000000000   0
326.40000000000000000000   3
326.50000000000000000000   2
326.60000000000000000000   1
326.70000000000000000000   5
326.80000000000000000000   1
326.90000000000000000000   3
327.00000000000000000000   4
327.10000000000000000000   5
327.20000000000000000000   4
327.30000000000000000000   4
327.40000000000000000000   3
327.50000000000000000000   2
327.60000000000000000000   4
327.70000000000000000000   3
327.80000000000000000000   1
327.90000000000000000000   5
328.00000000000000000000   5
328.10000000000000000000   5
328.20000000000000000000   3
328.30000000000000000000   3
328.40000000000000000000   3
328.50000000000000000000   3
328.60000000000000000000   3
328.70000000000000000000   5
328.80000000000000000000   1
328.90000000000000000000   4
329.00000000000000000000   5
329.10000000000000000000   4
329.20000000000000000000   6
329.30000000000000000000   6
329.40000000000000000000   5
329.50000000000000000000   3
329.60000000000000000000   3
329.70000000000000000000   1
329.80000000000000000000   5
329.90000000000000000000   5
330.00000000000000000000   4
330.10000000000000000000   7
330.20000000000000000000   5
330.30000000000000000000   2
330.40000000000000000000   3
330.50000000000000000000   2
330.60000000000000000000   3
330.70000000000000000000   2
330.80000000000000000000   2
330.90000000000000000000   2
331.00000000000000000000   4
331.10000000000000000000   2
331.20000000000000000000   3
331.30000000000000000000   4
331.40000000000000000000   3
331.50000000000000000000   5
331.60000000000000000000   3
331.70000000000000000000   1
331.80000000000000000000   2
331.90000000000000000000   2
332.00000000000000000000   2
332.10000000000000000000   2
332.20000000000000000000   4
332.30000000000000000000   1
332.40000000000000000000   3
332.50000000000000000000   3
332.60000000000000000000   2
332.70000000000000000000   2
332.80000000000000000000   3
332.90000000000000000000   3
333.00000000000000000000   2
333.10000000000000000000   2
333.20000000000000000000   3
333.30000000000000000000   3
333.40000000000000000000   3
333.50000000000000000000   4
333.60000000000000000000   4
333.70000000000000000000   3
333.80000000000000000000   2
333.90000000000000000000   4
334.00000000000000000000   3
334.10000000000000000000   3
334.20000000000000000000   3
334.30000000000000000000   3
334.40000000000000000000   3
334.50000000000000000000   2
334.60000000000000000000   2
334.70000000000000000000   2
334.80000000000000000000   2
334.90000000000000000000   2
335.00000000000000000000   2
335.10000000000000000000   2
335.20000000000000000000   3
335.30000000000000000000   3
335.40000000000000000000   3
335.50000000000000000000   3
335.60000000000000000000   3
335.70000000000000000000   2
335.80000000000000000000   4
335.90000000000000000000   4
336.00000000000000000000   4
336.10000000000000000000   4
336.20000000000000000000   4
336.30000000000000000000   4
336.40000000000000000000   4
336.50000000000000000000   4
336.60000000000000000000   4
336.70000000000000000000   2
336.80000000000000000000   4
336.90000000000000000000   3
337.00000000000000000000   5
337.10000000000000000000   3
337.20000000000000000000   4
337.30000000000000000000   3
337.40000000000000000000   3
337.50000000000000000000   3
337.60000000000000000000   2
337.70000000000000000000   4
337.80000000000000000000   3
337.90000000000000000000   4
338.00000000000000000000   4
338.10000000000000000000   2
338.20000000000000000000   4
338.30000000000000000000   4
338.40000000000000000000   4
338.50000000000000000000   4
338.60000000000000000000   4
338.70000000000000000000   5
338.80000000000000000000   4
338.90000000000000000000   4
339.00000000000000000000   3
339.10000000000000000000   4
339.20000000000000000000   3
339.30000000000000000000   3
339.40000000000000000000   3
339.50000000000000000000   4
339.60000000000000000000   3
339.70000000000000000000   4
339.80000000000000000000   2
339.90000000000000000000   2
340.00000000000000000000   2
340.10000000000000000000   2
340.20000000000000000000   2
340.30000000000000000000   3
340.40000000000000000000   1
340.50000000000000000000   1
340.60000000000000000000   0
340.70000000000000000000   0
340.80000000000000000000   0
340.90000000000000000000   3
341.00000000000000000000   5
341.10000000000000000000   3
341.20000000000000000000   3
341.30000000000000000000   3
341.40000000000000000000   3
341.50000000000000000000   2
341.60000000000000000000   2
341.70000000000000000000   2
341.80000000000000000000   2
341.90000000000000000000   3
342.00000000000000000000   2
342.10000000000000000000   3
342.20000000000000000000   2
342.30000000000000000000   2
342.40000000000000000000   2
342.50000000000000000000   2
342.60000000000000000000   3
342.70000000000000000000   4
342.80000000000000000000   3
342.90000000000000000000   4
343.00000000000000000000   3
343.10000000000000000000   2
343.20000000000000000000   3
343.30000000000000000000   2
343.40000000000000000000   5
343.50000000000000000000   6
343.60000000000000000000   7
343.70000000000000000000   7
343.80000000000000000000   3
343.90000000000000000000   3
344.00000000000000000000   3
344.10000000000000000000   3
344.20000000000000000000   4
344.30000000000000000000   4
344.40000000000000000000   3
344.50000000000000000000   2
344.60000000000000000000   5
344.70000000000000000000   5
344.80000000000000000000   6
344.90000000000000000000   2
345.00000000000000000000   2
345.10000000000000000000   2
345.20000000000000000000   3
345.30000000000000000000   3
345.40000000000000000000   3
345.50000000000000000000   2
345.60000000000000000000   2
345.70000000000000000000   2
345.80000000000000000000   3
345.90000000000000000000   3
346.00000000000000000000   5
346.10000000000000000000   3
346.20000000000000000000   4
346.30000000000000000000   2
346.40000000000000000000   3
346.50000000000000000000   1
346.60000000000000000000   2
346.70000000000000000000   2
346.80000000000000000000   2
346.90000000000000000000   2
347.00000000000000000000   2
347.10000000000000000000   2
347.20000000000000000000   4
347.30000000000000000000   4
347.40000000000000000000   3
347.50000000000000000000   2
347.60000000000000000000   2
347.70000000000000000000   0
347.80000000000000000000   3
347.90000000000000000000   4
348.00000000000000000000   4
348.10000000000000000000   4
348.20000000000000000000   2
348.30000000000000000000   4
348.40000000000000000000   5
348.50000000000000000000   5
348.60000000000000000000   5
348.70000000000000000000   4
348.80000000000000000000   5
348.90000000000000000000   5
349.00000000000000000000   4
349.10000000000000000000   4
349.20000000000000000000   4
349.30000000000000000000   4
349.40000000000000000000   4
349.50000000000000000000   5
349.60000000000000000000   4
349.70000000000000000000   4
349.80000000000000000000   5
349.90000000000000000000   3
350.00000000000000000000   4
350.10000000000000000000   4
350.20000000000000000000   4
350.30000000000000000000   5
350.40000000000000000000   4
350.50000000000000000000   4
350.60000000000000000000   4
350.70000000000000000000   4
350.80000000000000000000   5
350.90000000000000000000   4
351.00000000000000000000   6
351.10000000000000000000   4
351.20000000000000000000   4
351.30000000000000000000   5
351.40000000000000000000   4
351.50000000000000000000   3
351.60000000000000000000   4
351.70000000000000000000   4
351.80000000000000000000   2
351.90000000000000000000   2
352.00000000000000000000   1
352.10000000000000000000   3
352.20000000000000000000   5
352.30000000000000000000   4
352.40000000000000000000   4
352.50000000000000000000   4
352.60000000000000000000   4
352.70000000000000000000   4
352.80000000000000000000   4
352.90000000000000000000   3
353.00000000000000000000   4
353.10000000000000000000   4
353.20000000000000000000   4
353.30000000000000000000   4
353.40000000000000000000   4
353.50000000000000000000   3
353.60000000000000000000   4
353.70000000000000000000   4
353.80000000000000000000   4
353.90000000000000000000   4
354.00000000000000000000   4
354.10000000000000000000   6
354.20000000000000000000   4
354.30000000000000000000   4
354.40000000000000000000   4
354.50000000000000000000   4
354.60000000000000000000   2
354.70000000000000000000   3
354.80000000000000000000   4
354.90000000000000000000   4
355.00000000000000000000   3
355.10000000000000000000   4
355.20000000000000000000   4
355.30000000000000000000   4
355.40000000000000000000   3
355.50000000000000000000   4
355.60000000000000000000   4
355.70000000000000000000   4
355.80000000000000000000   4
355.90000000000000000000   3
356.00000000000000000000   3
356.10000000000000000000   5
356.20000000000000000000   4
356.30000000000000000000   4
356.40000000000000000000   4
356.50000000000000000000   4
356.60000000000000000000   4
356.70000000000000000000   4
356.80000000000000000000   5
356.90000000000000000000   5
357.00000000000000000000   4
357.10000000000000000000   7
357.20000000000000000000   4
357.30000000000000000000   5
357.40000000000000000000   4
357.50000000000000000000   3
357.60000000000000000000   4
357.70000000000000000000   1
357.80000000000000000000   5
357.90000000000000000000   5
358.00000000000000000000   4
358.10000000000000000000   7
358.20000000000000000000   5
358.30000000000000000000   5
358.40000000000000000000   5
358.50000000000000000000   4
358.60000000000000000000   4
358.70000000000000000000   5
358.80000000000000000000   4
358.90000000000000000000   4
359.00000000000000000000   4
359.10000000000000000000   4
359.20000000000000000000   4
359.30000000000000000000   5
359.40000000000000000000   4
359.50000000000000000000   5
359.60000000000000000000   6
359.70000000000000000000   5
359.80000000000000000000   6
359.90000000000000000000   4
360.00000000000000000000   5
360.10000000000000000000   6
360.20000000000000000000   4
360.30000000000000000000   6
360.40000000000000000000   5
360.50000000000000000000   5
360.60000000000000000000   4
360.70000000000000000000   4
360.80000000000000000000   5
360.90000000000000000000   6
361.00000000000000000000   4
361.10000000000000000000   4
361.20000000000000000000   5
361.30000000000000000000   4
361.40000000000000000000   4
361.50000000000000000000   4
361.60000000000000000000   3
361.70000000000000000000   4
361.80000000000000000000   4
361.90000000000000000000   4
362.00000000000000000000   6
362.10000000000000000000   3
362.20000000000000000000   5
362.30000000000000000000   6
362.40000000000000000000   4
362.50000000000000000000   4
362.60000000000000000000   4
362.70000000000000000000   4
362.80000000000000000000   5
362.90000000000000000000   4
363.00000000000000000000   4
363.10000000000000000000   4
363.20000000000000000000   4
363.30000000000000000000   4
363.40000000000000000000   4
363.50000000000000000000   4
363.60000000000000000000   4
363.70000000000000000000   6
363.80000000000000000000   4
363.90000000000000000000   7
364.00000000000000000000   4
364.10000000000000000000   3
364.20000000000000000000   4
364.30000000000000000000   3
364.40000000000000000000   4
364.50000000000000000000   4
364.60000000000000000000   6
364.70000000000000000000   6
364.80000000000000000000   4
364.90000000000000000000   7
365.00000000000000000000   4
365.10000000000000000000   4
365.20000000000000000000   4
365.30000000000000000000   4
365.40000000000000000000   5
365.50000000000000000000   2
365.60000000000000000000   4
365.70000000000000000000   4
365.80000000000000000000   4
365.90000000000000000000   3
366.00000000000000000000   5
366.10000000000000000000   5
366.20000000000000000000   6
366.30000000000000000000   4
366.40000000000000000000   4
366.50000000000000000000   4
366.60000000000000000000   5
366.70000000000000000000   2
366.80000000000000000000   4
366.90000000000000000000   4
367.00000000000000000000   3
367.10000000000000000000   4
367.20000000000000000000   5
367.30000000000000000000   5
367.40000000000000000000   3
367.50000000000000000000   3
367.60000000000000000000   0
367.70000000000000000000   2
367.80000000000000000000   4
367.90000000000000000000   2
368.00000000000000000000   2
368.10000000000000000000   2
368.20000000000000000000   4
368.30000000000000000000   2
368.40000000000000000000   2
368.50000000000000000000   2
368.60000000000000000000   2
368.70000000000000000000   3
368.80000000000000000000   4
368.90000000000000000000   2
369.00000000000000000000   4
369.10000000000000000000   2
369.20000000000000000000   2
369.30000000000000000000   3
369.40000000000000000000   3
369.50000000000000000000   4
369.60000000000000000000   3
369.70000000000000000000   6
369.80000000000000000000   3
369.90000000000000000000   4
370.00000000000000000000   3
370.10000000000000000000   4
370.20000000000000000000   3
370.30000000000000000000   3
370.40000000000000000000   5
370.50000000000000000000   5
370.60000000000000000000   4
370.70000000000000000000   3
370.80000000000000000000   3
370.90000000000000000000   2
371.00000000000000000000   4
371.10000000000000000000   4
371.20000000000000000000   0
371.30000000000000000000   1
371.40000000000000000000   1
371.50000000000000000000   0
371.60000000000000000000   0
371.70000000000000000000   0
371.80000000000000000000   1
371.90000000000000000000   1
372.00000000000000000000   1
372.10000000000000000000   1
372.20000000000000000000   2
372.30000000000000000000   3
372.40000000000000000000   2
372.50000000000000000000   0
372.60000000000000000000   4
372.70000000000000000000   4
372.80000000000000000000   3
372.90000000000000000000   4
373.00000000000000000000   7
373.10000000000000000000   6
373.20000000000000000000   6
373.30000000000000000000   7
373.40000000000000000000   7
373.50000000000000000000   4
373.60000000000000000000   2
373.70000000000000000000   2
373.80000000000000000000   2
373.90000000000000000000   5
374.00000000000000000000   6
374.10000000000000000000   6
374.20000000000000000000   6
374.30000000000000000000   5
374.40000000000000000000   5
374.50000000000000000000   7
374.60000000000000000000   7
374.70000000000000000000   8
374.80000000000000000000   6
374.90000000000000000000   7
375.00000000000000000000   6
375.10000000000000000000   7
375.20000000000000000000   7
375.30000000000000000000   6
375.40000000000000000000   7
375.50000000000000000000   6
375.60000000000000000000   4
375.70000000000000000000   8
375.80000000000000000000   5
375.90000000000000000000   5
376.00000000000000000000   7
376.10000000000000000000   4
376.20000000000000000000   4
376.30000000000000000000   6
376.40000000000000000000   6
376.50000000000000000000   7
376.60000000000000000000   6
376.70000000000000000000   6
376.80000000000000000000   7
376.90000000000000000000   6
377.00000000000000000000   7
377.10000000000000000000   6
377.20000000000000000000   6
377.30000000000000000000   6
377.40000000000000000000   6
377.50000000000000000000   6
377.60000000000000000000   6
377.70000000000000000000   7
377.80000000000000000000   6
377.90000000000000000000   5
378.00000000000000000000   8
378.10000000000000000000   6
378.20000000000000000000   9
378.30000000000000000000   9
378.40000000000000000000   4
378.50000000000000000000   6
378.60000000000000000000   6
378.70000000000000000000   9
378.80000000000000000000   9
378.90000000000000000000   10
379.00000000000000000000   6
379.10000000000000000000   4
379.20000000000000000000   5
379.30000000000000000000   7
379.40000000000000000000   8
379.50000000000000000000   7
379.60000000000000000000   7
379.70000000000000000000   7
379.80000000000000000000   8
379.90000000000000000000   8
380.00000000000000000000   8
380.10000000000000000000   7
380.20000000000000000000   7
380.30000000000000000000   6
380.40000000000000000000   5
380.50000000000000000000   7
380.60000000000000000000   7
380.70000000000000000000   7
380.80000000000000000000   7
380.90000000000000000000   7
381.00000000000000000000   8
381.10000000000000000000   6
381.20000000000000000000   8
381.30000000000000000000   7
381.40000000000000000000   7
381.50000000000000000000   8
381.60000000000000000000   8
381.70000000000000000000   8
381.80000000000000000000   9
381.90000000000000000000   8
382.00000000000000000000   5
382.10000000000000000000   3
382.20000000000000000000   1
382.30000000000000000000   1
382.40000000000000000000   3
382.50000000000000000000   2
382.60000000000000000000   2
382.70000000000000000000   3
382.80000000000000000000   2
382.90000000000000000000   0
383.00000000000000000000   0
383.10000000000000000000   0
383.20000000000000000000   0
383.30000000000000000000   0
383.40000000000000000000   0
383.50000000000000000000   0
383.60000000000000000000   3
383.70000000000000000000   3
383.80000000000000000000   1
383.90000000000000000000   0
384.00000000000000000000   0
384.10000000000000000000   0
384.20000000000000000000   0
384.30000000000000000000   0
384.40000000000000000000   0
384.50000000000000000000   0
384.60000000000000000000   0
384.70000000000000000000   0
384.80000000000000000000   0
384.90000000000000000000   0
385.00000000000000000000   0
385.10000000000000000000   1
385.20000000000000000000   0
385.30000000000000000000   0
385.40000000000000000000   1
385.50000000000000000000   4
385.60000000000000000000   3
385.70000000000000000000   4
385.80000000000000000000   3
385.90000000000000000000   3
386.00000000000000000000   2
386.10000000000000000000   3
386.20000000000000000000   3
386.30000000000000000000   4
386.40000000000000000000   5
386.50000000000000000000   5
386.60000000000000000000   3
386.70000000000000000000   1
386.80000000000000000000   3
386.90000000000000000000   3
387.00000000000000000000   7
387.10000000000000000000   6
387.20000000000000000000   6
387.30000000000000000000   6
387.40000000000000000000   5
387.50000000000000000000   5
387.60000000000000000000   6
387.70000000000000000000   5
387.80000000000000000000   5
387.90000000000000000000   1
388.00000000000000000000   3
388.10000000000000000000   4
388.20000000000000000000   2
388.30000000000000000000   2
388.40000000000000000000   2
388.50000000000000000000   9
388.60000000000000000000   3
388.70000000000000000000   3
388.80000000000000000000   3
388.90000000000000000000   3
389.00000000000000000000   3
389.10000000000000000000   5
389.20000000000000000000   3
389.30000000000000000000   3
389.40000000000000000000   4
389.50000000000000000000   3
389.60000000000000000000   4
389.70000000000000000000   4
389.80000000000000000000   3
389.90000000000000000000   4
390.00000000000000000000   6
390.10000000000000000000   3
390.20000000000000000000   4
390.30000000000000000000   5
390.40000000000000000000   4
390.50000000000000000000   1
390.60000000000000000000   2
390.70000000000000000000   4
390.80000000000000000000   4
390.90000000000000000000   4
391.00000000000000000000   3
391.10000000000000000000   4
391.20000000000000000000   4
391.30000000000000000000   4
391.40000000000000000000   2
391.50000000000000000000   1
391.60000000000000000000   0
391.70000000000000000000   3
391.80000000000000000000   3
391.90000000000000000000   2
392.00000000000000000000   0
392.10000000000000000000   2
392.20000000000000000000   0
392.30000000000000000000   0
392.40000000000000000000   0
392.50000000000000000000   0
392.60000000000000000000   0
392.70000000000000000000   2
392.80000000000000000000   1
392.90000000000000000000   1
393.00000000000000000000   1
393.10000000000000000000   1
393.20000000000000000000   0
393.30000000000000000000   0
393.40000000000000000000   1
393.50000000000000000000   0
393.60000000000000000000   0
393.70000000000000000000   1
393.80000000000000000000   0
393.90000000000000000000   0
394.00000000000000000000   0
394.10000000000000000000   2
394.20000000000000000000   0
394.30000000000000000000   1
394.40000000000000000000   1
394.50000000000000000000   0
394.60000000000000000000   1
394.70000000000000000000   1
394.80000000000000000000   1
394.90000000000000000000   2
395.00000000000000000000   0
395.10000000000000000000   2
395.20000000000000000000   1
395.30000000000000000000   0
395.40000000000000000000   3
395.50000000000000000000   0
395.60000000000000000000   1
395.70000000000000000000   0
395.80000000000000000000   0
395.90000000000000000000   3
396.00000000000000000000   3
396.10000000000000000000   4
396.20000000000000000000   0
396.30000000000000000000   1
396.40000000000000000000   0
396.50000000000000000000   0
396.60000000000000000000   0
396.70000000000000000000   0
396.80000000000000000000   0
396.90000000000000000000   0
397.00000000000000000000   0
397.10000000000000000000   0
397.20000000000000000000   0
397.30000000000000000000   0
397.40000000000000000000   1
397.50000000000000000000   0
397.60000000000000000000   1
397.70000000000000000000   0
397.80000000000000000000   0
397.90000000000000000000   3
398.00000000000000000000   7
398.10000000000000000000   6
398.20000000000000000000   5
398.30000000000000000000   5
398.40000000000000000000   6
398.50000000000000000000   6
398.60000000000000000000   7
398.70000000000000000000   6
398.80000000000000000000   7
398.90000000000000000000   7
399.00000000000000000000   7
399.10000000000000000000   7
399.20000000000000000000   7
399.30000000000000000000   7
399.40000000000000000000   7
399.50000000000000000000   7
399.60000000000000000000   7
399.70000000000000000000   7
