200.00000000000000000000   2
200.10000000000000000000   6
200.20000000000000000000   6
200.30000000000000000000   6
200.40000000000000000000   4
200.50000000000000000000   4
200.60000000000000000000   7
200.70000000000000000000   3
200.80000000000000000000   3
200.90000000000000000000   2
201.00000000000000000000   4
201.10000000000000000000   5
201.20000000000000000000   8
201.30000000000000000000   7
201.40000000000000000000   5
201.50000000000000000000   7
201.60000000000000000000   3
201.70000000000000000000   6
201.80000000000000000000   5
201.90000000000000000000   3
202.00000000000000000000   8
202.10000000000000000000   7
202.20000000000000000000   5
202.30000000000000000000   4
202.40000000000000000000   7
202.50000000000000000000   7
202.60000000000000000000   5
202.70000000000000000000   3
202.80000000000000000000   5
202.90000000000000000000   4
203.00000000000000000000   3
203.10000000000000000000   3
203.20000000000000000000   4
203.30000000000000000000   2
203.40000000000000000000   3
203.50000000000000000000   3
203.60000000000000000000   3
203.70000000000000000000   7
203.80000000000000000000   7
203.90000000000000000000   9
204.00000000000000000000   6
204.10000000000000000000   6
204.20000000000000000000   6
204.30000000000000000000   8
204.40000000000000000000   6
204.50000000000000000000   6
204.60000000000000000000   7
204.70000000000000000000   8
204.80000000000000000000   11
204.90000000000000000000   8
205.00000000000000000000   8
205.10000000000000000000   4
205.20000000000000000000   8
205.30000000000000000000   8
205.40000000000000000000   9
205.50000000000000000000   6
205.60000000000000000000   7
205.70000000000000000000   7
205.80000000000000000000   6
205.90000000000000000000   8
206.00000000000000000000   7
206.10000000000000000000   3
206.20000000000000000000   5
206.30000000000000000000   3
206.40000000000000000000   2
206.50000000000000000000   3
206.60000000000000000000   2
206.70000000000000000000   3
206.80000000000000000000   6
206.90000000000000000000   3
207.00000000000000000000   5
207.10000000000000000000   3
207.20000000000000000000   5
207.30000000000000000000   2
207.40000000000000000000   3
207.50000000000000000000   4
207.60000000000000000000   1
207.70000000000000000000   1
207.80000000000000000000   4
207.90000000000000000000   1
208.00000000000000000000   0
208.10000000000000000000   5
208.20000000000000000000   5
208.30000000000000000000   4
208.40000000000000000000   5
208.50000000000000000000   3
208.60000000000000000000   5
208.70000000000000000000   7
208.80000000000000000000   5
208.90000000000000000000   5
209.00000000000000000000   3
209.10000000000000000000   1
209.20000000000000000000   5
209.30000000000000000000   7
209.40000000000000000000   2
209.50000000000000000000   6
209.60000000000000000000   6
209.70000000000000000000   9
209.80000000000000000000   8
209.90000000000000000000   4
210.00000000000000000000   0
210.10000000000000000000   4
210.20000000000000000000   4
210.30000000000000000000   4
210.40000000000000000000   4
210.50000000000000000000   4
210.60000000000000000000   7
210.70000000000000000000   6
210.80000000000000000000   7
210.90000000000000000000   4
211.00000000000000000000   6
211.10000000000000000000   4
211.20000000000000000000   4
211.30000000000000000000   5
211.40000000000000000000   7
211.50000000000000000000   6
211.60000000000000000000   5
211.70000000000000000000   6
211.80000000000000000000   7
211.90000000000000000000   12
212.00000000000000000000   12
212.10000000000000000000   9
212.20000000000000000000   11
212.30000000000000000000   7
212.40000000000000000000   6
212.50000000000000000000   6
212.60000000000000000000   7
212.70000000000000000000   6
212.80000000000000000000   5
212.90000000000000000000   6
213.00000000000000000000   10
213.10000000000000000000   9
213.20000000000000000000   6
213.30000000000000000000   6
213.40000000000000000000   8
213.50000000000000000000   8
213.60000000000000000000   7
213.70000000000000000000   12
213.80000000000000000000   9
213.90000000000000000000   6
214.00000000000000000000   7
214.10000000000000000000   6
214.20000000000000000000   5
214.30000000000000000000   7
214.40000000000000000000   2
214.50000000000000000000   6
214.60000000000000000000   5
214.70000000000000000000   5
214.80000000000000000000   2
214.90000000000000000000   7
215.00000000000000000000   5
215.10000000000000000000   6
215.20000000000000000000   6
215.30000000000000000000   8
215.40000000000000000000   6
215.50000000000000000000   7
215.60000000000000000000   7
215.70000000000000000000   8
215.80000000000000000000   9
215.90000000000000000000   7
216.00000000000000000000   7
216.10000000000000000000   9
216.20000000000000000000   9
216.30000000000000000000   5
216.40000000000000000000   5
216.50000000000000000000   7
216.60000000000000000000   6
216.70000000000000000000   6
216.80000000000000000000   6
216.90000000000000000000   2
217.00000000000000000000   5
217.10000000000000000000   5
217.20000000000000000000   7
217.30000000000000000000   7
217.40000000000000000000   6
217.50000000000000000000   6
217.60000000000000000000   8
217.70000000000000000000   5
217.80000000000000000000   6
217.90000000000000000000   5
218.00000000000000000000   6
218.10000000000000000000   6
218.20000000000000000000   4
218.30000000000000000000   3
218.40000000000000000000   6
218.50000000000000000000   7
218.60000000000000000000   7
218.70000000000000000000   7
218.80000000000000000000   5
218.90000000000000000000   7
219.00000000000000000000   5
219.10000000000000000000   9
219.20000000000000000000   8
219.30000000000000000000   7
219.40000000000000000000   4
219.50000000000000000000   6
219.60000000000000000000   5
219.70000000000000000000   6
219.80000000000000000000   4
219.90000000000000000000   5
220.00000000000000000000   9
220.10000000000000000000   12
220.20000000000000000000   9
220.30000000000000000000   11
220.40000000000000000000   10
220.50000000000000000000   12
220.60000000000000000000   5
220.70000000000000000000   4
220.80000000000000000000   6
220.90000000000000000000   4
221.00000000000000000000   5
221.10000000000000000000   5
221.20000000000000000000   5
221.30000000000000000000   3
221.40000000000000000000   4
221.50000000000000000000   0
221.60000000000000000000   4
221.70000000000000000000   4
221.80000000000000000000   3
221.90000000000000000000   3
222.00000000000000000000   3
222.10000000000000000000   2
222.20000000000000000000   2
222.30000000000000000000   4
222.40000000000000000000   5
222.50000000000000000000   2
222.60000000000000000000   2
222.70000000000000000000   3
222.80000000000000000000   3
222.90000000000000000000   3
223.00000000000000000000   4
223.10000000000000000000   2
223.20000000000000000000   5
223.30000000000000000000   2
223.40000000000000000000   2
223.50000000000000000000   2
223.60000000000000000000   1
223.70000000000000000000   1
223.80000000000000000000   2
223.90000000000000000000   4
224.00000000000000000000   3
224.10000000000000000000   3
224.20000000000000000000   4
224.30000000000000000000   6
224.40000000000000000000   6
224.50000000000000000000   3
224.60000000000000000000   1
224.70000000000000000000   4
224.80000000000000000000   4
224.90000000000000000000   3
225.00000000000000000000   4
225.10000000000000000000   6
225.20000000000000000000   10
225.30000000000000000000   8
225.40000000000000000000   3
225.50000000000000000000   2
225.60000000000000000000   2
225.70000000000000000000   0
225.80000000000000000000   3
225.90000000000000000000   1
226.00000000000000000000   5
226.10000000000000000000   6
226.20000000000000000000   6
226.30000000000000000000   10
226.40000000000000000000   10
226.50000000000000000000   10
226.60000000000000000000   10
226.70000000000000000000   8
226.80000000000000000000   7
226.90000000000000000000   5
227.00000000000000000000   9
227.10000000000000000000   3
227.20000000000000000000   10
227.30000000000000000000   9
227.40000000000000000000   9
227.50000000000000000000   8
227.60000000000000000000   11
227.70000000000000000000   9
227.80000000000000000000   7
227.90000000000000000000   5
228.00000000000000000000   4
228.10000000000000000000   4
228.20000000000000000000   8
228.30000000000000000000   4
228.40000000000000000000   8
228.50000000000000000000   9
228.60000000000000000000   11
228.70000000000000000000   8
228.80000000000000000000   13
228.90000000000000000000   7
229.00000000000000000000   9
229.10000000000000000000   12
229.20000000000000000000   6
229.30000000000000000000   11
229.40000000000000000000   10
229.50000000000000000000   10
229.60000000000000000000   9
229.70000000000000000000   10
229.80000000000000000000   9
229.90000000000000000000   6
230.00000000000000000000   7
230.10000000000000000000   9
230.20000000000000000000   9
230.30000000000000000000   9
230.40000000000000000000   9
230.50000000000000000000   7
230.60000000000000000000   6
230.70000000000000000000   3
230.80000000000000000000   4
230.90000000000000000000   3
231.00000000000000000000   5
231.10000000000000000000   4
231.20000000000000000000   5
231.30000000000000000000   5
231.40000000000000000000   1
231.50000000000000000000   3
231.60000000000000000000   2
231.70000000000000000000   0
231.80000000000000000000   4
231.90000000000000000000   4
232.00000000000000000000   4
232.10000000000000000000   4
232.20000000000000000000   4
232.30000000000000000000   9
232.40000000000000000000   7
232.50000000000000000000   7
232.60000000000000000000   8
232.70000000000000000000   9
232.80000000000000000000   12
232.90000000000000000000   10
233.00000000000000000000   12
233.10000000000000000000   7
233.20000000000000000000   7
233.30000000000000000000   7
233.40000000000000000000   6
233.50000000000000000000   1
233.60000000000000000000   2
233.70000000000000000000   7
233.80000000000000000000   12
233.90000000000000000000   6
234.00000000000000000000   4
234.10000000000000000000   4
234.20000000000000000000   4
234.30000000000000000000   2
234.40000000000000000000   3
234.50000000000000000000   2
234.60000000000000000000   7
234.70000000000000000000   5
234.80000000000000000000   7
234.90000000000000000000   6
235.00000000000000000000   8
235.10000000000000000000   8
235.20000000000000000000   8
235.30000000000000000000   6
235.40000000000000000000   5
235.50000000000000000000   5
235.60000000000000000000   5
235.70000000000000000000   6
235.80000000000000000000   9
235.90000000000000000000   7
236.00000000000000000000   6
236.10000000000000000000   10
236.20000000000000000000   8
236.30000000000000000000   6
236.40000000000000000000   6
236.50000000000000000000   6
236.60000000000000000000   6
236.70000000000000000000   4
236.80000000000000000000   6
236.90000000000000000000   6
237.00000000000000000000   6
237.10000000000000000000   11
237.20000000000000000000   7
237.30000000000000000000   10
237.40000000000000000000   6
237.50000000000000000000   7
237.60000000000000000000   6
237.70000000000000000000   11
237.80000000000000000000   3
237.90000000000000000000   9
238.00000000000000000000   10
238.10000000000000000000   12
238.20000000000000000000   11
238.30000000000000000000   7
238.40000000000000000000   8
238.50000000000000000000   7
238.60000000000000000000   5
238.70000000000000000000   6
238.80000000000000000000   3
238.90000000000000000000   6
239.00000000000000000000   4
239.10000000000000000000   5
239.20000000000000000000   2
239.30000000000000000000   5
239.40000000000000000000   6
239.50000000000000000000   5
239.60000000000000000000   6
239.70000000000000000000   5
239.80000000000000000000   4
239.90000000000000000000   5
240.00000000000000000000   7
240.10000000000000000000   7
240.20000000000000000000   8
240.30000000000000000000   7
240.40000000000000000000   9
240.50000000000000000000   5
240.60000000000000000000   6
240.70000000000000000000   6
240.80000000000000000000   5
240.90000000000000000000   4
241.00000000000000000000   3
241.10000000000000000000   4
241.20000000000000000000   5
241.30000000000000000000   3
241.40000000000000000000   1
241.50000000000000000000   2
241.60000000000000000000   1
241.70000000000000000000   3
241.80000000000000000000   2
241.90000000000000000000   2
242.00000000000000000000   5
242.10000000000000000000   7
242.20000000000000000000   4
242.30000000000000000000   7
242.40000000000000000000   9
242.50000000000000000000   11
242.60000000000000000000   9
242.70000000000000000000   11
242.80000000000000000000   9
242.90000000000000000000   8
243.00000000000000000000   12
243.10000000000000000000   9
243.20000000000000000000   10
243.30000000000000000000   11
243.40000000000000000000   11
243.50000000000000000000   12
243.60000000000000000000   13
243.70000000000000000000   12
243.80000000000000000000   11
243.90000000000000000000   10
244.00000000000000000000   7
244.10000000000000000000   10
244.20000000000000000000   6
244.30000000000000000000   6
244.40000000000000000000   6
244.50000000000000000000   6
244.60000000000000000000   3
244.70000000000000000000   2
244.80000000000000000000   4
244.90000000000000000000   4
245.00000000000000000000   3
245.10000000000000000000   3
245.20000000000000000000   2
245.30000000000000000000   4
245.40000000000000000000   3
245.50000000000000000000   6
245.60000000000000000000   5
245.70000000000000000000   5
245.80000000000000000000   7
245.90000000000000000000   6
246.00000000000000000000   4
246.10000000000000000000   5
246.20000000000000000000   10
246.30000000000000000000   10
246.40000000000000000000   9
246.50000000000000000000   14
246.60000000000000000000   10
246.70000000000000000000   13
246.80000000000000000000   13
246.90000000000000000000   13
247.00000000000000000000   9
247.10000000000000000000   7
247.20000000000000000000   12
247.30000000000000000000   13
247.40000000000000000000   12
247.50000000000000000000   16
247.60000000000000000000   13
247.70000000000000000000   16
247.80000000000000000000   18
247.90000000000000000000   16
248.00000000000000000000   15
248.10000000000000000000   14
248.20000000000000000000   13
248.30000000000000000000   15
248.40000000000000000000   16
248.50000000000000000000   14
248.60000000000000000000   14
248.70000000000000000000   14
248.80000000000000000000   15
248.90000000000000000000   16
249.00000000000000000000   14
249.10000000000000000000   16
249.20000000000000000000   18
249.30000000000000000000   15
249.40000000000000000000   15
249.50000000000000000000   17
249.60000000000000000000   13
249.70000000000000000000   16
249.80000000000000000000   17
249.90000000000000000000   14
250.00000000000000000000   13
250.10000000000000000000   13
250.20000000000000000000   15
250.30000000000000000000   13
250.40000000000000000000   13
250.50000000000000000000   14
250.60000000000000000000   13
250.70000000000000000000   10
250.80000000000000000000   8
250.90000000000000000000   9
251.00000000000000000000   10
251.10000000000000000000   9
251.20000000000000000000   8
251.30000000000000000000   11
251.40000000000000000000   11
251.50000000000000000000   8
251.60000000000000000000   11
251.70000000000000000000   11
251.80000000000000000000   11
251.90000000000000000000   19
252.00000000000000000000   22
252.10000000000000000000   18
252.20000000000000000000   18
252.30000000000000000000   15
252.40000000000000000000   15
252.50000000000000000000   15
252.60000000000000000000   15
252.70000000000000000000   18
252.80000000000000000000   17
252.90000000000000000000   15
253.00000000000000000000   19
253.10000000000000000000   12
253.20000000000000000000   12
253.30000000000000000000   9
253.40000000000000000000   15
253.50000000000000000000   19
253.60000000000000000000   15
253.70000000000000000000   17
253.80000000000000000000   18
253.90000000000000000000   13
254.00000000000000000000   14
254.10000000000000000000   18
254.20000000000000000000   14
254.30000000000000000000   12
254.40000000000000000000   17
254.50000000000000000000   16
254.60000000000000000000   14
254.70000000000000000000   12
254.80000000000000000000   13
254.90000000000000000000   10
255.00000000000000000000   13
255.10000000000000000000   14
255.20000000000000000000   13
255.30000000000000000000   13
255.40000000000000000000   15
255.50000000000000000000   11
255.60000000000000000000   8
255.70000000000000000000   9
255.80000000000000000000   9
255.90000000000000000000   5
256.00000000000000000000   7
256.10000000000000000000   3
256.20000000000000000000   1
256.30000000000000000000   4
256.40000000000000000000   7
256.50000000000000000000   8
256.60000000000000000000   4
256.70000000000000000000   3
256.80000000000000000000   4
256.90000000000000000000   2
257.00000000000000000000   11
257.10000000000000000000   4
257.20000000000000000000   5
257.30000000000000000000   6
257.40000000000000000000   7
257.50000000000000000000   5
257.60000000000000000000   6
257.70000000000000000000   4
257.80000000000000000000   2
257.90000000000000000000   2
258.00000000000000000000   4
258.10000000000000000000   6
258.20000000000000000000   3
258.30000000000000000000   9
258.40000000000000000000   8
258.50000000000000000000   6
258.60000000000000000000   5
258.70000000000000000000   5
258.80000000000000000000   7
258.90000000000000000000   6
259.00000000000000000000   9
259.10000000000000000000   9
259.20000000000000000000   8
259.30000000000000000000   5
259.40000000000000000000   3
259.50000000000000000000   4
259.60000000000000000000   3
259.70000000000000000000   3
259.80000000000000000000   2
259.90000000000000000000   6
260.00000000000000000000   4
260.10000000000000000000   3
260.20000000000000000000   5
260.30000000000000000000   3
260.40000000000000000000   0
260.50000000000000000000   0
260.60000000000000000000   1
260.70000000000000000000   1
260.80000000000000000000   4
260.90000000000000000000   4
261.00000000000000000000   0
261.10000000000000000000   1
261.20000000000000000000   1
261.30000000000000000000   3
261.40000000000000000000   2
261.50000000000000000000   2
261.60000000000000000000   4
261.70000000000000000000   2
261.80000000000000000000   7
261.90000000000000000000   7
262.00000000000000000000   12
262.10000000000000000000   12
262.20000000000000000000   14
262.30000000000000000000   14
262.40000000000000000000   15
262.50000000000000000000   14
262.60000000000000000000   11
262.70000000000000000000   13
262.80000000000000000000   10
262.90000000000000000000   13
263.00000000000000000000   14
263.10000000000000000000   10
263.20000000000000000000   11
263.30000000000000000000   11
263.40000000000000000000   15
263.50000000000000000000   13
263.60000000000000000000   10
263.70000000000000000000   12
263.80000000000000000000   9
263.90000000000000000000   6
264.00000000000000000000   3
264.10000000000000000000   7
264.20000000000000000000   5
264.30000000000000000000   5
264.40000000000000000000   9
264.50000000000000000000   9
264.60000000000000000000   6
264.70000000000000000000   10
264.80000000000000000000   10
264.90000000000000000000   6
265.00000000000000000000   7
265.10000000000000000000   7
265.20000000000000000000   16
265.30000000000000000000   15
265.40000000000000000000   10
265.50000000000000000000   7
265.60000000000000000000   15
265.70000000000000000000   14
265.80000000000000000000   14
265.90000000000000000000   12
266.00000000000000000000   15
266.10000000000000000000   12
266.20000000000000000000   13
266.30000000000000000000   14
266.40000000000000000000   12
266.50000000000000000000   11
266.60000000000000000000   9
266.70000000000000000000   12
266.80000000000000000000   16
266.90000000000000000000   17
267.00000000000000000000   17
267.10000000000000000000   16
267.20000000000000000000   17
267.30000000000000000000   14
267.40000000000000000000   18
267.50000000000000000000   13
267.60000000000000000000   14
267.70000000000000000000   14
267.80000000000000000000   16
267.90000000000000000000   14
268.00000000000000000000   14
268.10000000000000000000   14
268.20000000000000000000   15
268.30000000000000000000   13
268.40000000000000000000   11
268.50000000000000000000   15
268.60000000000000000000   11
268.70000000000000000000   10
268.80000000000000000000   11
268.90000000000000000000   14
269.00000000000000000000   11
269.10000000000000000000   19
269.20000000000000000000   14
269.30000000000000000000   15
269.40000000000000000000   14
269.50000000000000000000   16
269.60000000000000000000   13
269.70000000000000000000   13
269.80000000000000000000   11
269.90000000000000000000   13
270.00000000000000000000   13
270.10000000000000000000   15
270.20000000000000000000   11
270.30000000000000000000   19
270.40000000000000000000   15
270.50000000000000000000   13
270.60000000000000000000   15
270.70000000000000000000   12
270.80000000000000000000   14
270.90000000000000000000   14
271.00000000000000000000   15
271.10000000000000000000   15
271.20000000000000000000   15
271.30000000000000000000   15
271.40000000000000000000   13
271.50000000000000000000   13
271.60000000000000000000   13
271.70000000000000000000   13
271.80000000000000000000   14
271.90000000000000000000   15
272.00000000000000000000   17
272.10000000000000000000   16
272.20000000000000000000   12
272.30000000000000000000   16
272.40000000000000000000   14
272.50000000000000000000   12
272.60000000000000000000   10
272.70000000000000000000   10
272.80000000000000000000   10
272.90000000000000000000   9
273.00000000000000000000   10
273.10000000000000000000   14
273.20000000000000000000   15
273.30000000000000000000   13
273.40000000000000000000   14
273.50000000000000000000   11
273.60000000000000000000   14
273.70000000000000000000   14
273.80000000000000000000   15
273.90000000000000000000   13
274.00000000000000000000   13
274.10000000000000000000   14
274.20000000000000000000   15
274.30000000000000000000   13
274.40000000000000000000   13
274.50000000000000000000   12
274.60000000000000000000   14
274.70000000000000000000   15
274.80000000000000000000   13
274.90000000000000000000   14
275.00000000000000000000   15
275.10000000000000000000   13
275.20000000000000000000   14
275.30000000000000000000   15
275.40000000000000000000   12
275.50000000000000000000   12
275.60000000000000000000   13
275.70000000000000000000   15
275.80000000000000000000   18
275.90000000000000000000   14
276.00000000000000000000   12
276.10000000000000000000   15
276.20000000000000000000   16
276.30000000000000000000   17
276.40000000000000000000   17
276.50000000000000000000   15
276.60000000000000000000   19
276.70000000000000000000   15
276.80000000000000000000   15
276.90000000000000000000   18
277.00000000000000000000   21
277.10000000000000000000   20
277.20000000000000000000   12
277.30000000000000000000   15
277.40000000000000000000   15
277.50000000000000000000   14
277.60000000000000000000   15
277.70000000000000000000   17
277.80000000000000000000   14
277.90000000000000000000   15
278.00000000000000000000   11
278.10000000000000000000   6
278.20000000000000000000   7
278.30000000000000000000   6
278.40000000000000000000   1
278.50000000000000000000   1
278.60000000000000000000   0
278.70000000000000000000   2
278.80000000000000000000   4
278.90000000000000000000   0
279.00000000000000000000   1
279.10000000000000000000   2
279.20000000000000000000   0
279.30000000000000000000   4
279.40000000000000000000   6
279.50000000000000000000   5
279.60000000000000000000   6
279.70000000000000000000   8
279.80000000000000000000   9
279.90000000000000000000   12
280.00000000000000000000   10
280.10000000000000000000   9
280.20000000000000000000   7
280.30000000000000000000   8
280.40000000000000000000   8
280.50000000000000000000   10
280.60000000000000000000   6
280.70000000000000000000   8
280.80000000000000000000   7
280.90000000000000000000   8
281.00000000000000000000   6
281.10000000000000000000   10
281.20000000000000000000   7
281.30000000000000000000   7
281.40000000000000000000   7
281.50000000000000000000   9
281.60000000000000000000   8
281.70000000000000000000   7
281.80000000000000000000   6
281.90000000000000000000   8
282.00000000000000000000   10
282.10000000000000000000   9
282.20000000000000000000   13
282.30000000000000000000   11
282.40000000000000000000   10
282.50000000000000000000   8
282.60000000000000000000   8
282.70000000000000000000   9
282.80000000000000000000   7
282.90000000000000000000   9
283.00000000000000000000   8
283.10000000000000000000   12
283.20000000000000000000   10
283.30000000000000000000   9
283.40000000000000000000   10
283.50000000000000000000   9
283.60000000000000000000   10
283.70000000000000000000   9
283.80000000000000000000   7
283.90000000000000000000   11
284.00000000000000000000   9
284.10000000000000000000   10
284.20000000000000000000   7
284.30000000000000000000   6
284.40000000000000000000   11
284.50000000000000000000   14
284.60000000000000000000   12
284.70000000000000000000   9
284.80000000000000000000   8
284.90000000000000000000   5
285.00000000000000000000   4
285.10000000000000000000   4
285.20000000000000000000   5
285.30000000000000000000   5
285.40000000000000000000   5
285.50000000000000000000   7
285.60000000000000000000   8
285.70000000000000000000   12
285.80000000000000000000   14
285.90000000000000000000   10
286.00000000000000000000   12
286.10000000000000000000   9
286.20000000000000000000   12
286.30000000000000000000   14
286.40000000000000000000   10
286.50000000000000000000   12
286.60000000000000000000   10
286.70000000000000000000   11
286.80000000000000000000   12
286.90000000000000000000   10
287.00000000000000000000   11
287.10000000000000000000   10
287.20000000000000000000   9
287.30000000000000000000   9
287.40000000000000000000   11
287.50000000000000000000   13
287.60000000000000000000   12
287.70000000000000000000   12
287.80000000000000000000   9
287.90000000000000000000   9
288.00000000000000000000   13
288.10000000000000000000   10
288.20000000000000000000   11
288.30000000000000000000   13
288.40000000000000000000   14
288.50000000000000000000   9
288.60000000000000000000   6
288.70000000000000000000   5
288.80000000000000000000   6
288.90000000000000000000   6
289.00000000000000000000   3
289.10000000000000000000   4
289.20000000000000000000   1
289.30000000000000000000   2
289.40000000000000000000   2
289.50000000000000000000   4
289.60000000000000000000   3
289.70000000000000000000   4
289.80000000000000000000   3
289.90000000000000000000   4
290.00000000000000000000   8
290.10000000000000000000   11
290.20000000000000000000   9
290.30000000000000000000   12
290.40000000000000000000   10
290.50000000000000000000   7
290.60000000000000000000   11
290.70000000000000000000   7
290.80000000000000000000   8
290.90000000000000000000   7
291.00000000000000000000   7
291.10000000000000000000   6
291.20000000000000000000   8
291.30000000000000000000   6
291.40000000000000000000   7
291.50000000000000000000   10
291.60000000000000000000   7
291.70000000000000000000   9
291.80000000000000000000   9
291.90000000000000000000   10
292.00000000000000000000   9
292.10000000000000000000   10
292.20000000000000000000   9
292.30000000000000000000   7
292.40000000000000000000   9
292.50000000000000000000   8
292.60000000000000000000   7
292.70000000000000000000   6
292.80000000000000000000   5
292.90000000000000000000   6
293.00000000000000000000   6
293.10000000000000000000   6
293.20000000000000000000   4
293.30000000000000000000   5
293.40000000000000000000   5
293.50000000000000000000   5
293.60000000000000000000   2
293.70000000000000000000   0
293.80000000000000000000   1
293.90000000000000000000   3
294.00000000000000000000   2
294.10000000000000000000   6
294.20000000000000000000   3
294.30000000000000000000   3
294.40000000000000000000   4
294.50000000000000000000   3
294.60000000000000000000   4
294.70000000000000000000   3
294.80000000000000000000   3
294.90000000000000000000   6
295.00000000000000000000   8
295.10000000000000000000   5
295.20000000000000000000   4
295.30000000000000000000   1
295.40000000000000000000   6
295.50000000000000000000   5
295.60000000000000000000   6
295.70000000000000000000   5
295.80000000000000000000   4
295.90000000000000000000   4
296.00000000000000000000   4
296.10000000000000000000   9
296.20000000000000000000   9
296.30000000000000000000   9
296.40000000000000000000   12
296.50000000000000000000   8
296.60000000000000000000   12
296.70000000000000000000   10
296.80000000000000000000   10
296.90000000000000000000   6
297.00000000000000000000   8
297.10000000000000000000   7
297.20000000000000000000   9
297.30000000000000000000   8
297.40000000000000000000   11
297.50000000000000000000   8
297.60000000000000000000   11
297.70000000000000000000   9
297.80000000000000000000   11
297.90000000000000000000   12
298.00000000000000000000   10
298.10000000000000000000   13
298.20000000000000000000   13
298.30000000000000000000   14
298.40000000000000000000   11
298.50000000000000000000   8
298.60000000000000000000   8
298.70000000000000000000   6
298.80000000000000000000   6
298.90000000000000000000   7
299.00000000000000000000   6
299.10000000000000000000   10
299.20000000000000000000   5
299.30000000000000000000   6
299.40000000000000000000   12
299.50000000000000000000   10
299.60000000000000000000   6
299.70000000000000000000   8
299.80000000000000000000   11
299.90000000000000000000   9
300.00000000000000000000   7
300.10000000000000000000   10
300.20000000000000000000   10
300.30000000000000000000   13
300.40000000000000000000   8
300.50000000000000000000   8
300.60000000000000000000   12
300.70000000000000000000   8
300.80000000000000000000   9
300.90000000000000000000   6
301.00000000000000000000   3
301.10000000000000000000   1
301.20000000000000000000   6
301.30000000000000000000   7
301.40000000000000000000   5
301.50000000000000000000   5
301.60000000000000000000   4
301.70000000000000000000   4
301.80000000000000000000   4
301.90000000000000000000   4
302.00000000000000000000   5
302.10000000000000000000   5
302.20000000000000000000   5
302.30000000000000000000   5
302.40000000000000000000   7
302.50000000000000000000   4
302.60000000000000000000   4
302.70000000000000000000   1
302.80000000000000000000   1
302.90000000000000000000   3
303.00000000000000000000   3
303.10000000000000000000   3
303.20000000000000000000   5
303.30000000000000000000   2
303.40000000000000000000   2
303.50000000000000000000   7
303.60000000000000000000   10
303.70000000000000000000   8
303.80000000000000000000   10
303.90000000000000000000   11
304.00000000000000000000   11
304.10000000000000000000   9
304.20000000000000000000   11
304.30000000000000000000   11
304.40000000000000000000   10
304.50000000000000000000   8
304.60000000000000000000   10
304.70000000000000000000   10
304.80000000000000000000   11
304.90000000000000000000   10
305.00000000000000000000   9
305.10000000000000000000   10
305.20000000000000000000   9
305.30000000000000000000   14
305.40000000000000000000   14
305.50000000000000000000   12
305.60000000000000000000   11
305.70000000000000000000   11
305.80000000000000000000   12
305.90000000000000000000   7
306.00000000000000000000   10
306.10000000000000000000   9
306.20000000000000000000   12
306.30000000000000000000   9
306.40000000000000000000   9
306.50000000000000000000   7
306.60000000000000000000   10
306.70000000000000000000   8
306.80000000000000000000   4
306.90000000000000000000   6
307.00000000000000000000   11
307.10000000000000000000   8
307.20000000000000000000   5
307.30000000000000000000   6
307.40000000000000000000   4
307.50000000000000000000   8
307.60000000000000000000   9
307.70000000000000000000   7
307.80000000000000000000   6
307.90000000000000000000   7
308.00000000000000000000   12
308.10000000000000000000   10
308.20000000000000000000   10
308.30000000000000000000   12
308.40000000000000000000   12
308.50000000000000000000   7
308.60000000000000000000   6
308.70000000000000000000   1
308.80000000000000000000   6
308.90000000000000000000   2
309.00000000000000000000   2
309.10000000000000000000   4
309.20000000000000000000   0
309.30000000000000000000   2
309.40000000000000000000   4
309.50000000000000000000   0
309.60000000000000000000   6
309.70000000000000000000   0
309.80000000000000000000   3
309.90000000000000000000   2
310.00000000000000000000   3
310.10000000000000000000   4
310.20000000000000000000   3
310.30000000000000000000   3
310.40000000000000000000   4
310.50000000000000000000   3
310.60000000000000000000   6
310.70000000000000000000   7
310.80000000000000000000   9
310.90000000000000000000   13
311.00000000000000000000   11
311.10000000000000000000   10
311.20000000000000000000   8
311.30000000000000000000   6
311.40000000000000000000   8
311.50000000000000000000   4
311.60000000000000000000   6
311.70000000000000000000   9
311.80000000000000000000   5
311.90000000000000000000   5
312.00000000000000000000   7
312.10000000000000000000   9
312.20000000000000000000   7
312.30000000000000000000   5
312.40000000000000000000   7
312.50000000000000000000   2
312.60000000000000000000   2
312.70000000000000000000   4
312.80000000000000000000   0
312.90000000000000000000   2
313.00000000000000000000   3
313.10000000000000000000   1
313.20000000000000000000   7
313.30000000000000000000   1
313.40000000000000000000   1
313.50000000000000000000   0
313.60000000000000000000   1
313.70000000000000000000   4
313.80000000000000000000   4
313.90000000000000000000   2
314.00000000000000000000   5
314.10000000000000000000   2
314.20000000000000000000   3
314.30000000000000000000   7
314.40000000000000000000   3
314.50000000000000000000   4
314.60000000000000000000   8
314.70000000000000000000   3
314.80000000000000000000   2
314.90000000000000000000   6
315.00000000000000000000   9
315.10000000000000000000   3
315.20000000000000000000   4
315.30000000000000000000   7
315.40000000000000000000   12
315.50000000000000000000   14
315.60000000000000000000   12
315.70000000000000000000   3
315.80000000000000000000   8
315.90000000000000000000   5
316.00000000000000000000   4
316.10000000000000000000   3
316.20000000000000000000   7
316.30000000000000000000   5
316.40000000000000000000   9
316.50000000000000000000   6
316.60000000000000000000   7
316.70000000000000000000   8
316.80000000000000000000   5
316.90000000000000000000   7
317.00000000000000000000   5
317.10000000000000000000   5
317.20000000000000000000   8
317.30000000000000000000   8
317.40000000000000000000   10
317.50000000000000000000   10
317.60000000000000000000   8
317.70000000000000000000   9
317.80000000000000000000   10
317.90000000000000000000   10
318.00000000000000000000   10
318.10000000000000000000   10
318.20000000000000000000   9
318.30000000000000000000   8
318.40000000000000000000   9
318.50000000000000000000   9
318.60000000000000000000   9
318.70000000000000000000   7
318.80000000000000000000   9
318.90000000000000000000   8
319.00000000000000000000   6
319.10000000000000000000   3
319.20000000000000000000   5
319.30000000000000000000   4
319.40000000000000000000   1
319.50000000000000000000   4
319.60000000000000000000   4
319.70000000000000000000   3
319.80000000000000000000   3
319.90000000000000000000   4
320.00000000000000000000   6
320.10000000000000000000   4
320.20000000000000000000   6
320.30000000000000000000   9
320.40000000000000000000   3
320.50000000000000000000   6
320.60000000000000000000   4
320.70000000000000000000   1
320.80000000000000000000   7
320.90000000000000000000   0
321.00000000000000000000   5
321.10000000000000000000   5
321.20000000000000000000   0
321.30000000000000000000   0
321.40000000000000000000   1
321.50000000000000000000   3
321.60000000000000000000   4
321.70000000000000000000   5
321.80000000000000000000   8
321.90000000000000000000   12
322.00000000000000000000   10
322.10000000000000000000   7
322.20000000000000000000   11
322.30000000000000000000   6
322.40000000000000000000   8
322.50000000000000000000   7
322.60000000000000000000   6
322.70000000000000000000   9
322.80000000000000000000   7
322.90000000000000000000   9
323.00000000000000000000   8
323.10000000000000000000   14
323.20000000000000000000   15
323.30000000000000000000   17
323.40000000000000000000   17
323.50000000000000000000   18
323.60000000000000000000   14
323.70000000000000000000   15
323.80000000000000000000   14
323.90000000000000000000   15
324.00000000000000000000   19
324.10000000000000000000   16
324.20000000000000000000   18
324.30000000000000000000   16
324.40000000000000000000   15
324.50000000000000000000   14
324.60000000000000000000   13
324.70000000000000000000   16
324.80000000000000000000   14
324.90000000000000000000   13
325.00000000000000000000   14
325.10000000000000000000   17
325.20000000000000000000   17
325.30000000000000000000   18
325.40000000000000000000   15
325.50000000000000000000   15
325.60000000000000000000   13
325.70000000000000000000   15
325.80000000000000000000   15
325.90000000000000000000   14
326.00000000000000000000   11
326.10000000000000000000   11
326.20000000000000000000   12
326.30000000000000000000   13
326.40000000000000000000   13
326.50000000000000000000   14
326.60000000000000000000   13
326.70000000000000000000   17
326.80000000000000000000   16
326.90000000000000000000   17
327.00000000000000000000   16
327.10000000000000000000   13
327.20000000000000000000   12
327.30000000000000000000   13
327.40000000000000000000   12
327.50000000000000000000   12
327.60000000000000000000   12
327.70000000000000000000   11
327.80000000000000000000   12
327.90000000000000000000   9
328.00000000000000000000   12
328.10000000000000000000   9
328.20000000000000000000   8
328.30000000000000000000   10
328.40000000000000000000   7
328.50000000000000000000   6
328.60000000000000000000   13
328.70000000000000000000   14
328.80000000000000000000   13
328.90000000000000000000   12
329.00000000000000000000   12
329.10000000000000000000   13
329.20000000000000000000   11
329.30000000000000000000   12
329.40000000000000000000   12
329.50000000000000000000   11
329.60000000000000000000   14
329.70000000000000000000   12
329.80000000000000000000   17
329.90000000000000000000   12
330.00000000000000000000   14
330.10000000000000000000   10
330.20000000000000000000   13
330.30000000000000000000   11
330.40000000000000000000   9
330.50000000000000000000   12
330.60000000000000000000   12
330.70000000000000000000   12
330.80000000000000000000   11
330.90000000000000000000   10
331.00000000000000000000   14
331.10000000000000000000   9
331.20000000000000000000   10
331.30000000000000000000   11
331.40000000000000000000   8
331.50000000000000000000   11
331.60000000000000000000   8
331.70000000000000000000   9
331.80000000000000000000   7
331.90000000000000000000   5
332.00000000000000000000   4
332.10000000000000000000   13
332.20000000000000000000   13
332.30000000000000000000   7
332.40000000000000000000   6
332.50000000000000000000   9
332.60000000000000000000   10
332.70000000000000000000   11
332.80000000000000000000   10
332.90000000000000000000   9
333.00000000000000000000   10
333.10000000000000000000   10
333.20000000000000000000   11
333.30000000000000000000   11
333.40000000000000000000   10
333.50000000000000000000   10
333.60000000000000000000   11
333.70000000000000000000   11
333.80000000000000000000   11
333.90000000000000000000   8
334.00000000000000000000   12
334.10000000000000000000   10
334.20000000000000000000   11
334.30000000000000000000   13
334.40000000000000000000   10
334.50000000000000000000   8
334.60000000000000000000   13
334.70000000000000000000   15
334.80000000000000000000   17
334.90000000000000000000   17
335.00000000000000000000   13
335.10000000000000000000   15
335.20000000000000000000   14
335.30000000000000000000   13
335.40000000000000000000   13
335.50000000000000000000   18
335.60000000000000000000   19
335.70000000000000000000   17
335.80000000000000000000   12
335.90000000000000000000   17
336.00000000000000000000   14
336.10000000000000000000   15
336.20000000000000000000   12
336.30000000000000000000   11
336.40000000000000000000   11
336.50000000000000000000   11
336.60000000000000000000   8
336.70000000000000000000   9
336.80000000000000000000   7
336.90000000000000000000   7
337.00000000000000000000   12
337.10000000000000000000   10
337.20000000000000000000   7
337.30000000000000000000   10
337.40000000000000000000   8
337.50000000000000000000   8
337.60000000000000000000   8
337.70000000000000000000   8
337.80000000000000000000   8
337.90000000000000000000   13
338.00000000000000000000   13
338.10000000000000000000   12
338.20000000000000000000   13
338.30000000000000000000   13
338.40000000000000000000   10
338.50000000000000000000   13
338.60000000000000000000   15
338.70000000000000000000   12
338.80000000000000000000   14
338.90000000000000000000   13
339.00000000000000000000   13
339.10000000000000000000   11
339.20000000000000000000   11
339.30000000000000000000   11
339.40000000000000000000   7
339.50000000000000000000   10
339.60000000000000000000   12
339.70000000000000000000   7
339.80000000000000000000   5
339.90000000000000000000   5
340.00000000000000000000   7
340.10000000000000000000   5
340.20000000000000000000   5
340.30000000000000000000   5
340.40000000000000000000   7
340.50000000000000000000   6
340.60000000000000000000   9
340.70000000000000000000   9
340.80000000000000000000   7
340.90000000000000000000   9
341.00000000000000000000   6
341.10000000000000000000   8
341.20000000000000000000   8
341.30000000000000000000   10
341.40000000000000000000   11
341.50000000000000000000   8
341.60000000000000000000   8
341.70000000000000000000   9
341.80000000000000000000   2
341.90000000000000000000   3
342.00000000000000000000   7
342.10000000000000000000   4
342.20000000000000000000   4
342.30000000000000000000   4
342.40000000000000000000   2
342.50000000000000000000   2
342.60000000000000000000   3
342.70000000000000000000   1
342.80000000000000000000   4
342.90000000000000000000   3
343.00000000000000000000   3
343.10000000000000000000   6
343.20000000000000000000   7
343.30000000000000000000   5
343.40000000000000000000   3
343.50000000000000000000   2
343.60000000000000000000   5
343.70000000000000000000   0
343.80000000000000000000   3
343.90000000000000000000   2
344.00000000000000000000   4
344.10000000000000000000   5
344.20000000000000000000   4
344.30000000000000000000   11
344.40000000000000000000   12
344.50000000000000000000   11
344.60000000000000000000   9
344.70000000000000000000   12
344.80000000000000000000   16
344.90000000000000000000   14
345.00000000000000000000   15
345.10000000000000000000   12
345.20000000000000000000   10
345.30000000000000000000   12
345.40000000000000000000   11
345.50000000000000000000   12
345.60000000000000000000   13
345.70000000000000000000   10
345.80000000000000000000   12
345.90000000000000000000   11
346.00000000000000000000   15
346.10000000000000000000   17
346.20000000000000000000   21
346.30000000000000000000   12
346.40000000000000000000   17
346.50000000000000000000   14
346.60000000000000000000   11
346.70000000000000000000   13
346.80000000000000000000   15
346.90000000000000000000   16
347.00000000000000000000   14
347.10000000000000000000   13
347.20000000000000000000   16
347.30000000000000000000   15
347.40000000000000000000   16
347.50000000000000000000   17
347.60000000000000000000   16
347.70000000000000000000   12
347.80000000000000000000   13
347.90000000000000000000   15
348.00000000000000000000   13
348.10000000000000000000   14
348.20000000000000000000   18
348.30000000000000000000   14
348.40000000000000000000   11
348.50000000000000000000   14
348.60000000000000000000   15
348.70000000000000000000   10
348.80000000000000000000   18
348.90000000000000000000   15
349.00000000000000000000   14
349.10000000000000000000   14
349.20000000000000000000   17
349.30000000000000000000   14
349.40000000000000000000   14
349.50000000000000000000   12
349.60000000000000000000   9
349.70000000000000000000   12
349.80000000000000000000   15
349.90000000000000000000   13
350.00000000000000000000   10
350.10000000000000000000   14
350.20000000000000000000   11
350.30000000000000000000   10
350.40000000000000000000   10
350.50000000000000000000   7
350.60000000000000000000   12
350.70000000000000000000   11
350.80000000000000000000   12
350.90000000000000000000   10
351.00000000000000000000   12
351.10000000000000000000   12
351.20000000000000000000   12
351.30000000000000000000   10
351.40000000000000000000   7
351.50000000000000000000   14
351.60000000000000000000   10
351.70000000000000000000   5
351.80000000000000000000   11
351.90000000000000000000   8
352.00000000000000000000   7
352.10000000000000000000   9
352.20000000000000000000   7
352.30000000000000000000   7
352.40000000000000000000   7
352.50000000000000000000   8
352.60000000000000000000   7
352.70000000000000000000   3
352.80000000000000000000   6
352.90000000000000000000   3
353.00000000000000000000   3
353.10000000000000000000   0
353.20000000000000000000   0
353.30000000000000000000   3
353.40000000000000000000   3
353.50000000000000000000   7
353.60000000000000000000   8
353.70000000000000000000   3
353.80000000000000000000   7
353.90000000000000000000   7
354.00000000000000000000   11
354.10000000000000000000   8
354.20000000000000000000   6
354.30000000000000000000   7
354.40000000000000000000   11
354.50000000000000000000   8
354.60000000000000000000   9
354.70000000000000000000   9
354.80000000000000000000   10
354.90000000000000000000   12
355.00000000000000000000   16
355.10000000000000000000   12
355.20000000000000000000   11
355.30000000000000000000   11
355.40000000000000000000   10
355.50000000000000000000   12
355.60000000000000000000   14
355.70000000000000000000   14
355.80000000000000000000   15
355.90000000000000000000   16
356.00000000000000000000   14
356.10000000000000000000   15
356.20000000000000000000   13
356.30000000000000000000   9
356.40000000000000000000   13
356.50000000000000000000   10
356.60000000000000000000   11
356.70000000000000000000   11
356.80000000000000000000   9
356.90000000000000000000   8
357.00000000000000000000   7
357.10000000000000000000   7
357.20000000000000000000   10
357.30000000000000000000   7
357.40000000000000000000   7
357.50000000000000000000   7
357.60000000000000000000   11
357.70000000000000000000   14
357.80000000000000000000   10
357.90000000000000000000   12
358.00000000000000000000   10
358.10000000000000000000   15
358.20000000000000000000   12
358.30000000000000000000   12
358.40000000000000000000   15
358.50000000000000000000   12
358.60000000000000000000   13
358.70000000000000000000   13
358.80000000000000000000   8
358.90000000000000000000   12
359.00000000000000000000   11
359.10000000000000000000   10
359.20000000000000000000   8
359.30000000000000000000   8
359.40000000000000000000   14
359.50000000000000000000   11
359.60000000000000000000   12
359.70000000000000000000   12
359.80000000000000000000   9
359.90000000000000000000   8
360.00000000000000000000   8
360.10000000000000000000   9
360.20000000000000000000   7
360.30000000000000000000   7
360.40000000000000000000   6
360.50000000000000000000   9
360.60000000000000000000   5
360.70000000000000000000   7
360.80000000000000000000   9
360.90000000000000000000   9
361.00000000000000000000   11
361.10000000000000000000   9
361.20000000000000000000   9
361.30000000000000000000   10
361.40000000000000000000   10
361.50000000000000000000   8
361.60000000000000000000   7
361.70000000000000000000   9
361.80000000000000000000   9
361.90000000000000000000   8
362.00000000000000000000   12
362.10000000000000000000   10
362.20000000000000000000   14
362.30000000000000000000   10
362.40000000000000000000   11
362.50000000000000000000   13
362.60000000000000000000   11
362.70000000000000000000   15
362.80000000000000000000   14
362.90000000000000000000   10
363.00000000000000000000   14
363.10000000000000000000   13
363.20000000000000000000   9
363.30000000000000000000   8
363.40000000000000000000   9
363.50000000000000000000   5
363.60000000000000000000   6
363.70000000000000000000   6
363.80000000000000000000   5
363.90000000000000000000   7
364.00000000000000000000   8
364.10000000000000000000   9
364.20000000000000000000   9
364.30000000000000000000   6
364.40000000000000000000   4
364.50000000000000000000   6
364.60000000000000000000   4
364.70000000000000000000   2
364.80000000000000000000   5
364.90000000000000000000   5
365.00000000000000000000   4
365.10000000000000000000   4
365.20000000000000000000   5
365.30000000000000000000   4
365.40000000000000000000   4
365.50000000000000000000   1
365.60000000000000000000   3
365.70000000000000000000   5
365.80000000000000000000   4
365.90000000000000000000   4
366.00000000000000000000   5
366.10000000000000000000   4
366.20000000000000000000   3
366.30000000000000000000   4
366.40000000000000000000   4
366.50000000000000000000   3
366.60000000000000000000   7
366.70000000000000000000   5
366.80000000000000000000   4
366.90000000000000000000   3
367.00000000000000000000   5
367.10000000000000000000   10
367.20000000000000000000   8
367.30000000000000000000   9
367.40000000000000000000   7
367.50000000000000000000   8
367.60000000000000000000   9
367.70000000000000000000   10
367.80000000000000000000   10
367.90000000000000000000   10
368.00000000000000000000   10
368.10000000000000000000   10
368.20000000000000000000   9
368.30000000000000000000   10
368.40000000000000000000   5
368.50000000000000000000   4
368.60000000000000000000   4
368.70000000000000000000   4
368.80000000000000000000   5
368.90000000000000000000   6
369.00000000000000000000   6
369.10000000000000000000   4
369.20000000000000000000   2
369.30000000000000000000   3
369.40000000000000000000   7
369.50000000000000000000   9
369.60000000000000000000   7
369.70000000000000000000   5
369.80000000000000000000   0
369.90000000000000000000   7
370.00000000000000000000   9
370.10000000000000000000   9
370.20000000000000000000   7
370.30000000000000000000   8
370.40000000000000000000   9
370.50000000000000000000   9
370.60000000000000000000   8
370.70000000000000000000   8
370.80000000000000000000   9
370.90000000000000000000   11
371.00000000000000000000   3
371.10000000000000000000   6
371.20000000000000000000   8
371.30000000000000000000   6
371.40000000000000000000   10
371.50000000000000000000   10
371.60000000000000000000   8
371.70000000000000000000   9
371.80000000000000000000   7
371.90000000000000000000   8
372.00000000000000000000   5
372.10000000000000000000   7
372.20000000000000000000   8
372.30000000000000000000   8
372.40000000000000000000   9
372.50000000000000000000   7
372.60000000000000000000   9
372.70000000000000000000   7
372.80000000000000000000   7
372.90000000000000000000   9
373.00000000000000000000   9
373.10000000000000000000   6
373.20000000000000000000   9
373.30000000000000000000   5
373.40000000000000000000   1
373.50000000000000000000   3
373.60000000000000000000   5
373.70000000000000000000   4
373.80000000000000000000   4
373.90000000000000000000   1
374.00000000000000000000   2
374.10000000000000000000   3
374.20000000000000000000   3
374.30000000000000000000   2
374.40000000000000000000   0
374.50000000000000000000   1
374.60000000000000000000   4
374.70000000000000000000   7
374.80000000000000000000   4
374.90000000000000000000   3
375.00000000000000000000   7
375.10000000000000000000   8
375.20000000000000000000   7
375.30000000000000000000   3
375.40000000000000000000   7
375.50000000000000000000   6
375.60000000000000000000   4
375.70000000000000000000   1
375.80000000000000000000   3
375.90000000000000000000   4
376.00000000000000000000   7
376.10000000000000000000   3
376.20000000000000000000   4
376.30000000000000000000   4
376.40000000000000000000   6
376.50000000000000000000   4
376.60000000000000000000   7
376.70000000000000000000   5
376.80000000000000000000   6
376.90000000000000000000   4
377.00000000000000000000   7
377.10000000000000000000   5
377.20000000000000000000   3
377.30000000000000000000   4
377.40000000000000000000   5
377.50000000000000000000   8
377.60000000000000000000   7
377.70000000000000000000   7
377.80000000000000000000   7
377.90000000000000000000   12
378.00000000000000000000   1
378.10000000000000000000   1
378.20000000000000000000   1
378.30000000000000000000   0
378.40000000000000000000   3
378.50000000000000000000   5
378.60000000000000000000   5
378.70000000000000000000   5
378.80000000000000000000   4
378.90000000000000000000   5
379.00000000000000000000   2
379.10000000000000000000   1
379.20000000000000000000   2
379.30000000000000000000   1
379.40000000000000000000   2
379.50000000000000000000   5
379.60000000000000000000   4
379.70000000000000000000   7
379.80000000000000000000   6
379.90000000000000000000   4
380.00000000000000000000   3
380.10000000000000000000   1
380.20000000000000000000   1
380.30000000000000000000   3
380.40000000000000000000   4
380.50000000000000000000   5
380.60000000000000000000   5
380.70000000000000000000   4
380.80000000000000000000   1
380.90000000000000000000   4
381.00000000000000000000   4
381.10000000000000000000   5
381.20000000000000000000   8
381.30000000000000000000   9
381.40000000000000000000   10
381.50000000000000000000   9
381.60000000000000000000   14
381.70000000000000000000   11
381.80000000000000000000   10
381.90000000000000000000   15
382.00000000000000000000   11
382.10000000000000000000   10
382.20000000000000000000   13
382.30000000000000000000   12
382.40000000000000000000   10
382.50000000000000000000   12
382.60000000000000000000   12
382.70000000000000000000   11
382.80000000000000000000   7
382.90000000000000000000   5
383.00000000000000000000   6
383.10000000000000000000   6
383.20000000000000000000   5
383.30000000000000000000   3
383.40000000000000000000   5
383.50000000000000000000   9
383.60000000000000000000   4
383.70000000000000000000   8
383.80000000000000000000   5
383.90000000000000000000   6
384.00000000000000000000   6
384.10000000000000000000   5
384.20000000000000000000   5
384.30000000000000000000   4
384.40000000000000000000   7
384.50000000000000000000   7
384.60000000000000000000   1
384.70000000000000000000   2
384.80000000000000000000   3
384.90000000000000000000   2
385.00000000000000000000   3
385.10000000000000000000   3
385.20000000000000000000   6
385.30000000000000000000   4
385.40000000000000000000   5
385.50000000000000000000   2
385.60000000000000000000   1
385.70000000000000000000   6
385.80000000000000000000   4
385.90000000000000000000   5
386.00000000000000000000   6
386.10000000000000000000   4
386.20000000000000000000   4
386.30000000000000000000   5
386.40000000000000000000   2
386.50000000000000000000   2
386.60000000000000000000   1
386.70000000000000000000   3
386.80000000000000000000   1
386.90000000000000000000   1
387.00000000000000000000   0
387.10000000000000000000   3
387.20000000000000000000   6
387.30000000000000000000   4
387.40000000000000000000   5
387.50000000000000000000   9
387.60000000000000000000   6
387.70000000000000000000   0
387.80000000000000000000   0
387.90000000000000000000   0
388.00000000000000000000   0
388.10000000000000000000   4
388.20000000000000000000   6
388.30000000000000000000   7
388.40000000000000000000   5
388.50000000000000000000   3
388.60000000000000000000   4
388.70000000000000000000   3
388.80000000000000000000   4
388.90000000000000000000   7
389.00000000000000000000   10
389.10000000000000000000   9
389.20000000000000000000   6
389.30000000000000000000   4
389.40000000000000000000   3
389.50000000000000000000   0
389.60000000000000000000   6
389.70000000000000000000   4
389.80000000000000000000   4
389.90000000000000000000   10
390.00000000000000000000   7
390.10000000000000000000   6
390.20000000000000000000   2
390.30000000000000000000   1
390.40000000000000000000   5
390.50000000000000000000   5
390.60000000000000000000   4
390.70000000000000000000   5
390.80000000000000000000   5
390.90000000000000000000   4
391.00000000000000000000   6
391.10000000000000000000   10
391.20000000000000000000   8
391.30000000000000000000   10
391.40000000000000000000   3
391.50000000000000000000   4
391.60000000000000000000   10
391.70000000000000000000   9
391.80000000000000000000   9
391.90000000000000000000   2
392.00000000000000000000   0
392.10000000000000000000   5
392.20000000000000000000   1
392.30000000000000000000   2
392.40000000000000000000   5
392.50000000000000000000   2
392.60000000000000000000   1
392.70000000000000000000   2
392.80000000000000000000   9
392.90000000000000000000   6
393.00000000000000000000   10
393.10000000000000000000   8
393.20000000000000000000   10
393.30000000000000000000   10
393.40000000000000000000   11
393.50000000000000000000   11
393.60000000000000000000   11
393.70000000000000000000   11
393.80000000000000000000   12
393.90000000000000000000   9
394.00000000000000000000   8
394.10000000000000000000   8
394.20000000000000000000   8
394.30000000000000000000   8
394.40000000000000000000   8
394.50000000000000000000   9
394.60000000000000000000   9
394.70000000000000000000   8
394.80000000000000000000   7
394.90000000000000000000   7
395.00000000000000000000   7
395.10000000000000000000   7
395.20000000000000000000   8
395.30000000000000000000   12
395.40000000000000000000   11
395.50000000000000000000   14
395.60000000000000000000   14
395.70000000000000000000   13
395.80000000000000000000   11
395.90000000000000000000   14
396.00000000000000000000   13
396.10000000000000000000   19
396.20000000000000000000   15
396.30000000000000000000   11
396.40000000000000000000   12
396.50000000000000000000   16
396.60000000000000000000   15
396.70000000000000000000   16
396.80000000000000000000   16
396.90000000000000000000   15
397.00000000000000000000   14
397.10000000000000000000   16
397.20000000000000000000   15
397.30000000000000000000   14
397.40000000000000000000   14
397.50000000000000000000   16
397.60000000000000000000   16
397.70000000000000000000   16
397.80000000000000000000   17
397.90000000000000000000   19
398.00000000000000000000   20
398.10000000000000000000   17
398.20000000000000000000   19
398.30000000000000000000   16
398.40000000000000000000   18
398.50000000000000000000   16
398.60000000000000000000   20
398.70000000000000000000   23
398.80000000000000000000   19
398.90000000000000000000   17
399.00000000000000000000   19
399.10000000000000000000   19
399.20000000000000000000   15
399.30000000000000000000   16
399.40000000000000000000   17
399.50000000000000000000   12
399.60000000000000000000   15
399.70000000000000000000   16
