200.00000000000000000000   11
200.10000000000000000000   16
200.20000000000000000000   10
200.30000000000000000000   12
200.40000000000000000000   14
200.50000000000000000000   14
200.60000000000000000000   15
200.70000000000000000000   17
200.80000000000000000000   16
200.90000000000000000000   14
201.00000000000000000000   15
201.10000000000000000000   14
201.20000000000000000000   14
201.30000000000000000000   14
201.40000000000000000000   15
201.50000000000000000000   13
201.60000000000000000000   13
201.70000000000000000000   11
201.80000000000000000000   13
201.90000000000000000000   12
202.00000000000000000000   13
202.10000000000000000000   13
202.20000000000000000000   14
202.30000000000000000000   12
202.40000000000000000000   12
202.50000000000000000000   12
202.60000000000000000000   13
202.70000000000000000000   13
202.80000000000000000000   12
202.90000000000000000000   13
203.00000000000000000000   11
203.10000000000000000000   11
203.20000000000000000000   12
203.30000000000000000000   12
203.40000000000000000000   12
203.50000000000000000000   12
203.60000000000000000000   12
203.70000000000000000000   15
203.80000000000000000000   14
203.90000000000000000000   13
204.00000000000000000000   13
204.10000000000000000000   12
204.20000000000000000000   14
204.30000000000000000000   13
204.40000000000000000000   12
204.50000000000000000000   12
204.60000000000000000000   11
204.70000000000000000000   13
204.80000000000000000000   14
204.90000000000000000000   14
205.00000000000000000000   15
205.10000000000000000000   13
205.20000000000000000000   14
205.30000000000000000000   13
205.40000000000000000000   13
205.50000000000000000000   13
205.60000000000000000000   16
205.70000000000000000000   14
205.80000000000000000000   13
205.90000000000000000000   13
206.00000000000000000000   15
206.10000000000000000000   13
206.20000000000000000000   15
206.30000000000000000000   14
206.40000000000000000000   13
206.50000000000000000000   13
206.60000000000000000000   13
206.70000000000000000000   13
206.80000000000000000000   15
206.90000000000000000000   14
207.00000000000000000000   14
207.10000000000000000000   15
207.20000000000000000000   14
207.30000000000000000000   13
207.40000000000000000000   15
207.50000000000000000000   14
207.60000000000000000000   12
207.70000000000000000000   14
207.80000000000000000000   14
207.90000000000000000000   12
208.00000000000000000000   14
208.10000000000000000000   13
208.20000000000000000000   13
208.30000000000000000000   14
208.40000000000000000000   14
208.50000000000000000000   14
208.60000000000000000000   14
208.70000000000000000000   14
208.80000000000000000000   13
208.90000000000000000000   14
209.00000000000000000000   13
209.10000000000000000000   14
209.20000000000000000000   13
209.30000000000000000000   13
209.40000000000000000000   14
209.50000000000000000000   14
209.60000000000000000000   14
209.70000000000000000000   14
209.80000000000000000000   15
209.90000000000000000000   12
210.00000000000000000000   13
210.10000000000000000000   14
210.20000000000000000000   13
210.30000000000000000000   13
210.40000000000000000000   15
210.50000000000000000000   12
210.60000000000000000000   14
210.70000000000000000000   11
210.80000000000000000000   11
210.90000000000000000000   13
211.00000000000000000000   12
211.10000000000000000000   14
211.20000000000000000000   13
211.30000000000000000000   13
211.40000000000000000000   13
211.50000000000000000000   13
211.60000000000000000000   11
211.70000000000000000000   12
211.80000000000000000000   10
211.90000000000000000000   12
212.00000000000000000000   13
212.10000000000000000000   13
212.20000000000000000000   15
212.30000000000000000000   14
212.40000000000000000000   13
212.50000000000000000000   14
212.60000000000000000000   13
212.70000000000000000000   13
212.80000000000000000000   13
212.90000000000000000000   13
213.00000000000000000000   15
213.10000000000000000000   14
213.20000000000000000000   15
213.30000000000000000000   14
213.40000000000000000000   14
213.50000000000000000000   14
213.60000000000000000000   13
213.70000000000000000000   14
213.80000000000000000000   13
213.90000000000000000000   14
214.00000000000000000000   14
214.10000000000000000000   15
214.20000000000000000000   14
214.30000000000000000000   15
214.40000000000000000000   15
214.50000000000000000000   14
214.60000000000000000000   16
214.70000000000000000000   15
214.80000000000000000000   14
214.90000000000000000000   12
215.00000000000000000000   13
215.10000000000000000000   12
215.20000000000000000000   14
215.30000000000000000000   13
215.40000000000000000000   13
215.50000000000000000000   14
215.60000000000000000000   13
215.70000000000000000000   13
215.80000000000000000000   12
215.90000000000000000000   13
216.00000000000000000000   11
216.10000000000000000000   11
216.20000000000000000000   15
216.30000000000000000000   15
216.40000000000000000000   16
216.50000000000000000000   15
216.60000000000000000000   16
216.70000000000000000000   14
216.80000000000000000000   14
216.90000000000000000000   14
217.00000000000000000000   14
217.10000000000000000000   15
217.20000000000000000000   14
217.30000000000000000000   15
217.40000000000000000000   16
217.50000000000000000000   16
217.60000000000000000000   17
217.70000000000000000000   15
217.80000000000000000000   16
217.90000000000000000000   15
218.00000000000000000000   16
218.10000000000000000000   16
218.20000000000000000000   16
218.30000000000000000000   15
218.40000000000000000000   14
218.50000000000000000000   15
218.60000000000000000000   14
218.70000000000000000000   15
218.80000000000000000000   15
218.90000000000000000000   13
219.00000000000000000000   12
219.10000000000000000000   14
219.20000000000000000000   13
219.30000000000000000000   15
219.40000000000000000000   14
219.50000000000000000000   13
219.60000000000000000000   13
219.70000000000000000000   15
219.80000000000000000000   15
219.90000000000000000000   14
220.00000000000000000000   15
220.10000000000000000000   14
220.20000000000000000000   12
220.30000000000000000000   13
220.40000000000000000000   14
220.50000000000000000000   15
220.60000000000000000000   15
220.70000000000000000000   14
220.80000000000000000000   15
220.90000000000000000000   14
221.00000000000000000000   15
221.10000000000000000000   14
221.20000000000000000000   14
221.30000000000000000000   14
221.40000000000000000000   15
221.50000000000000000000   13
221.60000000000000000000   13
221.70000000000000000000   13
221.80000000000000000000   13
221.90000000000000000000   11
222.00000000000000000000   13
222.10000000000000000000   12
222.20000000000000000000   13
222.30000000000000000000   12
222.40000000000000000000   13
222.50000000000000000000   13
222.60000000000000000000   13
222.70000000000000000000   12
222.80000000000000000000   11
222.90000000000000000000   15
223.00000000000000000000   14
223.10000000000000000000   13
223.20000000000000000000   13
223.30000000000000000000   13
223.40000000000000000000   14
223.50000000000000000000   14
223.60000000000000000000   14
223.70000000000000000000   12
223.80000000000000000000   14
223.90000000000000000000   14
224.00000000000000000000   12
224.10000000000000000000   13
224.20000000000000000000   11
224.30000000000000000000   13
224.40000000000000000000   13
224.50000000000000000000   10
224.60000000000000000000   13
224.70000000000000000000   14
224.80000000000000000000   12
224.90000000000000000000   12
225.00000000000000000000   14
225.10000000000000000000   13
225.20000000000000000000   15
225.30000000000000000000   13
225.40000000000000000000   15
225.50000000000000000000   14
225.60000000000000000000   14
225.70000000000000000000   13
225.80000000000000000000   13
225.90000000000000000000   12
226.00000000000000000000   14
226.10000000000000000000   13
226.20000000000000000000   16
226.30000000000000000000   14
226.40000000000000000000   12
226.50000000000000000000   13
226.60000000000000000000   13
226.70000000000000000000   11
226.80000000000000000000   12
226.90000000000000000000   13
227.00000000000000000000   14
227.10000000000000000000   14
227.20000000000000000000   12
227.30000000000000000000   14
227.40000000000000000000   13
227.50000000000000000000   14
227.60000000000000000000   13
227.70000000000000000000   14
227.80000000000000000000   14
227.90000000000000000000   14
228.00000000000000000000   14
228.10000000000000000000   14
228.20000000000000000000   15
228.30000000000000000000   11
228.40000000000000000000   14
228.50000000000000000000   13
228.60000000000000000000   14
228.70000000000000000000   13
228.80000000000000000000   13
228.90000000000000000000   13
229.00000000000000000000   14
229.10000000000000000000   14
229.20000000000000000000   14
229.30000000000000000000   15
229.40000000000000000000   15
229.50000000000000000000   12
229.60000000000000000000   11
229.70000000000000000000   12
229.80000000000000000000   12
229.90000000000000000000   11
230.00000000000000000000   11
230.10000000000000000000   12
230.20000000000000000000   13
230.30000000000000000000   13
230.40000000000000000000   11
230.50000000000000000000   11
230.60000000000000000000   14
230.70000000000000000000   11
230.80000000000000000000   10
230.90000000000000000000   13
231.00000000000000000000   15
231.10000000000000000000   15
231.20000000000000000000   11
231.30000000000000000000   13
231.40000000000000000000   14
231.50000000000000000000   13
231.60000000000000000000   13
231.70000000000000000000   13
231.80000000000000000000   13
231.90000000000000000000   14
232.00000000000000000000   13
232.10000000000000000000   14
232.20000000000000000000   14
232.30000000000000000000   13
232.40000000000000000000   15
232.50000000000000000000   14
232.60000000000000000000   14
232.70000000000000000000   14
232.80000000000000000000   14
232.90000000000000000000   14
233.00000000000000000000   14
233.10000000000000000000   13
233.20000000000000000000   14
233.30000000000000000000   13
233.40000000000000000000   15
233.50000000000000000000   14
233.60000000000000000000   14
233.70000000000000000000   12
233.80000000000000000000   12
233.90000000000000000000   11
234.00000000000000000000   10
234.10000000000000000000   13
234.20000000000000000000   13
234.30000000000000000000   14
234.40000000000000000000   14
234.50000000000000000000   14
234.60000000000000000000   14
234.70000000000000000000   14
234.80000000000000000000   14
234.90000000000000000000   12
235.00000000000000000000   15
235.10000000000000000000   13
235.20000000000000000000   14
235.30000000000000000000   12
235.40000000000000000000   13
235.50000000000000000000   14
235.60000000000000000000   14
235.70000000000000000000   14
235.80000000000000000000   12
235.90000000000000000000   11
236.00000000000000000000   13
236.10000000000000000000   12
236.20000000000000000000   11
236.30000000000000000000   12
236.40000000000000000000   12
236.50000000000000000000   12
236.60000000000000000000   11
236.70000000000000000000   13
236.80000000000000000000   12
236.90000000000000000000   13
237.00000000000000000000   11
237.10000000000000000000   12
237.20000000000000000000   13
237.30000000000000000000   12
237.40000000000000000000   11
237.50000000000000000000   12
237.60000000000000000000   12
237.70000000000000000000   12
237.80000000000000000000   13
237.90000000000000000000   13
238.00000000000000000000   14
238.10000000000000000000   13
238.20000000000000000000   13
238.30000000000000000000   14
238.40000000000000000000   12
238.50000000000000000000   13
238.60000000000000000000   13
238.70000000000000000000   13
238.80000000000000000000   11
238.90000000000000000000   10
239.00000000000000000000   11
239.10000000000000000000   11
239.20000000000000000000   11
239.30000000000000000000   11
239.40000000000000000000   12
239.50000000000000000000   12
239.60000000000000000000   12
239.70000000000000000000   13
239.80000000000000000000   12
239.90000000000000000000   11
240.00000000000000000000   12
240.10000000000000000000   12
240.20000000000000000000   12
240.30000000000000000000   12
240.40000000000000000000   11
240.50000000000000000000   12
240.60000000000000000000   12
240.70000000000000000000   12
240.80000000000000000000   12
240.90000000000000000000   12
241.00000000000000000000   12
241.10000000000000000000   12
241.20000000000000000000   12
241.30000000000000000000   12
241.40000000000000000000   13
241.50000000000000000000   13
241.60000000000000000000   12
241.70000000000000000000   12
241.80000000000000000000   12
241.90000000000000000000   13
242.00000000000000000000   13
242.10000000000000000000   13
242.20000000000000000000   12
242.30000000000000000000   13
242.40000000000000000000   12
242.50000000000000000000   12
242.60000000000000000000   11
242.70000000000000000000   13
242.80000000000000000000   12
242.90000000000000000000   12
243.00000000000000000000   12
243.10000000000000000000   12
243.20000000000000000000   12
243.30000000000000000000   13
243.40000000000000000000   12
243.50000000000000000000   12
243.60000000000000000000   12
243.70000000000000000000   13
243.80000000000000000000   14
243.90000000000000000000   13
244.00000000000000000000   13
244.10000000000000000000   12
244.20000000000000000000   14
244.30000000000000000000   13
244.40000000000000000000   13
244.50000000000000000000   12
244.60000000000000000000   11
244.70000000000000000000   14
244.80000000000000000000   12
244.90000000000000000000   12
245.00000000000000000000   12
245.10000000000000000000   14
245.20000000000000000000   12
245.30000000000000000000   12
245.40000000000000000000   12
245.50000000000000000000   12
245.60000000000000000000   14
245.70000000000000000000   12
245.80000000000000000000   12
245.90000000000000000000   14
246.00000000000000000000   14
246.10000000000000000000   13
246.20000000000000000000   13
246.30000000000000000000   14
246.40000000000000000000   12
246.50000000000000000000   12
246.60000000000000000000   12
246.70000000000000000000   16
246.80000000000000000000   16
246.90000000000000000000   15
247.00000000000000000000   13
247.10000000000000000000   13
247.20000000000000000000   14
247.30000000000000000000   14
247.40000000000000000000   14
247.50000000000000000000   14
247.60000000000000000000   13
247.70000000000000000000   14
247.80000000000000000000   14
247.90000000000000000000   15
248.00000000000000000000   12
248.10000000000000000000   14
248.20000000000000000000   15
248.30000000000000000000   12
248.40000000000000000000   12
248.50000000000000000000   11
248.60000000000000000000   10
248.70000000000000000000   11
248.80000000000000000000   9
248.90000000000000000000   9
249.00000000000000000000   9
249.10000000000000000000   11
249.20000000000000000000   11
249.30000000000000000000   10
249.40000000000000000000   10
249.50000000000000000000   11
249.60000000000000000000   10
249.70000000000000000000   9
249.80000000000000000000   9
249.90000000000000000000   9
250.00000000000000000000   11
250.10000000000000000000   9
250.20000000000000000000   11
250.30000000000000000000   9
250.40000000000000000000   10
250.50000000000000000000   11
250.60000000000000000000   9
250.70000000000000000000   8
250.80000000000000000000   10
250.90000000000000000000   7
251.00000000000000000000   6
251.10000000000000000000   8
251.20000000000000000000   7
251.30000000000000000000   7
251.40000000000000000000   6
251.50000000000000000000   6
251.60000000000000000000   7
251.70000000000000000000   5
251.80000000000000000000   6
251.90000000000000000000   8
252.00000000000000000000   7
252.10000000000000000000   9
252.20000000000000000000   8
252.30000000000000000000   8
252.40000000000000000000   7
252.50000000000000000000   7
252.60000000000000000000   6
252.70000000000000000000   8
252.80000000000000000000   6
252.90000000000000000000   8
253.00000000000000000000   9
253.10000000000000000000   8
253.20000000000000000000   8
253.30000000000000000000   8
253.40000000000000000000   8
253.50000000000000000000   10
253.60000000000000000000   9
253.70000000000000000000   9
253.80000000000000000000   10
253.90000000000000000000   10
254.00000000000000000000   7
254.10000000000000000000   10
254.20000000000000000000   8
254.30000000000000000000   8
254.40000000000000000000   7
254.50000000000000000000   8
254.60000000000000000000   8
254.70000000000000000000   10
254.80000000000000000000   9
254.90000000000000000000   10
255.00000000000000000000   9
255.10000000000000000000   13
255.20000000000000000000   12
255.30000000000000000000   12
255.40000000000000000000   9
255.50000000000000000000   9
255.60000000000000000000   9
255.70000000000000000000   9
255.80000000000000000000   6
255.90000000000000000000   10
256.00000000000000000000   8
256.10000000000000000000   8
256.20000000000000000000   9
256.30000000000000000000   9
256.40000000000000000000   9
256.50000000000000000000   10
256.60000000000000000000   9
256.70000000000000000000   10
256.80000000000000000000   9
256.90000000000000000000   10
257.00000000000000000000   11
257.10000000000000000000   10
257.20000000000000000000   10
257.30000000000000000000   9
257.40000000000000000000   10
257.50000000000000000000   9
257.60000000000000000000   10
257.70000000000000000000   10
257.80000000000000000000   11
257.90000000000000000000   8
258.00000000000000000000   8
258.10000000000000000000   5
258.20000000000000000000   7
258.30000000000000000000   8
258.40000000000000000000   6
258.50000000000000000000   5
258.60000000000000000000   5
258.70000000000000000000   8
258.80000000000000000000   8
258.90000000000000000000   8
259.00000000000000000000   7
259.10000000000000000000   7
259.20000000000000000000   6
259.30000000000000000000   6
259.40000000000000000000   6
259.50000000000000000000   5
259.60000000000000000000   6
259.70000000000000000000   5
259.80000000000000000000   6
259.90000000000000000000   5
260.00000000000000000000   7
260.10000000000000000000   4
260.20000000000000000000   6
260.30000000000000000000   7
260.40000000000000000000   5
260.50000000000000000000   4
260.60000000000000000000   7
260.70000000000000000000   7
260.80000000000000000000   11
260.90000000000000000000   9
261.00000000000000000000   10
261.10000000000000000000   8
261.20000000000000000000   8
261.30000000000000000000   7
261.40000000000000000000   8
261.50000000000000000000   7
261.60000000000000000000   7
261.70000000000000000000   5
261.80000000000000000000   9
261.90000000000000000000   9
262.00000000000000000000   8
262.10000000000000000000   9
262.20000000000000000000   8
262.30000000000000000000   9
262.40000000000000000000   8
262.50000000000000000000   9
262.60000000000000000000   9
262.70000000000000000000   9
262.80000000000000000000   7
262.90000000000000000000   6
263.00000000000000000000   10
263.10000000000000000000   8
263.20000000000000000000   10
263.30000000000000000000   10
263.40000000000000000000   9
263.50000000000000000000   10
263.60000000000000000000   12
263.70000000000000000000   10
263.80000000000000000000   7
263.90000000000000000000   10
264.00000000000000000000   8
264.10000000000000000000   9
264.20000000000000000000   11
264.30000000000000000000   10
264.40000000000000000000   13
264.50000000000000000000   9
264.60000000000000000000   9
264.70000000000000000000   10
264.80000000000000000000   8
264.90000000000000000000   7
265.00000000000000000000   7
265.10000000000000000000   10
265.20000000000000000000   7
265.30000000000000000000   8
265.40000000000000000000   8
265.50000000000000000000   9
265.60000000000000000000   6
265.70000000000000000000   6
265.80000000000000000000   9
265.90000000000000000000   9
266.00000000000000000000   9
266.10000000000000000000   11
266.20000000000000000000   8
266.30000000000000000000   8
266.40000000000000000000   8
266.50000000000000000000   9
266.60000000000000000000   7
266.70000000000000000000   8
266.80000000000000000000   7
266.90000000000000000000   7
267.00000000000000000000   9
267.10000000000000000000   6
267.20000000000000000000   8
267.30000000000000000000   8
267.40000000000000000000   7
267.50000000000000000000   7
267.60000000000000000000   7
267.70000000000000000000   8
267.80000000000000000000   8
267.90000000000000000000   8
268.00000000000000000000   7
268.10000000000000000000   9
268.20000000000000000000   8
268.30000000000000000000   6
268.40000000000000000000   7
268.50000000000000000000   7
268.60000000000000000000   8
268.70000000000000000000   6
268.80000000000000000000   8
268.90000000000000000000   8
269.00000000000000000000   9
269.10000000000000000000   8
269.20000000000000000000   9
269.30000000000000000000   8
269.40000000000000000000   7
269.50000000000000000000   8
269.60000000000000000000   8
269.70000000000000000000   7
269.80000000000000000000   7
269.90000000000000000000   6
270.00000000000000000000   7
270.10000000000000000000   8
270.20000000000000000000   9
270.30000000000000000000   7
270.40000000000000000000   8
270.50000000000000000000   9
270.60000000000000000000   7
270.70000000000000000000   5
270.80000000000000000000   6
270.90000000000000000000   8
271.00000000000000000000   9
271.10000000000000000000   8
271.20000000000000000000   5
271.30000000000000000000   5
271.40000000000000000000   7
271.50000000000000000000   7
271.60000000000000000000   7
271.70000000000000000000   7
271.80000000000000000000   9
271.90000000000000000000   9
272.00000000000000000000   9
272.10000000000000000000   9
272.20000000000000000000   7
272.30000000000000000000   7
272.40000000000000000000   9
272.50000000000000000000   7
272.60000000000000000000   5
272.70000000000000000000   8
272.80000000000000000000   10
272.90000000000000000000   9
273.00000000000000000000   6
273.10000000000000000000   8
273.20000000000000000000   7
273.30000000000000000000   11
273.40000000000000000000   9
273.50000000000000000000   7
273.60000000000000000000   11
273.70000000000000000000   8
273.80000000000000000000   7
273.90000000000000000000   7
274.00000000000000000000   10
274.10000000000000000000   8
274.20000000000000000000   9
274.30000000000000000000   9
274.40000000000000000000   10
274.50000000000000000000   6
274.60000000000000000000   9
274.70000000000000000000   4
274.80000000000000000000   8
274.90000000000000000000   5
275.00000000000000000000   5
275.10000000000000000000   7
275.20000000000000000000   10
275.30000000000000000000   9
275.40000000000000000000   9
275.50000000000000000000   10
275.60000000000000000000   9
275.70000000000000000000   10
275.80000000000000000000   11
275.90000000000000000000   11
276.00000000000000000000   10
276.10000000000000000000   10
276.20000000000000000000   12
276.30000000000000000000   10
276.40000000000000000000   9
276.50000000000000000000   9
276.60000000000000000000   9
276.70000000000000000000   9
276.80000000000000000000   9
276.90000000000000000000   7
277.00000000000000000000   11
277.10000000000000000000   10
277.20000000000000000000   10
277.30000000000000000000   11
277.40000000000000000000   10
277.50000000000000000000   10
277.60000000000000000000   8
277.70000000000000000000   10
277.80000000000000000000   8
277.90000000000000000000   9
278.00000000000000000000   7
278.10000000000000000000   10
278.20000000000000000000   8
278.30000000000000000000   10
278.40000000000000000000   11
278.50000000000000000000   10
278.60000000000000000000   6
278.70000000000000000000   6
278.80000000000000000000   7
278.90000000000000000000   5
279.00000000000000000000   7
279.10000000000000000000   9
279.20000000000000000000   10
279.30000000000000000000   7
279.40000000000000000000   10
279.50000000000000000000   9
279.60000000000000000000   9
279.70000000000000000000   10
279.80000000000000000000   9
279.90000000000000000000   9
280.00000000000000000000   8
280.10000000000000000000   11
280.20000000000000000000   9
280.30000000000000000000   7
280.40000000000000000000   6
280.50000000000000000000   9
280.60000000000000000000   10
280.70000000000000000000   6
280.80000000000000000000   6
280.90000000000000000000   5
281.00000000000000000000   4
281.10000000000000000000   3
281.20000000000000000000   6
281.30000000000000000000   6
281.40000000000000000000   5
281.50000000000000000000   4
281.60000000000000000000   5
281.70000000000000000000   5
281.80000000000000000000   2
281.90000000000000000000   4
282.00000000000000000000   4
282.10000000000000000000   4
282.20000000000000000000   6
282.30000000000000000000   5
282.40000000000000000000   5
282.50000000000000000000   5
282.60000000000000000000   5
282.70000000000000000000   5
282.80000000000000000000   6
282.90000000000000000000   3
283.00000000000000000000   5
283.10000000000000000000   3
283.20000000000000000000   5
283.30000000000000000000   6
283.40000000000000000000   6
283.50000000000000000000   6
283.60000000000000000000   7
283.70000000000000000000   8
283.80000000000000000000   7
283.90000000000000000000   6
284.00000000000000000000   7
284.10000000000000000000   7
284.20000000000000000000   7
284.30000000000000000000   7
284.40000000000000000000   4
284.50000000000000000000   7
284.60000000000000000000   3
284.70000000000000000000   3
284.80000000000000000000   2
284.90000000000000000000   3
285.00000000000000000000   3
285.10000000000000000000   4
285.20000000000000000000   3
285.30000000000000000000   7
285.40000000000000000000   5
285.50000000000000000000   5
285.60000000000000000000   3
285.70000000000000000000   6
285.80000000000000000000   5
285.90000000000000000000   7
286.00000000000000000000   9
286.10000000000000000000   4
286.20000000000000000000   3
286.30000000000000000000   6
286.40000000000000000000   6
286.50000000000000000000   7
286.60000000000000000000   7
286.70000000000000000000   6
286.80000000000000000000   7
286.90000000000000000000   6
287.00000000000000000000   3
287.10000000000000000000   4
287.20000000000000000000   6
287.30000000000000000000   2
287.40000000000000000000   0
287.50000000000000000000   3
287.60000000000000000000   3
287.70000000000000000000   3
287.80000000000000000000   6
287.90000000000000000000   3
288.00000000000000000000   1
288.10000000000000000000   1
288.20000000000000000000   0
288.30000000000000000000   2
288.40000000000000000000   3
288.50000000000000000000   1
288.60000000000000000000   2
288.70000000000000000000   2
288.80000000000000000000   1
288.90000000000000000000   3
289.00000000000000000000   2
289.10000000000000000000   0
289.20000000000000000000   0
289.30000000000000000000   0
289.40000000000000000000   0
289.50000000000000000000   0
289.60000000000000000000   0
289.70000000000000000000   0
289.80000000000000000000   0
289.90000000000000000000   2
290.00000000000000000000   3
290.10000000000000000000   2
290.20000000000000000000   1
290.30000000000000000000   3
290.40000000000000000000   1
290.50000000000000000000   3
290.60000000000000000000   5
290.70000000000000000000   3
290.80000000000000000000   2
290.90000000000000000000   5
291.00000000000000000000   1
291.10000000000000000000   6
291.20000000000000000000   0
291.30000000000000000000   0
291.40000000000000000000   0
291.50000000000000000000   1
291.60000000000000000000   1
291.70000000000000000000   1
291.80000000000000000000   1
291.90000000000000000000   1
292.00000000000000000000   1
292.10000000000000000000   1
292.20000000000000000000   0
292.30000000000000000000   1
292.40000000000000000000   0
292.50000000000000000000   1
292.60000000000000000000   1
292.70000000000000000000   1
292.80000000000000000000   2
292.90000000000000000000   2
293.00000000000000000000   4
293.10000000000000000000   4
293.20000000000000000000   2
293.30000000000000000000   6
293.40000000000000000000   2
293.50000000000000000000   0
293.60000000000000000000   2
293.70000000000000000000   1
293.80000000000000000000   1
293.90000000000000000000   4
294.00000000000000000000   3
294.10000000000000000000   6
294.20000000000000000000   2
294.30000000000000000000   2
294.40000000000000000000   1
294.50000000000000000000   0
294.60000000000000000000   1
294.70000000000000000000   2
294.80000000000000000000   1
294.90000000000000000000   3
295.00000000000000000000   4
295.10000000000000000000   5
295.20000000000000000000   4
295.30000000000000000000   3
295.40000000000000000000   8
295.50000000000000000000   6
295.60000000000000000000   4
295.70000000000000000000   2
295.80000000000000000000   6
295.90000000000000000000   2
296.00000000000000000000   5
296.10000000000000000000   1
296.20000000000000000000   2
296.30000000000000000000   2
296.40000000000000000000   1
296.50000000000000000000   2
296.60000000000000000000   3
296.70000000000000000000   3
296.80000000000000000000   4
296.90000000000000000000   3
297.00000000000000000000   4
297.10000000000000000000   3
297.20000000000000000000   0
297.30000000000000000000   1
297.40000000000000000000   0
297.50000000000000000000   0
297.60000000000000000000   0
297.70000000000000000000   0
297.80000000000000000000   0
297.90000000000000000000   0
298.00000000000000000000   1
298.10000000000000000000   0
298.20000000000000000000   2
298.30000000000000000000   0
298.40000000000000000000   0
298.50000000000000000000   0
298.60000000000000000000   0
298.70000000000000000000   0
298.80000000000000000000   0
298.90000000000000000000   1
299.00000000000000000000   0
299.10000000000000000000   2
299.20000000000000000000   2
299.30000000000000000000   3
299.40000000000000000000   3
299.50000000000000000000   1
299.60000000000000000000   1
299.70000000000000000000   3
299.80000000000000000000   2
299.90000000000000000000   2
300.00000000000000000000   2
300.10000000000000000000   2
300.20000000000000000000   2
300.30000000000000000000   3
300.40000000000000000000   0
300.50000000000000000000   0
300.60000000000000000000   0
300.70000000000000000000   1
300.80000000000000000000   1
300.90000000000000000000   0
301.00000000000000000000   0
301.10000000000000000000   0
301.20000000000000000000   0
301.30000000000000000000   0
301.40000000000000000000   0
301.50000000000000000000   0
301.60000000000000000000   0
301.70000000000000000000   0
301.80000000000000000000   1
301.90000000000000000000   0
302.00000000000000000000   3
302.10000000000000000000   0
302.20000000000000000000   4
302.30000000000000000000   2
302.40000000000000000000   0
302.50000000000000000000   0
302.60000000000000000000   2
302.70000000000000000000   3
302.80000000000000000000   1
302.90000000000000000000   0
303.00000000000000000000   1
303.10000000000000000000   1
303.20000000000000000000   0
303.30000000000000000000   1
303.40000000000000000000   1
303.50000000000000000000   0
303.60000000000000000000   1
303.70000000000000000000   0
303.80000000000000000000   0
303.90000000000000000000   1
304.00000000000000000000   0
304.10000000000000000000   2
304.20000000000000000000   2
304.30000000000000000000   1
304.40000000000000000000   2
304.50000000000000000000   1
304.60000000000000000000   0
304.70000000000000000000   0
304.80000000000000000000   0
304.90000000000000000000   1
305.00000000000000000000   0
305.10000000000000000000   0
305.20000000000000000000   1
305.30000000000000000000   0
305.40000000000000000000   0
305.50000000000000000000   3
305.60000000000000000000   2
305.70000000000000000000   0
305.80000000000000000000   2
305.90000000000000000000   2
306.00000000000000000000   0
306.10000000000000000000   0
306.20000000000000000000   0
306.30000000000000000000   2
306.40000000000000000000   0
306.50000000000000000000   0
306.60000000000000000000   1
306.70000000000000000000   2
306.80000000000000000000   3
306.90000000000000000000   2
307.00000000000000000000   2
307.10000000000000000000   4
307.20000000000000000000   1
307.30000000000000000000   4
307.40000000000000000000   4
307.50000000000000000000   5
307.60000000000000000000   2
307.70000000000000000000   2
307.80000000000000000000   4
307.90000000000000000000   3
308.00000000000000000000   3
308.10000000000000000000   3
308.20000000000000000000   2
308.30000000000000000000   2
308.40000000000000000000   4
308.50000000000000000000   3
308.60000000000000000000   3
308.70000000000000000000   3
308.80000000000000000000   2
308.90000000000000000000   3
309.00000000000000000000   2
309.10000000000000000000   3
309.20000000000000000000   4
309.30000000000000000000   3
309.40000000000000000000   3
309.50000000000000000000   3
309.60000000000000000000   0
309.70000000000000000000   3
309.80000000000000000000   3
309.90000000000000000000   5
310.00000000000000000000   5
310.10000000000000000000   5
310.20000000000000000000   6
310.30000000000000000000   4
310.40000000000000000000   4
310.50000000000000000000   5
310.60000000000000000000   3
310.70000000000000000000   1
310.80000000000000000000   1
310.90000000000000000000   1
311.00000000000000000000   2
311.10000000000000000000   2
311.20000000000000000000   4
311.30000000000000000000   4
311.40000000000000000000   4
311.50000000000000000000   3
311.60000000000000000000   3
311.70000000000000000000   2
311.80000000000000000000   4
311.90000000000000000000   2
312.00000000000000000000   4
312.10000000000000000000   4
312.20000000000000000000   4
312.30000000000000000000   1
312.40000000000000000000   3
312.50000000000000000000   3
312.60000000000000000000   4
312.70000000000000000000   4
312.80000000000000000000   2
312.90000000000000000000   3
313.00000000000000000000   3
313.10000000000000000000   4
313.20000000000000000000   3
313.30000000000000000000   5
313.40000000000000000000   6
313.50000000000000000000   7
313.60000000000000000000   5
313.70000000000000000000   4
313.80000000000000000000   1
313.90000000000000000000   1
314.00000000000000000000   2
314.10000000000000000000   1
314.20000000000000000000   1
314.30000000000000000000   1
314.40000000000000000000   1
314.50000000000000000000   0
314.60000000000000000000   1
314.70000000000000000000   1
314.80000000000000000000   1
314.90000000000000000000   3
315.00000000000000000000   2
315.10000000000000000000   1
315.20000000000000000000   1
315.30000000000000000000   6
315.40000000000000000000   0
315.50000000000000000000   0
315.60000000000000000000   1
315.70000000000000000000   1
315.80000000000000000000   1
315.90000000000000000000   3
316.00000000000000000000   3
316.10000000000000000000   1
316.20000000000000000000   3
316.30000000000000000000   0
316.40000000000000000000   1
316.50000000000000000000   0
316.60000000000000000000   0
316.70000000000000000000   0
316.80000000000000000000   0
316.90000000000000000000   1
317.00000000000000000000   1
317.10000000000000000000   0
317.20000000000000000000   1
317.30000000000000000000   0
317.40000000000000000000   1
317.50000000000000000000   0
317.60000000000000000000   0
317.70000000000000000000   0
317.80000000000000000000   0
317.90000000000000000000   0
318.00000000000000000000   1
318.10000000000000000000   1
318.20000000000000000000   1
318.30000000000000000000   0
318.40000000000000000000   0
318.50000000000000000000   0
318.60000000000000000000   0
318.70000000000000000000   0
318.80000000000000000000   0
318.90000000000000000000   0
319.00000000000000000000   0
319.10000000000000000000   1
319.20000000000000000000   1
319.30000000000000000000   1
319.40000000000000000000   0
319.50000000000000000000   0
319.60000000000000000000   0
319.70000000000000000000   0
319.80000000000000000000   2
319.90000000000000000000   1
320.00000000000000000000   1
320.10000000000000000000   1
320.20000000000000000000   1
320.30000000000000000000   1
320.40000000000000000000   4
320.50000000000000000000   2
320.60000000000000000000   4
320.70000000000000000000   4
320.80000000000000000000   4
320.90000000000000000000   2
321.00000000000000000000   4
321.10000000000000000000   3
321.20000000000000000000   4
321.30000000000000000000   3
321.40000000000000000000   4
321.50000000000000000000   4
321.60000000000000000000   4
321.70000000000000000000   5
321.80000000000000000000   3
321.90000000000000000000   3
322.00000000000000000000   3
322.10000000000000000000   4
322.20000000000000000000   4
322.30000000000000000000   3
322.40000000000000000000   4
322.50000000000000000000   3
322.60000000000000000000   6
322.70000000000000000000   2
322.80000000000000000000   2
322.90000000000000000000   3
323.00000000000000000000   7
323.10000000000000000000   6
323.20000000000000000000   7
323.30000000000000000000   1
323.40000000000000000000   2
323.50000000000000000000   5
323.60000000000000000000   2
323.70000000000000000000   2
323.80000000000000000000   7
323.90000000000000000000   4
324.00000000000000000000   7
324.10000000000000000000   6
324.20000000000000000000   6
324.30000000000000000000   5
324.40000000000000000000   6
324.50000000000000000000   7
324.60000000000000000000   7
324.70000000000000000000   5
324.80000000000000000000   3
324.90000000000000000000   6
325.00000000000000000000   5
325.10000000000000000000   5
325.20000000000000000000   5
325.30000000000000000000   5
325.40000000000000000000   5
325.50000000000000000000   5
325.60000000000000000000   7
325.70000000000000000000   6
325.80000000000000000000   5
325.90000000000000000000   5
326.00000000000000000000   4
326.10000000000000000000   6
326.20000000000000000000   5
326.30000000000000000000   5
326.40000000000000000000   4
326.50000000000000000000   8
326.60000000000000000000   5
326.70000000000000000000   6
326.80000000000000000000   7
326.90000000000000000000   6
327.00000000000000000000   6
327.10000000000000000000   8
327.20000000000000000000   7
327.30000000000000000000   7
327.40000000000000000000   3
327.50000000000000000000   1
327.60000000000000000000   4
327.70000000000000000000   5
327.80000000000000000000   7
327.90000000000000000000   7
328.00000000000000000000   5
328.10000000000000000000   6
328.20000000000000000000   5
328.30000000000000000000   5
328.40000000000000000000   5
328.50000000000000000000   7
328.60000000000000000000   7
328.70000000000000000000   5
328.80000000000000000000   4
328.90000000000000000000   4
329.00000000000000000000   6
329.10000000000000000000   6
329.20000000000000000000   4
329.30000000000000000000   3
329.40000000000000000000   3
329.50000000000000000000   3
329.60000000000000000000   6
329.70000000000000000000   4
329.80000000000000000000   4
329.90000000000000000000   7
330.00000000000000000000   4
330.10000000000000000000   3
330.20000000000000000000   3
330.30000000000000000000   2
330.40000000000000000000   5
330.50000000000000000000   4
330.60000000000000000000   5
330.70000000000000000000   6
330.80000000000000000000   7
330.90000000000000000000   6
331.00000000000000000000   6
331.10000000000000000000   6
331.20000000000000000000   6
331.30000000000000000000   7
331.40000000000000000000   5
331.50000000000000000000   2
331.60000000000000000000   3
331.70000000000000000000   3
331.80000000000000000000   5
331.90000000000000000000   6
332.00000000000000000000   4
332.10000000000000000000   4
332.20000000000000000000   6
332.30000000000000000000   7
332.40000000000000000000   5
332.50000000000000000000   1
332.60000000000000000000   5
332.70000000000000000000   2
332.80000000000000000000   5
332.90000000000000000000   4
333.00000000000000000000   6
333.10000000000000000000   5
333.20000000000000000000   4
333.30000000000000000000   6
333.40000000000000000000   7
333.50000000000000000000   7
333.60000000000000000000   8
333.70000000000000000000   11
333.80000000000000000000   10
333.90000000000000000000   9
334.00000000000000000000   9
334.10000000000000000000   9
334.20000000000000000000   9
334.30000000000000000000   9
334.40000000000000000000   9
334.50000000000000000000   9
334.60000000000000000000   9
334.70000000000000000000   9
334.80000000000000000000   9
334.90000000000000000000   9
335.00000000000000000000   8
335.10000000000000000000   8
335.20000000000000000000   8
335.30000000000000000000   11
335.40000000000000000000   7
335.50000000000000000000   9
335.60000000000000000000   9
335.70000000000000000000   10
335.80000000000000000000   11
335.90000000000000000000   9
336.00000000000000000000   8
336.10000000000000000000   10
336.20000000000000000000   9
336.30000000000000000000   7
336.40000000000000000000   7
336.50000000000000000000   7
336.60000000000000000000   7
336.70000000000000000000   6
336.80000000000000000000   7
336.90000000000000000000   5
337.00000000000000000000   4
337.10000000000000000000   10
337.20000000000000000000   6
337.30000000000000000000   7
337.40000000000000000000   11
337.50000000000000000000   6
337.60000000000000000000   9
337.70000000000000000000   9
337.80000000000000000000   9
337.90000000000000000000   10
338.00000000000000000000   7
338.10000000000000000000   6
338.20000000000000000000   7
338.30000000000000000000   8
338.40000000000000000000   6
338.50000000000000000000   8
338.60000000000000000000   7
338.70000000000000000000   5
338.80000000000000000000   8
338.90000000000000000000   8
339.00000000000000000000   7
339.10000000000000000000   7
339.20000000000000000000   9
339.30000000000000000000   11
339.40000000000000000000   9
339.50000000000000000000   11
339.60000000000000000000   12
339.70000000000000000000   10
339.80000000000000000000   10
339.90000000000000000000   9
340.00000000000000000000   10
340.10000000000000000000   8
340.20000000000000000000   8
340.30000000000000000000   8
340.40000000000000000000   11
340.50000000000000000000   11
340.60000000000000000000   10
340.70000000000000000000   11
340.80000000000000000000   9
340.90000000000000000000   9
341.00000000000000000000   8
341.10000000000000000000   11
341.20000000000000000000   12
341.30000000000000000000   10
341.40000000000000000000   9
341.50000000000000000000   10
341.60000000000000000000   11
341.70000000000000000000   9
341.80000000000000000000   9
341.90000000000000000000   9
342.00000000000000000000   10
342.10000000000000000000   10
342.20000000000000000000   9
342.30000000000000000000   9
342.40000000000000000000   9
342.50000000000000000000   10
342.60000000000000000000   9
342.70000000000000000000   10
342.80000000000000000000   11
342.90000000000000000000   11
343.00000000000000000000   10
343.10000000000000000000   9
343.20000000000000000000   12
343.30000000000000000000   12
343.40000000000000000000   12
343.50000000000000000000   11
343.60000000000000000000   11
343.70000000000000000000   11
343.80000000000000000000   10
343.90000000000000000000   9
344.00000000000000000000   11
344.10000000000000000000   11
344.20000000000000000000   11
344.30000000000000000000   13
344.40000000000000000000   13
344.50000000000000000000   9
344.60000000000000000000   10
344.70000000000000000000   11
344.80000000000000000000   10
344.90000000000000000000   9
345.00000000000000000000   11
345.10000000000000000000   11
345.20000000000000000000   11
345.30000000000000000000   13
345.40000000000000000000   10
345.50000000000000000000   11
345.60000000000000000000   7
345.70000000000000000000   9
345.80000000000000000000   9
345.90000000000000000000   9
346.00000000000000000000   9
346.10000000000000000000   11
346.20000000000000000000   12
346.30000000000000000000   8
346.40000000000000000000   10
346.50000000000000000000   9
346.60000000000000000000   9
346.70000000000000000000   8
346.80000000000000000000   9
346.90000000000000000000   8
347.00000000000000000000   9
347.10000000000000000000   8
347.20000000000000000000   8
347.30000000000000000000   9
347.40000000000000000000   10
347.50000000000000000000   9
347.60000000000000000000   8
347.70000000000000000000   10
347.80000000000000000000   10
347.90000000000000000000   9
348.00000000000000000000   9
348.10000000000000000000   10
348.20000000000000000000   9
348.30000000000000000000   9
348.40000000000000000000   9
348.50000000000000000000   10
348.60000000000000000000   10
348.70000000000000000000   10
348.80000000000000000000   9
348.90000000000000000000   10
349.00000000000000000000   10
349.10000000000000000000   11
349.20000000000000000000   9
349.30000000000000000000   10
349.40000000000000000000   9
349.50000000000000000000   9
349.60000000000000000000   9
349.70000000000000000000   10
349.80000000000000000000   9
349.90000000000000000000   10
350.00000000000000000000   10
350.10000000000000000000   8
350.20000000000000000000   8
350.30000000000000000000   10
350.40000000000000000000   9
350.50000000000000000000   10
350.60000000000000000000   9
350.70000000000000000000   12
350.80000000000000000000   10
350.90000000000000000000   10
351.00000000000000000000   10
351.10000000000000000000   9
351.20000000000000000000   7
351.30000000000000000000   7
351.40000000000000000000   8
351.50000000000000000000   7
351.60000000000000000000   7
351.70000000000000000000   6
351.80000000000000000000   6
351.90000000000000000000   6
352.00000000000000000000   6
352.10000000000000000000   6
352.20000000000000000000   10
352.30000000000000000000   11
352.40000000000000000000   10
352.50000000000000000000   9
352.60000000000000000000   8
352.70000000000000000000   10
352.80000000000000000000   11
352.90000000000000000000   8
353.00000000000000000000   7
353.10000000000000000000   9
353.20000000000000000000   10
353.30000000000000000000   7
353.40000000000000000000   10
353.50000000000000000000   9
353.60000000000000000000   9
353.70000000000000000000   7
353.80000000000000000000   8
353.90000000000000000000   12
354.00000000000000000000   9
354.10000000000000000000   7
354.20000000000000000000   11
354.30000000000000000000   12
354.40000000000000000000   10
354.50000000000000000000   10
354.60000000000000000000   8
354.70000000000000000000   9
354.80000000000000000000   9
354.90000000000000000000   11
355.00000000000000000000   9
355.10000000000000000000   13
355.20000000000000000000   10
355.30000000000000000000   10
355.40000000000000000000   15
355.50000000000000000000   14
355.60000000000000000000   14
355.70000000000000000000   12
355.80000000000000000000   15
355.90000000000000000000   15
356.00000000000000000000   15
356.10000000000000000000   17
356.20000000000000000000   16
356.30000000000000000000   14
356.40000000000000000000   15
356.50000000000000000000   16
356.60000000000000000000   15
356.70000000000000000000   16
356.80000000000000000000   16
356.90000000000000000000   13
357.00000000000000000000   12
357.10000000000000000000   11
357.20000000000000000000   13
357.30000000000000000000   12
357.40000000000000000000   12
357.50000000000000000000   13
357.60000000000000000000   12
357.70000000000000000000   13
357.80000000000000000000   12
357.90000000000000000000   13
358.00000000000000000000   12
358.10000000000000000000   13
358.20000000000000000000   14
358.30000000000000000000   13
358.40000000000000000000   12
358.50000000000000000000   11
358.60000000000000000000   12
358.70000000000000000000   11
358.80000000000000000000   8
358.90000000000000000000   10
359.00000000000000000000   11
359.10000000000000000000   13
359.20000000000000000000   12
359.30000000000000000000   12
359.40000000000000000000   11
359.50000000000000000000   12
359.60000000000000000000   12
359.70000000000000000000   11
359.80000000000000000000   13
359.90000000000000000000   11
360.00000000000000000000   14
360.10000000000000000000   11
360.20000000000000000000   9
360.30000000000000000000   12
360.40000000000000000000   10
360.50000000000000000000   10
360.60000000000000000000   9
360.70000000000000000000   12
360.80000000000000000000   11
360.90000000000000000000   12
361.00000000000000000000   12
361.10000000000000000000   12
361.20000000000000000000   12
361.30000000000000000000   14
361.40000000000000000000   11
361.50000000000000000000   12
361.60000000000000000000   11
361.70000000000000000000   12
361.80000000000000000000   12
361.90000000000000000000   13
362.00000000000000000000   14
362.10000000000000000000   12
362.20000000000000000000   10
362.30000000000000000000   12
362.40000000000000000000   10
362.50000000000000000000   11
362.60000000000000000000   12
362.70000000000000000000   13
362.80000000000000000000   12
362.90000000000000000000   12
363.00000000000000000000   10
363.10000000000000000000   11
363.20000000000000000000   11
363.30000000000000000000   11
363.40000000000000000000   8
363.50000000000000000000   10
363.60000000000000000000   13
363.70000000000000000000   8
363.80000000000000000000   11
363.90000000000000000000   12
364.00000000000000000000   10
364.10000000000000000000   11
364.20000000000000000000   10
364.30000000000000000000   11
364.40000000000000000000   12
364.50000000000000000000   14
364.60000000000000000000   11
364.70000000000000000000   11
364.80000000000000000000   12
364.90000000000000000000   12
365.00000000000000000000   10
365.10000000000000000000   12
365.20000000000000000000   12
365.30000000000000000000   11
365.40000000000000000000   14
365.50000000000000000000   12
365.60000000000000000000   12
365.70000000000000000000   10
365.80000000000000000000   10
365.90000000000000000000   13
366.00000000000000000000   11
366.10000000000000000000   13
366.20000000000000000000   10
366.30000000000000000000   13
366.40000000000000000000   10
366.50000000000000000000   11
366.60000000000000000000   9
366.70000000000000000000   10
366.80000000000000000000   7
366.90000000000000000000   9
367.00000000000000000000   8
367.10000000000000000000   15
367.20000000000000000000   12
367.30000000000000000000   8
367.40000000000000000000   12
367.50000000000000000000   10
367.60000000000000000000   11
367.70000000000000000000   12
367.80000000000000000000   8
367.90000000000000000000   9
368.00000000000000000000   13
368.10000000000000000000   15
368.20000000000000000000   14
368.30000000000000000000   15
368.40000000000000000000   11
368.50000000000000000000   13
368.60000000000000000000   10
368.70000000000000000000   10
368.80000000000000000000   10
368.90000000000000000000   11
369.00000000000000000000   10
369.10000000000000000000   13
369.20000000000000000000   14
369.30000000000000000000   15
369.40000000000000000000   13
369.50000000000000000000   10
369.60000000000000000000   15
369.70000000000000000000   7
369.80000000000000000000   11
369.90000000000000000000   10
370.00000000000000000000   10
370.10000000000000000000   11
370.20000000000000000000   11
370.30000000000000000000   10
370.40000000000000000000   10
370.50000000000000000000   10
370.60000000000000000000   9
370.70000000000000000000   11
370.80000000000000000000   11
370.90000000000000000000   11
371.00000000000000000000   11
371.10000000000000000000   12
371.20000000000000000000   10
371.30000000000000000000   12
371.40000000000000000000   11
371.50000000000000000000   10
371.60000000000000000000   11
371.70000000000000000000   11
371.80000000000000000000   11
371.90000000000000000000   10
372.00000000000000000000   11
372.10000000000000000000   12
372.20000000000000000000   10
372.30000000000000000000   10
372.40000000000000000000   11
372.50000000000000000000   11
372.60000000000000000000   12
372.70000000000000000000   12
372.80000000000000000000   11
372.90000000000000000000   12
373.00000000000000000000   14
373.10000000000000000000   11
373.20000000000000000000   13
373.30000000000000000000   15
373.40000000000000000000   12
373.50000000000000000000   14
373.60000000000000000000   14
373.70000000000000000000   13
373.80000000000000000000   12
373.90000000000000000000   11
374.00000000000000000000   13
374.10000000000000000000   10
374.20000000000000000000   10
374.30000000000000000000   15
374.40000000000000000000   12
374.50000000000000000000   12
374.60000000000000000000   11
374.70000000000000000000   11
374.80000000000000000000   11
374.90000000000000000000   12
375.00000000000000000000   10
375.10000000000000000000   12
375.20000000000000000000   10
375.30000000000000000000   10
375.40000000000000000000   11
375.50000000000000000000   10
375.60000000000000000000   9
375.70000000000000000000   11
375.80000000000000000000   12
375.90000000000000000000   12
376.00000000000000000000   13
376.10000000000000000000   12
376.20000000000000000000   10
376.30000000000000000000   12
376.40000000000000000000   11
376.50000000000000000000   10
376.60000000000000000000   10
376.70000000000000000000   7
376.80000000000000000000   10
376.90000000000000000000   10
377.00000000000000000000   10
377.10000000000000000000   12
377.20000000000000000000   13
377.30000000000000000000   13
377.40000000000000000000   14
377.50000000000000000000   15
377.60000000000000000000   9
377.70000000000000000000   14
377.80000000000000000000   14
377.90000000000000000000   14
378.00000000000000000000   13
378.10000000000000000000   15
378.20000000000000000000   17
378.30000000000000000000   11
378.40000000000000000000   14
378.50000000000000000000   11
378.60000000000000000000   11
378.70000000000000000000   15
378.80000000000000000000   11
378.90000000000000000000   15
379.00000000000000000000   13
379.10000000000000000000   13
379.20000000000000000000   13
379.30000000000000000000   11
379.40000000000000000000   11
379.50000000000000000000   16
379.60000000000000000000   9
379.70000000000000000000   8
379.80000000000000000000   10
379.90000000000000000000   12
380.00000000000000000000   12
380.10000000000000000000   14
380.20000000000000000000   16
380.30000000000000000000   15
380.40000000000000000000   14
380.50000000000000000000   11
380.60000000000000000000   15
380.70000000000000000000   17
380.80000000000000000000   16
380.90000000000000000000   13
381.00000000000000000000   16
381.10000000000000000000   12
381.20000000000000000000   12
381.30000000000000000000   10
381.40000000000000000000   14
381.50000000000000000000   13
381.60000000000000000000   13
381.70000000000000000000   14
381.80000000000000000000   15
381.90000000000000000000   12
382.00000000000000000000   7
382.10000000000000000000   11
382.20000000000000000000   13
382.30000000000000000000   11
382.40000000000000000000   13
382.50000000000000000000   11
382.60000000000000000000   10
382.70000000000000000000   13
382.80000000000000000000   13
382.90000000000000000000   10
383.00000000000000000000   11
383.10000000000000000000   14
383.20000000000000000000   16
383.30000000000000000000   16
383.40000000000000000000   13
383.50000000000000000000   11
383.60000000000000000000   9
383.70000000000000000000   11
383.80000000000000000000   11
383.90000000000000000000   12
384.00000000000000000000   10
384.10000000000000000000   11
384.20000000000000000000   11
384.30000000000000000000   10
384.40000000000000000000   8
384.50000000000000000000   9
384.60000000000000000000   8
384.70000000000000000000   8
384.80000000000000000000   9
384.90000000000000000000   10
385.00000000000000000000   8
385.10000000000000000000   8
385.20000000000000000000   7
385.30000000000000000000   8
385.40000000000000000000   9
385.50000000000000000000   7
385.60000000000000000000   9
385.70000000000000000000   8
385.80000000000000000000   11
385.90000000000000000000   9
386.00000000000000000000   11
386.10000000000000000000   10
386.20000000000000000000   11
386.30000000000000000000   10
386.40000000000000000000   11
386.50000000000000000000   8
386.60000000000000000000   8
386.70000000000000000000   10
386.80000000000000000000   12
386.90000000000000000000   12
387.00000000000000000000   11
387.10000000000000000000   11
387.20000000000000000000   9
387.30000000000000000000   9
387.40000000000000000000   9
387.50000000000000000000   9
387.60000000000000000000   10
387.70000000000000000000   9
387.80000000000000000000   10
387.90000000000000000000   10
388.00000000000000000000   9
388.10000000000000000000   10
388.20000000000000000000   10
388.30000000000000000000   12
388.40000000000000000000   12
388.50000000000000000000   11
388.60000000000000000000   11
388.70000000000000000000   11
388.80000000000000000000   12
388.90000000000000000000   11
389.00000000000000000000   13
389.10000000000000000000   9
389.20000000000000000000   8
389.30000000000000000000   9
389.40000000000000000000   10
389.50000000000000000000   11
389.60000000000000000000   12
389.70000000000000000000   11
389.80000000000000000000   11
389.90000000000000000000   11
390.00000000000000000000   7
390.10000000000000000000   14
390.20000000000000000000   11
390.30000000000000000000   10
390.40000000000000000000   13
390.50000000000000000000   11
390.60000000000000000000   12
390.70000000000000000000   10
390.80000000000000000000   8
390.90000000000000000000   12
391.00000000000000000000   12
391.10000000000000000000   13
391.20000000000000000000   13
391.30000000000000000000   12
391.40000000000000000000   12
391.50000000000000000000   12
391.60000000000000000000   9
391.70000000000000000000   10
391.80000000000000000000   10
391.90000000000000000000   11
392.00000000000000000000   9
392.10000000000000000000   10
392.20000000000000000000   13
392.30000000000000000000   11
392.40000000000000000000   11
392.50000000000000000000   11
392.60000000000000000000   9
392.70000000000000000000   10
392.80000000000000000000   9
392.90000000000000000000   9
393.00000000000000000000   9
393.10000000000000000000   8
393.20000000000000000000   10
393.30000000000000000000   9
393.40000000000000000000   8
393.50000000000000000000   10
393.60000000000000000000   9
393.70000000000000000000   10
393.80000000000000000000   8
393.90000000000000000000   9
394.00000000000000000000   12
394.10000000000000000000   9
394.20000000000000000000   8
394.30000000000000000000   9
394.40000000000000000000   8
394.50000000000000000000   11
394.60000000000000000000   7
394.70000000000000000000   10
394.80000000000000000000   10
394.90000000000000000000   12
395.00000000000000000000   12
395.10000000000000000000   11
395.20000000000000000000   13
395.30000000000000000000   10
395.40000000000000000000   11
395.50000000000000000000   10
395.60000000000000000000   11
395.70000000000000000000   11
395.80000000000000000000   12
395.90000000000000000000   11
396.00000000000000000000   12
396.10000000000000000000   12
396.20000000000000000000   11
396.30000000000000000000   10
396.40000000000000000000   12
396.50000000000000000000   10
396.60000000000000000000   9
396.70000000000000000000   12
396.80000000000000000000   11
396.90000000000000000000   9
397.00000000000000000000   10
397.10000000000000000000   10
397.20000000000000000000   10
397.30000000000000000000   11
397.40000000000000000000   10
397.50000000000000000000   11
397.60000000000000000000   11
397.70000000000000000000   10
397.80000000000000000000   9
397.90000000000000000000   10
398.00000000000000000000   11
398.10000000000000000000   12
398.20000000000000000000   13
398.30000000000000000000   13
398.40000000000000000000   12
398.50000000000000000000   12
398.60000000000000000000   13
398.70000000000000000000   13
398.80000000000000000000   13
398.90000000000000000000   13
399.00000000000000000000   13
399.10000000000000000000   13
399.20000000000000000000   13
399.30000000000000000000   13
399.40000000000000000000   13
399.50000000000000000000   13
399.60000000000000000000   13
399.70000000000000000000   13
