200.00000000000000000000   7
200.10000000000000000000   8
200.20000000000000000000   4
200.30000000000000000000   8
200.40000000000000000000   7
200.50000000000000000000   8
200.60000000000000000000   8
200.70000000000000000000   9
200.80000000000000000000   11
200.90000000000000000000   8
201.00000000000000000000   7
201.10000000000000000000   8
201.20000000000000000000   8
201.30000000000000000000   8
201.40000000000000000000   7
201.50000000000000000000   7
201.60000000000000000000   8
201.70000000000000000000   6
201.80000000000000000000   4
201.90000000000000000000   7
202.00000000000000000000   6
202.10000000000000000000   8
202.20000000000000000000   7
202.30000000000000000000   7
202.40000000000000000000   10
202.50000000000000000000   7
202.60000000000000000000   11
202.70000000000000000000   10
202.80000000000000000000   5
202.90000000000000000000   11
203.00000000000000000000   11
203.10000000000000000000   7
203.20000000000000000000   7
203.30000000000000000000   9
203.40000000000000000000   7
203.50000000000000000000   10
203.60000000000000000000   9
203.70000000000000000000   5
203.80000000000000000000   6
203.90000000000000000000   8
204.00000000000000000000   4
204.10000000000000000000   4
204.20000000000000000000   7
204.30000000000000000000   8
204.40000000000000000000   4
204.50000000000000000000   8
204.60000000000000000000   5
204.70000000000000000000   3
204.80000000000000000000   4
204.90000000000000000000   6
205.00000000000000000000   7
205.10000000000000000000   9
205.20000000000000000000   8
205.30000000000000000000   8
205.40000000000000000000   6
205.50000000000000000000   6
205.60000000000000000000   5
205.70000000000000000000   4
205.80000000000000000000   4
205.90000000000000000000   1
206.00000000000000000000   0
206.10000000000000000000   2
206.20000000000000000000   2
206.30000000000000000000   6
206.40000000000000000000   2
206.50000000000000000000   0
206.60000000000000000000   3
206.70000000000000000000   5
206.80000000000000000000   6
206.90000000000000000000   8
207.00000000000000000000   6
207.10000000000000000000   6
207.20000000000000000000   5
207.30000000000000000000   8
207.40000000000000000000   7
207.50000000000000000000   7
207.60000000000000000000   3
207.70000000000000000000   3
207.80000000000000000000   4
207.90000000000000000000   9
208.00000000000000000000   1
208.10000000000000000000   4
208.20000000000000000000   2
208.30000000000000000000   4
208.40000000000000000000   7
208.50000000000000000000   10
208.60000000000000000000   7
208.70000000000000000000   4
208.80000000000000000000   3
208.90000000000000000000   8
209.00000000000000000000   6
209.10000000000000000000   8
209.20000000000000000000   10
209.30000000000000000000   5
209.40000000000000000000   0
209.50000000000000000000   2
209.60000000000000000000   1
209.70000000000000000000   0
209.80000000000000000000   0
209.90000000000000000000   1
210.00000000000000000000   0
210.10000000000000000000   1
210.20000000000000000000   2
210.30000000000000000000   3
210.40000000000000000000   1
210.50000000000000000000   0
210.60000000000000000000   0
210.70000000000000000000   8
210.80000000000000000000   8
210.90000000000000000000   4
211.00000000000000000000   5
211.10000000000000000000   4
211.20000000000000000000   3
211.30000000000000000000   6
211.40000000000000000000   3
211.50000000000000000000   6
211.60000000000000000000   3
211.70000000000000000000   4
211.80000000000000000000   2
211.90000000000000000000   3
212.00000000000000000000   4
212.10000000000000000000   3
212.20000000000000000000   4
212.30000000000000000000   2
212.40000000000000000000   5
212.50000000000000000000   5
212.60000000000000000000   6
212.70000000000000000000   6
212.80000000000000000000   4
212.90000000000000000000   7
213.00000000000000000000   4
213.10000000000000000000   6
213.20000000000000000000   6
213.30000000000000000000   8
213.40000000000000000000   3
213.50000000000000000000   4
213.60000000000000000000   3
213.70000000000000000000   4
213.80000000000000000000   9
213.90000000000000000000   4
214.00000000000000000000   3
214.10000000000000000000   7
214.20000000000000000000   8
214.30000000000000000000   7
214.40000000000000000000   5
214.50000000000000000000   5
214.60000000000000000000   6
214.70000000000000000000   5
214.80000000000000000000   7
214.90000000000000000000   4
215.00000000000000000000   5
215.10000000000000000000   1
215.20000000000000000000   1
215.30000000000000000000   4
215.40000000000000000000   4
215.50000000000000000000   1
215.60000000000000000000   3
215.70000000000000000000   3
215.80000000000000000000   2
215.90000000000000000000   1
216.00000000000000000000   2
216.10000000000000000000   2
216.20000000000000000000   1
216.30000000000000000000   2
216.40000000000000000000   2
216.50000000000000000000   1
216.60000000000000000000   3
216.70000000000000000000   3
216.80000000000000000000   4
216.90000000000000000000   1
217.00000000000000000000   1
217.10000000000000000000   0
217.20000000000000000000   0
217.30000000000000000000   0
217.40000000000000000000   0
217.50000000000000000000   0
217.60000000000000000000   0
217.70000000000000000000   0
217.80000000000000000000   1
217.90000000000000000000   0
218.00000000000000000000   0
218.10000000000000000000   0
218.20000000000000000000   0
218.30000000000000000000   1
218.40000000000000000000   3
218.50000000000000000000   3
218.60000000000000000000   2
218.70000000000000000000   4
218.80000000000000000000   4
218.90000000000000000000   0
219.00000000000000000000   0
219.10000000000000000000   0
219.20000000000000000000   1
219.30000000000000000000   0
219.40000000000000000000   1
219.50000000000000000000   3
219.60000000000000000000   3
219.70000000000000000000   1
219.80000000000000000000   0
219.90000000000000000000   7
220.00000000000000000000   7
220.10000000000000000000   6
220.20000000000000000000   11
220.30000000000000000000   9
220.40000000000000000000   8
220.50000000000000000000   12
220.60000000000000000000   10
220.70000000000000000000   6
220.80000000000000000000   12
220.90000000000000000000   13
221.00000000000000000000   10
221.10000000000000000000   11
221.20000000000000000000   12
221.30000000000000000000   9
221.40000000000000000000   11
221.50000000000000000000   8
221.60000000000000000000   12
221.70000000000000000000   13
221.80000000000000000000   11
221.90000000000000000000   12
222.00000000000000000000   8
222.10000000000000000000   7
222.20000000000000000000   11
222.30000000000000000000   7
222.40000000000000000000   9
222.50000000000000000000   7
222.60000000000000000000   11
222.70000000000000000000   8
222.80000000000000000000   7
222.90000000000000000000   3
223.00000000000000000000   10
223.10000000000000000000   9
223.20000000000000000000   8
223.30000000000000000000   6
223.40000000000000000000   6
223.50000000000000000000   6
223.60000000000000000000   4
223.70000000000000000000   8
223.80000000000000000000   6
223.90000000000000000000   7
224.00000000000000000000   5
224.10000000000000000000   5
224.20000000000000000000   0
224.30000000000000000000   1
224.40000000000000000000   1
224.50000000000000000000   8
224.60000000000000000000   9
224.70000000000000000000   7
224.80000000000000000000   8
224.90000000000000000000   5
225.00000000000000000000   6
225.10000000000000000000   2
225.20000000000000000000   2
225.30000000000000000000   2
225.40000000000000000000   1
225.50000000000000000000   5
225.60000000000000000000   3
225.70000000000000000000   2
225.80000000000000000000   6
225.90000000000000000000   5
226.00000000000000000000   3
226.10000000000000000000   1
226.20000000000000000000   3
226.30000000000000000000   7
226.40000000000000000000   3
226.50000000000000000000   2
226.60000000000000000000   2
226.70000000000000000000   3
226.80000000000000000000   10
226.90000000000000000000   11
227.00000000000000000000   6
227.10000000000000000000   2
227.20000000000000000000   3
227.30000000000000000000   0
227.40000000000000000000   3
227.50000000000000000000   2
227.60000000000000000000   4
227.70000000000000000000   2
227.80000000000000000000   6
227.90000000000000000000   3
228.00000000000000000000   8
228.10000000000000000000   5
228.20000000000000000000   5
228.30000000000000000000   1
228.40000000000000000000   5
228.50000000000000000000   4
228.60000000000000000000   0
228.70000000000000000000   1
228.80000000000000000000   0
228.90000000000000000000   0
229.00000000000000000000   2
229.10000000000000000000   4
229.20000000000000000000   3
229.30000000000000000000   2
229.40000000000000000000   4
229.50000000000000000000   7
229.60000000000000000000   7
229.70000000000000000000   6
229.80000000000000000000   6
229.90000000000000000000   5
230.00000000000000000000   7
230.10000000000000000000   6
230.20000000000000000000   11
230.30000000000000000000   9
230.40000000000000000000   8
230.50000000000000000000   10
230.60000000000000000000   9
230.70000000000000000000   9
230.80000000000000000000   9
230.90000000000000000000   9
231.00000000000000000000   8
231.10000000000000000000   11
231.20000000000000000000   10
231.30000000000000000000   12
231.40000000000000000000   13
231.50000000000000000000   12
231.60000000000000000000   13
231.70000000000000000000   12
231.80000000000000000000   11
231.90000000000000000000   11
232.00000000000000000000   10
232.10000000000000000000   14
232.20000000000000000000   11
232.30000000000000000000   8
232.40000000000000000000   14
232.50000000000000000000   12
232.60000000000000000000   5
232.70000000000000000000   10
232.80000000000000000000   10
232.90000000000000000000   7
233.00000000000000000000   8
233.10000000000000000000   9
233.20000000000000000000   10
233.30000000000000000000   8
233.40000000000000000000   9
233.50000000000000000000   7
233.60000000000000000000   14
233.70000000000000000000   9
233.80000000000000000000   9
233.90000000000000000000   7
234.00000000000000000000   10
234.10000000000000000000   8
234.20000000000000000000   7
234.30000000000000000000   7
234.40000000000000000000   8
234.50000000000000000000   10
234.60000000000000000000   11
234.70000000000000000000   10
234.80000000000000000000   9
234.90000000000000000000   9
235.00000000000000000000   11
235.10000000000000000000   9
235.20000000000000000000   7
235.30000000000000000000   9
235.40000000000000000000   12
235.50000000000000000000   11
235.60000000000000000000   12
235.70000000000000000000   9
235.80000000000000000000   8
235.90000000000000000000   9
236.00000000000000000000   11
236.10000000000000000000   10
236.20000000000000000000   11
236.30000000000000000000   14
236.40000000000000000000   12
236.50000000000000000000   13
236.60000000000000000000   11
236.70000000000000000000   12
236.80000000000000000000   11
236.90000000000000000000   12
237.00000000000000000000   15
237.10000000000000000000   18
237.20000000000000000000   18
237.30000000000000000000   17
237.40000000000000000000   17
237.50000000000000000000   16
237.60000000000000000000   14
237.70000000000000000000   14
237.80000000000000000000   14
237.90000000000000000000   14
238.00000000000000000000   10
238.10000000000000000000   12
238.20000000000000000000   6
238.30000000000000000000   7
238.40000000000000000000   1
238.50000000000000000000   2
238.60000000000000000000   5
238.70000000000000000000   7
238.80000000000000000000   10
238.90000000000000000000   13
239.00000000000000000000   14
239.10000000000000000000   11
239.20000000000000000000   13
239.30000000000000000000   7
239.40000000000000000000   11
239.50000000000000000000   10
239.60000000000000000000   10
239.70000000000000000000   10
239.80000000000000000000   11
239.90000000000000000000   9
240.00000000000000000000   9
240.10000000000000000000   11
240.20000000000000000000   9
240.30000000000000000000   9
240.40000000000000000000   11
240.50000000000000000000   10
240.60000000000000000000   8
240.70000000000000000000   8
240.80000000000000000000   10
240.90000000000000000000   11
241.00000000000000000000   11
241.10000000000000000000   7
241.20000000000000000000   9
241.30000000000000000000   10
241.40000000000000000000   15
241.50000000000000000000   15
241.60000000000000000000   14
241.70000000000000000000   12
241.80000000000000000000   12
241.90000000000000000000   9
242.00000000000000000000   9
242.10000000000000000000   8
242.20000000000000000000   6
242.30000000000000000000   6
242.40000000000000000000   2
242.50000000000000000000   7
242.60000000000000000000   8
242.70000000000000000000   11
242.80000000000000000000   8
242.90000000000000000000   9
243.00000000000000000000   10
243.10000000000000000000   8
243.20000000000000000000   9
243.30000000000000000000   8
243.40000000000000000000   8
243.50000000000000000000   3
243.60000000000000000000   6
243.70000000000000000000   4
243.80000000000000000000   5
243.90000000000000000000   5
244.00000000000000000000   3
244.10000000000000000000   5
244.20000000000000000000   7
244.30000000000000000000   9
244.40000000000000000000   14
244.50000000000000000000   14
244.60000000000000000000   12
244.70000000000000000000   11
244.80000000000000000000   7
244.90000000000000000000   9
245.00000000000000000000   9
245.10000000000000000000   11
245.20000000000000000000   9
245.30000000000000000000   14
245.40000000000000000000   13
245.50000000000000000000   15
245.60000000000000000000   14
245.70000000000000000000   15
245.80000000000000000000   16
245.90000000000000000000   15
246.00000000000000000000   14
246.10000000000000000000   13
246.20000000000000000000   13
246.30000000000000000000   12
246.40000000000000000000   9
246.50000000000000000000   7
246.60000000000000000000   8
246.70000000000000000000   4
246.80000000000000000000   5
246.90000000000000000000   6
247.00000000000000000000   3
247.10000000000000000000   3
247.20000000000000000000   10
247.30000000000000000000   8
247.40000000000000000000   6
247.50000000000000000000   9
247.60000000000000000000   10
247.70000000000000000000   11
247.80000000000000000000   10
247.90000000000000000000   11
248.00000000000000000000   6
248.10000000000000000000   8
248.20000000000000000000   7
248.30000000000000000000   7
248.40000000000000000000   7
248.50000000000000000000   7
248.60000000000000000000   6
248.70000000000000000000   6
248.80000000000000000000   6
248.90000000000000000000   11
249.00000000000000000000   8
249.10000000000000000000   11
249.20000000000000000000   13
249.30000000000000000000   13
249.40000000000000000000   9
249.50000000000000000000   8
249.60000000000000000000   11
249.70000000000000000000   9
249.80000000000000000000   6
249.90000000000000000000   10
250.00000000000000000000   9
250.10000000000000000000   8
250.20000000000000000000   8
250.30000000000000000000   6
250.40000000000000000000   6
250.50000000000000000000   6
250.60000000000000000000   4
250.70000000000000000000   3
250.80000000000000000000   10
250.90000000000000000000   5
251.00000000000000000000   4
251.10000000000000000000   1
251.20000000000000000000   5
251.30000000000000000000   15
251.40000000000000000000   14
251.50000000000000000000   16
251.60000000000000000000   11
251.70000000000000000000   11
251.80000000000000000000   11
251.90000000000000000000   2
252.00000000000000000000   0
252.10000000000000000000   1
252.20000000000000000000   5
252.30000000000000000000   3
252.40000000000000000000   1
252.50000000000000000000   2
252.60000000000000000000   1
252.70000000000000000000   0
252.80000000000000000000   2
252.90000000000000000000   5
253.00000000000000000000   2
253.10000000000000000000   3
253.20000000000000000000   5
253.30000000000000000000   5
253.40000000000000000000   6
253.50000000000000000000   4
253.60000000000000000000   3
253.70000000000000000000   1
253.80000000000000000000   0
253.90000000000000000000   0
254.00000000000000000000   3
254.10000000000000000000   3
254.20000000000000000000   4
254.30000000000000000000   6
254.40000000000000000000   5
254.50000000000000000000   4
254.60000000000000000000   2
254.70000000000000000000   6
254.80000000000000000000   0
254.90000000000000000000   1
255.00000000000000000000   0
255.10000000000000000000   1
255.20000000000000000000   7
255.30000000000000000000   8
255.40000000000000000000   2
255.50000000000000000000   3
255.60000000000000000000   5
255.70000000000000000000   3
255.80000000000000000000   4
255.90000000000000000000   5
256.00000000000000000000   0
256.10000000000000000000   2
256.20000000000000000000   1
256.30000000000000000000   2
256.40000000000000000000   2
256.50000000000000000000   1
256.60000000000000000000   4
256.70000000000000000000   3
256.80000000000000000000   6
256.90000000000000000000   3
257.00000000000000000000   3
257.10000000000000000000   3
257.20000000000000000000   6
257.30000000000000000000   3
257.40000000000000000000   4
257.50000000000000000000   3
257.60000000000000000000   6
257.70000000000000000000   5
257.80000000000000000000   4
257.90000000000000000000   3
258.00000000000000000000   3
258.10000000000000000000   5
258.20000000000000000000   5
258.30000000000000000000   6
258.40000000000000000000   5
258.50000000000000000000   9
258.60000000000000000000   10
258.70000000000000000000   6
258.80000000000000000000   6
258.90000000000000000000   6
259.00000000000000000000   5
259.10000000000000000000   6
259.20000000000000000000   6
259.30000000000000000000   8
259.40000000000000000000   7
259.50000000000000000000   7
259.60000000000000000000   8
259.70000000000000000000   7
259.80000000000000000000   7
259.90000000000000000000   8
260.00000000000000000000   7
260.10000000000000000000   2
260.20000000000000000000   2
260.30000000000000000000   3
260.40000000000000000000   4
260.50000000000000000000   7
260.60000000000000000000   7
260.70000000000000000000   3
260.80000000000000000000   6
260.90000000000000000000   5
261.00000000000000000000   3
261.10000000000000000000   6
261.20000000000000000000   6
261.30000000000000000000   4
261.40000000000000000000   4
261.50000000000000000000   5
261.60000000000000000000   3
261.70000000000000000000   4
261.80000000000000000000   5
261.90000000000000000000   6
262.00000000000000000000   5
262.10000000000000000000   7
262.20000000000000000000   4
262.30000000000000000000   4
262.40000000000000000000   6
262.50000000000000000000   5
262.60000000000000000000   6
262.70000000000000000000   6
262.80000000000000000000   4
262.90000000000000000000   6
263.00000000000000000000   6
263.10000000000000000000   7
263.20000000000000000000   5
263.30000000000000000000   6
263.40000000000000000000   1
263.50000000000000000000   5
263.60000000000000000000   2
263.70000000000000000000   1
263.80000000000000000000   1
263.90000000000000000000   1
264.00000000000000000000   1
264.10000000000000000000   0
264.20000000000000000000   1
264.30000000000000000000   3
264.40000000000000000000   1
264.50000000000000000000   1
264.60000000000000000000   1
264.70000000000000000000   1
264.80000000000000000000   0
264.90000000000000000000   2
265.00000000000000000000   1
265.10000000000000000000   3
265.20000000000000000000   5
265.30000000000000000000   4
265.40000000000000000000   5
265.50000000000000000000   5
265.60000000000000000000   4
265.70000000000000000000   6
265.80000000000000000000   2
265.90000000000000000000   6
266.00000000000000000000   4
266.10000000000000000000   2
266.20000000000000000000   4
266.30000000000000000000   2
266.40000000000000000000   3
266.50000000000000000000   0
266.60000000000000000000   3
266.70000000000000000000   6
266.80000000000000000000   7
266.90000000000000000000   3
267.00000000000000000000   3
267.10000000000000000000   3
267.20000000000000000000   3
267.30000000000000000000   6
267.40000000000000000000   3
267.50000000000000000000   3
267.60000000000000000000   2
267.70000000000000000000   6
267.80000000000000000000   4
267.90000000000000000000   6
268.00000000000000000000   0
268.10000000000000000000   2
268.20000000000000000000   6
268.30000000000000000000   4
268.40000000000000000000   7
268.50000000000000000000   7
268.60000000000000000000   10
268.70000000000000000000   7
268.80000000000000000000   7
268.90000000000000000000   4
269.00000000000000000000   4
269.10000000000000000000   6
269.20000000000000000000   6
269.30000000000000000000   6
269.40000000000000000000   7
269.50000000000000000000   6
269.60000000000000000000   5
269.70000000000000000000   4
269.80000000000000000000   4
269.90000000000000000000   6
270.00000000000000000000   6
270.10000000000000000000   6
270.20000000000000000000   7
270.30000000000000000000   5
270.40000000000000000000   5
270.50000000000000000000   5
270.60000000000000000000   7
270.70000000000000000000   8
270.80000000000000000000   4
270.90000000000000000000   7
271.00000000000000000000   9
271.10000000000000000000   13
271.20000000000000000000   12
271.30000000000000000000   11
271.40000000000000000000   12
271.50000000000000000000   9
271.60000000000000000000   8
271.70000000000000000000   13
271.80000000000000000000   11
271.90000000000000000000   8
272.00000000000000000000   11
272.10000000000000000000   9
272.20000000000000000000   8
272.30000000000000000000   10
272.40000000000000000000   6
272.50000000000000000000   5
272.60000000000000000000   1
272.70000000000000000000   1
272.80000000000000000000   7
272.90000000000000000000   6
273.00000000000000000000   5
273.10000000000000000000   6
273.20000000000000000000   5
273.30000000000000000000   9
273.40000000000000000000   11
273.50000000000000000000   9
273.60000000000000000000   7
273.70000000000000000000   9
273.80000000000000000000   5
273.90000000000000000000   5
274.00000000000000000000   6
274.10000000000000000000   7
274.20000000000000000000   8
274.30000000000000000000   6
274.40000000000000000000   7
274.50000000000000000000   7
274.60000000000000000000   11
274.70000000000000000000   10
274.80000000000000000000   12
274.90000000000000000000   16
275.00000000000000000000   16
275.10000000000000000000   14
275.20000000000000000000   15
275.30000000000000000000   15
275.40000000000000000000   13
275.50000000000000000000   12
275.60000000000000000000   13
275.70000000000000000000   9
275.80000000000000000000   12
275.90000000000000000000   9
276.00000000000000000000   10
276.10000000000000000000   10
276.20000000000000000000   9
276.30000000000000000000   8
276.40000000000000000000   7
276.50000000000000000000   7
276.60000000000000000000   5
276.70000000000000000000   7
276.80000000000000000000   7
276.90000000000000000000   6
277.00000000000000000000   4
277.10000000000000000000   4
277.20000000000000000000   6
277.30000000000000000000   4
277.40000000000000000000   0
277.50000000000000000000   1
277.60000000000000000000   6
277.70000000000000000000   1
277.80000000000000000000   1
277.90000000000000000000   4
278.00000000000000000000   3
278.10000000000000000000   3
278.20000000000000000000   10
278.30000000000000000000   7
278.40000000000000000000   10
278.50000000000000000000   6
278.60000000000000000000   7
278.70000000000000000000   7
278.80000000000000000000   7
278.90000000000000000000   7
279.00000000000000000000   4
279.10000000000000000000   5
279.20000000000000000000   9
279.30000000000000000000   5
279.40000000000000000000   6
279.50000000000000000000   1
279.60000000000000000000   7
279.70000000000000000000   3
279.80000000000000000000   3
279.90000000000000000000   3
280.00000000000000000000   0
280.10000000000000000000   2
280.20000000000000000000   1
280.30000000000000000000   7
280.40000000000000000000   5
280.50000000000000000000   8
280.60000000000000000000   8
280.70000000000000000000   10
280.80000000000000000000   8
280.90000000000000000000   10
281.00000000000000000000   6
281.10000000000000000000   4
281.20000000000000000000   2
281.30000000000000000000   4
281.40000000000000000000   5
281.50000000000000000000   5
281.60000000000000000000   5
281.70000000000000000000   6
281.80000000000000000000   8
281.90000000000000000000   4
282.00000000000000000000   2
282.10000000000000000000   1
282.20000000000000000000   1
282.30000000000000000000   3
282.40000000000000000000   1
282.50000000000000000000   1
282.60000000000000000000   3
282.70000000000000000000   4
282.80000000000000000000   6
282.90000000000000000000   2
283.00000000000000000000   2
283.10000000000000000000   2
283.20000000000000000000   3
283.30000000000000000000   2
283.40000000000000000000   3
283.50000000000000000000   3
283.60000000000000000000   4
283.70000000000000000000   8
283.80000000000000000000   9
283.90000000000000000000   6
284.00000000000000000000   6
284.10000000000000000000   8
284.20000000000000000000   9
284.30000000000000000000   13
284.40000000000000000000   10
284.50000000000000000000   7
284.60000000000000000000   7
284.70000000000000000000   10
284.80000000000000000000   8
284.90000000000000000000   7
285.00000000000000000000   5
285.10000000000000000000   5
285.20000000000000000000   1
285.30000000000000000000   2
285.40000000000000000000   1
285.50000000000000000000   7
285.60000000000000000000   5
285.70000000000000000000   8
285.80000000000000000000   5
285.90000000000000000000   5
286.00000000000000000000   4
286.10000000000000000000   2
286.20000000000000000000   2
286.30000000000000000000   5
286.40000000000000000000   7
286.50000000000000000000   9
286.60000000000000000000   9
286.70000000000000000000   9
286.80000000000000000000   13
286.90000000000000000000   10
287.00000000000000000000   12
287.10000000000000000000   11
287.20000000000000000000   8
287.30000000000000000000   10
287.40000000000000000000   10
287.50000000000000000000   10
287.60000000000000000000   11
287.70000000000000000000   15
287.80000000000000000000   12
287.90000000000000000000   11
288.00000000000000000000   11
288.10000000000000000000   7
288.20000000000000000000   11
288.30000000000000000000   6
288.40000000000000000000   9
288.50000000000000000000   12
288.60000000000000000000   11
288.70000000000000000000   7
288.80000000000000000000   9
288.90000000000000000000   8
289.00000000000000000000   8
289.10000000000000000000   10
289.20000000000000000000   7
289.30000000000000000000   7
289.40000000000000000000   8
289.50000000000000000000   8
289.60000000000000000000   11
289.70000000000000000000   10
289.80000000000000000000   7
289.90000000000000000000   10
290.00000000000000000000   8
290.10000000000000000000   5
290.20000000000000000000   8
290.30000000000000000000   10
290.40000000000000000000   7
290.50000000000000000000   9
290.60000000000000000000   4
290.70000000000000000000   11
290.80000000000000000000   9
290.90000000000000000000   8
291.00000000000000000000   8
291.10000000000000000000   9
291.20000000000000000000   12
291.30000000000000000000   8
291.40000000000000000000   12
291.50000000000000000000   12
291.60000000000000000000   11
291.70000000000000000000   11
291.80000000000000000000   11
291.90000000000000000000   7
292.00000000000000000000   9
292.10000000000000000000   7
292.20000000000000000000   8
292.30000000000000000000   13
292.40000000000000000000   7
292.50000000000000000000   9
292.60000000000000000000   13
292.70000000000000000000   9
292.80000000000000000000   9
292.90000000000000000000   9
293.00000000000000000000   7
293.10000000000000000000   10
293.20000000000000000000   6
293.30000000000000000000   8
293.40000000000000000000   8
293.50000000000000000000   7
293.60000000000000000000   10
293.70000000000000000000   7
293.80000000000000000000   3
293.90000000000000000000   7
294.00000000000000000000   5
294.10000000000000000000   6
294.20000000000000000000   3
294.30000000000000000000   1
294.40000000000000000000   2
294.50000000000000000000   0
294.60000000000000000000   0
294.70000000000000000000   2
294.80000000000000000000   3
294.90000000000000000000   0
295.00000000000000000000   1
295.10000000000000000000   1
295.20000000000000000000   2
295.30000000000000000000   2
295.40000000000000000000   1
295.50000000000000000000   1
295.60000000000000000000   1
295.70000000000000000000   1
295.80000000000000000000   1
295.90000000000000000000   0
296.00000000000000000000   0
296.10000000000000000000   0
296.20000000000000000000   0
296.30000000000000000000   4
296.40000000000000000000   4
296.50000000000000000000   1
296.60000000000000000000   1
296.70000000000000000000   2
296.80000000000000000000   2
296.90000000000000000000   3
297.00000000000000000000   4
297.10000000000000000000   5
297.20000000000000000000   3
297.30000000000000000000   3
297.40000000000000000000   4
297.50000000000000000000   5
297.60000000000000000000   5
297.70000000000000000000   4
297.80000000000000000000   8
297.90000000000000000000   4
298.00000000000000000000   8
298.10000000000000000000   7
298.20000000000000000000   8
298.30000000000000000000   6
298.40000000000000000000   7
298.50000000000000000000   8
298.60000000000000000000   10
298.70000000000000000000   9
298.80000000000000000000   8
298.90000000000000000000   9
299.00000000000000000000   10
299.10000000000000000000   8
299.20000000000000000000   10
299.30000000000000000000   9
299.40000000000000000000   8
299.50000000000000000000   8
299.60000000000000000000   9
299.70000000000000000000   10
299.80000000000000000000   10
299.90000000000000000000   11
300.00000000000000000000   10
300.10000000000000000000   9
300.20000000000000000000   5
300.30000000000000000000   6
300.40000000000000000000   7
300.50000000000000000000   7
300.60000000000000000000   3
300.70000000000000000000   3
300.80000000000000000000   4
300.90000000000000000000   4
301.00000000000000000000   6
301.10000000000000000000   5
301.20000000000000000000   5
301.30000000000000000000   3
301.40000000000000000000   5
301.50000000000000000000   4
301.60000000000000000000   4
301.70000000000000000000   8
301.80000000000000000000   4
301.90000000000000000000   4
302.00000000000000000000   5
302.10000000000000000000   6
302.20000000000000000000   4
302.30000000000000000000   5
302.40000000000000000000   7
302.50000000000000000000   6
302.60000000000000000000   10
302.70000000000000000000   10
302.80000000000000000000   4
302.90000000000000000000   11
303.00000000000000000000   7
303.10000000000000000000   8
303.20000000000000000000   5
303.30000000000000000000   5
303.40000000000000000000   6
303.50000000000000000000   5
303.60000000000000000000   4
303.70000000000000000000   2
303.80000000000000000000   3
303.90000000000000000000   2
304.00000000000000000000   2
304.10000000000000000000   2
304.20000000000000000000   2
304.30000000000000000000   0
304.40000000000000000000   2
304.50000000000000000000   0
304.60000000000000000000   1
304.70000000000000000000   2
304.80000000000000000000   3
304.90000000000000000000   3
305.00000000000000000000   3
305.10000000000000000000   2
305.20000000000000000000   5
305.30000000000000000000   6
305.40000000000000000000   4
305.50000000000000000000   5
305.60000000000000000000   1
305.70000000000000000000   3
305.80000000000000000000   1
305.90000000000000000000   4
306.00000000000000000000   2
306.10000000000000000000   1
306.20000000000000000000   12
306.30000000000000000000   7
306.40000000000000000000   3
306.50000000000000000000   2
306.60000000000000000000   0
306.70000000000000000000   6
306.80000000000000000000   2
306.90000000000000000000   2
307.00000000000000000000   3
307.10000000000000000000   7
307.20000000000000000000   3
307.30000000000000000000   2
307.40000000000000000000   3
307.50000000000000000000   2
307.60000000000000000000   2
307.70000000000000000000   1
307.80000000000000000000   0
307.90000000000000000000   4
308.00000000000000000000   3
308.10000000000000000000   3
308.20000000000000000000   4
308.30000000000000000000   4
308.40000000000000000000   1
308.50000000000000000000   1
308.60000000000000000000   3
308.70000000000000000000   1
308.80000000000000000000   6
308.90000000000000000000   5
309.00000000000000000000   10
309.10000000000000000000   7
309.20000000000000000000   6
309.30000000000000000000   4
309.40000000000000000000   6
309.50000000000000000000   4
309.60000000000000000000   4
309.70000000000000000000   4
309.80000000000000000000   7
309.90000000000000000000   3
310.00000000000000000000   7
310.10000000000000000000   3
310.20000000000000000000   3
310.30000000000000000000   4
310.40000000000000000000   6
310.50000000000000000000   1
310.60000000000000000000   0
310.70000000000000000000   5
310.80000000000000000000   3
310.90000000000000000000   5
311.00000000000000000000   5
311.10000000000000000000   4
311.20000000000000000000   1
311.30000000000000000000   3
311.40000000000000000000   5
311.50000000000000000000   6
311.60000000000000000000   7
311.70000000000000000000   5
311.80000000000000000000   6
311.90000000000000000000   6
312.00000000000000000000   2
312.10000000000000000000   2
312.20000000000000000000   2
312.30000000000000000000   3
312.40000000000000000000   4
312.50000000000000000000   4
312.60000000000000000000   4
312.70000000000000000000   4
312.80000000000000000000   5
312.90000000000000000000   5
313.00000000000000000000   4
313.10000000000000000000   3
313.20000000000000000000   5
313.30000000000000000000   6
313.40000000000000000000   3
313.50000000000000000000   5
313.60000000000000000000   5
313.70000000000000000000   5
313.80000000000000000000   5
313.90000000000000000000   5
314.00000000000000000000   5
314.10000000000000000000   5
314.20000000000000000000   6
314.30000000000000000000   7
314.40000000000000000000   6
314.50000000000000000000   5
314.60000000000000000000   5
314.70000000000000000000   5
314.80000000000000000000   9
314.90000000000000000000   5
315.00000000000000000000   8
315.10000000000000000000   5
315.20000000000000000000   5
315.30000000000000000000   11
315.40000000000000000000   5
315.50000000000000000000   12
315.60000000000000000000   6
315.70000000000000000000   8
315.80000000000000000000   8
315.90000000000000000000   12
316.00000000000000000000   5
316.10000000000000000000   3
316.20000000000000000000   11
316.30000000000000000000   5
316.40000000000000000000   2
316.50000000000000000000   2
316.60000000000000000000   5
316.70000000000000000000   6
316.80000000000000000000   7
316.90000000000000000000   1
317.00000000000000000000   0
317.10000000000000000000   1
317.20000000000000000000   3
317.30000000000000000000   8
317.40000000000000000000   9
317.50000000000000000000   5
317.60000000000000000000   5
317.70000000000000000000   5
317.80000000000000000000   4
317.90000000000000000000   5
318.00000000000000000000   9
318.10000000000000000000   6
318.20000000000000000000   4
318.30000000000000000000   1
318.40000000000000000000   3
318.50000000000000000000   3
318.60000000000000000000   1
318.70000000000000000000   3
318.80000000000000000000   8
318.90000000000000000000   7
319.00000000000000000000   9
319.10000000000000000000   13
319.20000000000000000000   12
319.30000000000000000000   9
319.40000000000000000000   8
319.50000000000000000000   6
319.60000000000000000000   5
319.70000000000000000000   11
319.80000000000000000000   12
319.90000000000000000000   12
320.00000000000000000000   10
320.10000000000000000000   9
320.20000000000000000000   3
320.30000000000000000000   6
320.40000000000000000000   8
320.50000000000000000000   10
320.60000000000000000000   4
320.70000000000000000000   9
320.80000000000000000000   2
320.90000000000000000000   4
321.00000000000000000000   2
321.10000000000000000000   8
321.20000000000000000000   8
321.30000000000000000000   7
321.40000000000000000000   10
321.50000000000000000000   7
321.60000000000000000000   7
321.70000000000000000000   7
321.80000000000000000000   10
321.90000000000000000000   2
322.00000000000000000000   6
322.10000000000000000000   4
322.20000000000000000000   1
322.30000000000000000000   4
322.40000000000000000000   4
322.50000000000000000000   1
322.60000000000000000000   9
322.70000000000000000000   7
322.80000000000000000000   9
322.90000000000000000000   4
323.00000000000000000000   5
323.10000000000000000000   0
323.20000000000000000000   5
323.30000000000000000000   1
323.40000000000000000000   0
323.50000000000000000000   1
323.60000000000000000000   1
323.70000000000000000000   1
323.80000000000000000000   1
323.90000000000000000000   4
324.00000000000000000000   0
324.10000000000000000000   1
324.20000000000000000000   0
324.30000000000000000000   2
324.40000000000000000000   3
324.50000000000000000000   0
324.60000000000000000000   0
324.70000000000000000000   0
324.80000000000000000000   2
324.90000000000000000000   2
325.00000000000000000000   1
325.10000000000000000000   3
325.20000000000000000000   5
325.30000000000000000000   7
325.40000000000000000000   4
325.50000000000000000000   6
325.60000000000000000000   6
325.70000000000000000000   5
325.80000000000000000000   4
325.90000000000000000000   4
326.00000000000000000000   5
326.10000000000000000000   4
326.20000000000000000000   4
326.30000000000000000000   6
326.40000000000000000000   2
326.50000000000000000000   5
326.60000000000000000000   3
326.70000000000000000000   4
326.80000000000000000000   3
326.90000000000000000000   5
327.00000000000000000000   6
327.10000000000000000000   5
327.20000000000000000000   2
327.30000000000000000000   8
327.40000000000000000000   7
327.50000000000000000000   9
327.60000000000000000000   5
327.70000000000000000000   9
327.80000000000000000000   9
327.90000000000000000000   8
328.00000000000000000000   11
328.10000000000000000000   9
328.20000000000000000000   10
328.30000000000000000000   8
328.40000000000000000000   8
328.50000000000000000000   8
328.60000000000000000000   12
328.70000000000000000000   12
328.80000000000000000000   11
328.90000000000000000000   10
329.00000000000000000000   6
329.10000000000000000000   9
329.20000000000000000000   10
329.30000000000000000000   5
329.40000000000000000000   7
329.50000000000000000000   7
329.60000000000000000000   7
329.70000000000000000000   9
329.80000000000000000000   11
329.90000000000000000000   7
330.00000000000000000000   10
330.10000000000000000000   12
330.20000000000000000000   5
330.30000000000000000000   8
330.40000000000000000000   10
330.50000000000000000000   9
330.60000000000000000000   7
330.70000000000000000000   9
330.80000000000000000000   7
330.90000000000000000000   8
331.00000000000000000000   8
331.10000000000000000000   8
331.20000000000000000000   4
331.30000000000000000000   4
331.40000000000000000000   5
331.50000000000000000000   5
331.60000000000000000000   6
331.70000000000000000000   4
331.80000000000000000000   6
331.90000000000000000000   6
332.00000000000000000000   6
332.10000000000000000000   10
332.20000000000000000000   5
332.30000000000000000000   4
332.40000000000000000000   6
332.50000000000000000000   8
332.60000000000000000000   5
332.70000000000000000000   8
332.80000000000000000000   6
332.90000000000000000000   8
333.00000000000000000000   8
333.10000000000000000000   6
333.20000000000000000000   9
333.30000000000000000000   9
333.40000000000000000000   7
333.50000000000000000000   9
333.60000000000000000000   12
333.70000000000000000000   6
333.80000000000000000000   8
333.90000000000000000000   11
334.00000000000000000000   7
334.10000000000000000000   5
334.20000000000000000000   8
334.30000000000000000000   7
334.40000000000000000000   8
334.50000000000000000000   7
334.60000000000000000000   2
334.70000000000000000000   5
334.80000000000000000000   2
334.90000000000000000000   3
335.00000000000000000000   8
335.10000000000000000000   9
335.20000000000000000000   7
335.30000000000000000000   9
335.40000000000000000000   3
335.50000000000000000000   2
335.60000000000000000000   5
335.70000000000000000000   3
335.80000000000000000000   8
335.90000000000000000000   8
336.00000000000000000000   11
336.10000000000000000000   12
336.20000000000000000000   13
336.30000000000000000000   11
336.40000000000000000000   10
336.50000000000000000000   10
336.60000000000000000000   11
336.70000000000000000000   11
336.80000000000000000000   12
336.90000000000000000000   11
337.00000000000000000000   11
337.10000000000000000000   13
337.20000000000000000000   13
337.30000000000000000000   12
337.40000000000000000000   12
337.50000000000000000000   12
337.60000000000000000000   13
337.70000000000000000000   10
337.80000000000000000000   8
337.90000000000000000000   12
338.00000000000000000000   9
338.10000000000000000000   12
338.20000000000000000000   12
338.30000000000000000000   10
338.40000000000000000000   11
338.50000000000000000000   8
338.60000000000000000000   8
338.70000000000000000000   6
338.80000000000000000000   6
338.90000000000000000000   5
339.00000000000000000000   7
339.10000000000000000000   6
339.20000000000000000000   5
339.30000000000000000000   4
339.40000000000000000000   4
339.50000000000000000000   4
339.60000000000000000000   3
339.70000000000000000000   4
339.80000000000000000000   1
339.90000000000000000000   0
340.00000000000000000000   1
340.10000000000000000000   2
340.20000000000000000000   6
340.30000000000000000000   6
340.40000000000000000000   3
340.50000000000000000000   8
340.60000000000000000000   7
340.70000000000000000000   5
340.80000000000000000000   6
340.90000000000000000000   2
341.00000000000000000000   7
341.10000000000000000000   6
341.20000000000000000000   5
341.30000000000000000000   7
341.40000000000000000000   5
341.50000000000000000000   8
341.60000000000000000000   8
341.70000000000000000000   5
341.80000000000000000000   1
341.90000000000000000000   1
342.00000000000000000000   4
342.10000000000000000000   2
342.20000000000000000000   2
342.30000000000000000000   4
342.40000000000000000000   3
342.50000000000000000000   4
342.60000000000000000000   3
342.70000000000000000000   4
342.80000000000000000000   6
342.90000000000000000000   5
343.00000000000000000000   4
343.10000000000000000000   2
343.20000000000000000000   2
343.30000000000000000000   2
343.40000000000000000000   5
343.50000000000000000000   4
343.60000000000000000000   2
343.70000000000000000000   3
343.80000000000000000000   2
343.90000000000000000000   3
344.00000000000000000000   1
344.10000000000000000000   2
344.20000000000000000000   5
344.30000000000000000000   6
344.40000000000000000000   9
344.50000000000000000000   9
344.60000000000000000000   8
344.70000000000000000000   4
344.80000000000000000000   12
344.90000000000000000000   8
345.00000000000000000000   9
345.10000000000000000000   10
345.20000000000000000000   11
345.30000000000000000000   9
345.40000000000000000000   12
345.50000000000000000000   13
345.60000000000000000000   10
345.70000000000000000000   7
345.80000000000000000000   3
345.90000000000000000000   8
346.00000000000000000000   5
346.10000000000000000000   7
346.20000000000000000000   6
346.30000000000000000000   9
346.40000000000000000000   6
346.50000000000000000000   5
346.60000000000000000000   6
346.70000000000000000000   6
346.80000000000000000000   6
346.90000000000000000000   6
347.00000000000000000000   6
347.10000000000000000000   6
347.20000000000000000000   8
347.30000000000000000000   7
347.40000000000000000000   7
347.50000000000000000000   8
347.60000000000000000000   6
347.70000000000000000000   13
347.80000000000000000000   5
347.90000000000000000000   6
348.00000000000000000000   6
348.10000000000000000000   7
348.20000000000000000000   6
348.30000000000000000000   6
348.40000000000000000000   13
348.50000000000000000000   13
348.60000000000000000000   12
348.70000000000000000000   9
348.80000000000000000000   7
348.90000000000000000000   6
349.00000000000000000000   4
349.10000000000000000000   4
349.20000000000000000000   4
349.30000000000000000000   6
349.40000000000000000000   1
349.50000000000000000000   5
349.60000000000000000000   4
349.70000000000000000000   0
349.80000000000000000000   3
349.90000000000000000000   2
350.00000000000000000000   2
350.10000000000000000000   5
350.20000000000000000000   2
350.30000000000000000000   1
350.40000000000000000000   3
350.50000000000000000000   4
350.60000000000000000000   3
350.70000000000000000000   3
350.80000000000000000000   3
350.90000000000000000000   2
351.00000000000000000000   1
351.10000000000000000000   3
351.20000000000000000000   2
351.30000000000000000000   1
351.40000000000000000000   4
351.50000000000000000000   3
351.60000000000000000000   3
351.70000000000000000000   1
351.80000000000000000000   1
351.90000000000000000000   3
352.00000000000000000000   1
352.10000000000000000000   1
352.20000000000000000000   2
352.30000000000000000000   2
352.40000000000000000000   2
352.50000000000000000000   2
352.60000000000000000000   3
352.70000000000000000000   2
352.80000000000000000000   2
352.90000000000000000000   3
353.00000000000000000000   4
353.10000000000000000000   2
353.20000000000000000000   3
353.30000000000000000000   3
353.40000000000000000000   3
353.50000000000000000000   2
353.60000000000000000000   4
353.70000000000000000000   3
353.80000000000000000000   4
353.90000000000000000000   0
354.00000000000000000000   2
354.10000000000000000000   0
354.20000000000000000000   0
354.30000000000000000000   0
354.40000000000000000000   3
354.50000000000000000000   6
354.60000000000000000000   3
354.70000000000000000000   6
354.80000000000000000000   9
354.90000000000000000000   8
355.00000000000000000000   8
355.10000000000000000000   5
355.20000000000000000000   4
355.30000000000000000000   8
355.40000000000000000000   4
355.50000000000000000000   7
355.60000000000000000000   8
355.70000000000000000000   8
355.80000000000000000000   6
355.90000000000000000000   7
356.00000000000000000000   4
356.10000000000000000000   4
356.20000000000000000000   1
356.30000000000000000000   3
356.40000000000000000000   3
356.50000000000000000000   0
356.60000000000000000000   3
356.70000000000000000000   3
356.80000000000000000000   5
356.90000000000000000000   10
357.00000000000000000000   6
357.10000000000000000000   6
357.20000000000000000000   4
357.30000000000000000000   5
357.40000000000000000000   0
357.50000000000000000000   0
357.60000000000000000000   1
357.70000000000000000000   2
357.80000000000000000000   10
357.90000000000000000000   7
358.00000000000000000000   6
358.10000000000000000000   8
358.20000000000000000000   9
358.30000000000000000000   10
358.40000000000000000000   10
358.50000000000000000000   8
358.60000000000000000000   9
358.70000000000000000000   4
358.80000000000000000000   4
358.90000000000000000000   6
359.00000000000000000000   6
359.10000000000000000000   7
359.20000000000000000000   8
359.30000000000000000000   8
359.40000000000000000000   7
359.50000000000000000000   7
359.60000000000000000000   10
359.70000000000000000000   3
359.80000000000000000000   4
359.90000000000000000000   3
360.00000000000000000000   5
360.10000000000000000000   6
360.20000000000000000000   8
360.30000000000000000000   11
360.40000000000000000000   11
360.50000000000000000000   10
360.60000000000000000000   8
360.70000000000000000000   11
360.80000000000000000000   13
360.90000000000000000000   6
361.00000000000000000000   14
361.10000000000000000000   12
361.20000000000000000000   9
361.30000000000000000000   6
361.40000000000000000000   11
361.50000000000000000000   4
361.60000000000000000000   5
361.70000000000000000000   5
361.80000000000000000000   5
361.90000000000000000000   4
362.00000000000000000000   4
362.10000000000000000000   9
362.20000000000000000000   3
362.30000000000000000000   3
362.40000000000000000000   5
362.50000000000000000000   4
362.60000000000000000000   3
362.70000000000000000000   2
362.80000000000000000000   1
362.90000000000000000000   3
363.00000000000000000000   3
363.10000000000000000000   2
363.20000000000000000000   5
363.30000000000000000000   4
363.40000000000000000000   4
363.50000000000000000000   4
363.60000000000000000000   4
363.70000000000000000000   3
363.80000000000000000000   7
363.90000000000000000000   6
364.00000000000000000000   6
364.10000000000000000000   5
364.20000000000000000000   5
364.30000000000000000000   6
364.40000000000000000000   7
364.50000000000000000000   6
364.60000000000000000000   6
364.70000000000000000000   6
364.80000000000000000000   7
364.90000000000000000000   9
365.00000000000000000000   7
365.10000000000000000000   10
365.20000000000000000000   9
365.30000000000000000000   8
365.40000000000000000000   14
365.50000000000000000000   11
365.60000000000000000000   10
365.70000000000000000000   11
365.80000000000000000000   10
365.90000000000000000000   10
366.00000000000000000000   13
366.10000000000000000000   9
366.20000000000000000000   8
366.30000000000000000000   14
366.40000000000000000000   10
366.50000000000000000000   13
366.60000000000000000000   13
366.70000000000000000000   13
366.80000000000000000000   9
366.90000000000000000000   11
367.00000000000000000000   12
367.10000000000000000000   11
367.20000000000000000000   15
367.30000000000000000000   10
367.40000000000000000000   13
367.50000000000000000000   12
367.60000000000000000000   12
367.70000000000000000000   12
367.80000000000000000000   12
367.90000000000000000000   8
368.00000000000000000000   11
368.10000000000000000000   11
368.20000000000000000000   12
368.30000000000000000000   10
368.40000000000000000000   12
368.50000000000000000000   15
368.60000000000000000000   11
368.70000000000000000000   13
368.80000000000000000000   11
368.90000000000000000000   13
369.00000000000000000000   12
369.10000000000000000000   11
369.20000000000000000000   11
369.30000000000000000000   13
369.40000000000000000000   12
369.50000000000000000000   9
369.60000000000000000000   12
369.70000000000000000000   8
369.80000000000000000000   8
369.90000000000000000000   11
370.00000000000000000000   9
370.10000000000000000000   9
370.20000000000000000000   7
370.30000000000000000000   10
370.40000000000000000000   9
370.50000000000000000000   7
370.60000000000000000000   9
370.70000000000000000000   9
370.80000000000000000000   6
370.90000000000000000000   7
371.00000000000000000000   5
371.10000000000000000000   4
371.20000000000000000000   1
371.30000000000000000000   1
371.40000000000000000000   1
371.50000000000000000000   1
371.60000000000000000000   10
371.70000000000000000000   8
371.80000000000000000000   7
371.90000000000000000000   6
372.00000000000000000000   6
372.10000000000000000000   7
372.20000000000000000000   10
372.30000000000000000000   8
372.40000000000000000000   8
372.50000000000000000000   10
372.60000000000000000000   6
372.70000000000000000000   7
372.80000000000000000000   10
372.90000000000000000000   12
373.00000000000000000000   14
373.10000000000000000000   17
373.20000000000000000000   12
373.30000000000000000000   14
373.40000000000000000000   14
373.50000000000000000000   16
373.60000000000000000000   16
373.70000000000000000000   17
373.80000000000000000000   15
373.90000000000000000000   13
374.00000000000000000000   16
374.10000000000000000000   14
374.20000000000000000000   11
374.30000000000000000000   14
374.40000000000000000000   16
374.50000000000000000000   14
374.60000000000000000000   9
374.70000000000000000000   12
374.80000000000000000000   9
374.90000000000000000000   12
375.00000000000000000000   12
375.10000000000000000000   10
375.20000000000000000000   10
375.30000000000000000000   9
375.40000000000000000000   13
375.50000000000000000000   11
375.60000000000000000000   13
375.70000000000000000000   13
375.80000000000000000000   13
375.90000000000000000000   13
376.00000000000000000000   12
376.10000000000000000000   11
376.20000000000000000000   14
376.30000000000000000000   12
376.40000000000000000000   12
376.50000000000000000000   14
376.60000000000000000000   16
376.70000000000000000000   18
376.80000000000000000000   14
376.90000000000000000000   14
377.00000000000000000000   12
377.10000000000000000000   15
377.20000000000000000000   15
377.30000000000000000000   16
377.40000000000000000000   16
377.50000000000000000000   17
377.60000000000000000000   19
377.70000000000000000000   14
377.80000000000000000000   9
377.90000000000000000000   9
378.00000000000000000000   13
378.10000000000000000000   13
378.20000000000000000000   12
378.30000000000000000000   16
378.40000000000000000000   8
378.50000000000000000000   8
378.60000000000000000000   11
378.70000000000000000000   10
378.80000000000000000000   10
378.90000000000000000000   11
379.00000000000000000000   9
379.10000000000000000000   12
379.20000000000000000000   10
379.30000000000000000000   11
379.40000000000000000000   10
379.50000000000000000000   11
379.60000000000000000000   12
379.70000000000000000000   10
379.80000000000000000000   8
379.90000000000000000000   8
380.00000000000000000000   7
380.10000000000000000000   13
380.20000000000000000000   15
380.30000000000000000000   12
380.40000000000000000000   10
380.50000000000000000000   11
380.60000000000000000000   14
380.70000000000000000000   12
380.80000000000000000000   19
380.90000000000000000000   15
381.00000000000000000000   13
381.10000000000000000000   15
381.20000000000000000000   13
381.30000000000000000000   12
381.40000000000000000000   13
381.50000000000000000000   15
381.60000000000000000000   15
381.70000000000000000000   18
381.80000000000000000000   14
381.90000000000000000000   12
382.00000000000000000000   16
382.10000000000000000000   13
382.20000000000000000000   11
382.30000000000000000000   13
382.40000000000000000000   15
382.50000000000000000000   11
382.60000000000000000000   12
382.70000000000000000000   13
382.80000000000000000000   15
382.90000000000000000000   17
383.00000000000000000000   18
383.10000000000000000000   19
383.20000000000000000000   19
383.30000000000000000000   21
383.40000000000000000000   19
383.50000000000000000000   18
383.60000000000000000000   16
383.70000000000000000000   13
383.80000000000000000000   20
383.90000000000000000000   17
384.00000000000000000000   21
384.10000000000000000000   19
384.20000000000000000000   20
384.30000000000000000000   14
384.40000000000000000000   13
384.50000000000000000000   12
384.60000000000000000000   15
384.70000000000000000000   20
384.80000000000000000000   16
384.90000000000000000000   19
385.00000000000000000000   18
385.10000000000000000000   16
385.20000000000000000000   15
385.30000000000000000000   14
385.40000000000000000000   14
385.50000000000000000000   13
385.60000000000000000000   18
385.70000000000000000000   17
385.80000000000000000000   18
385.90000000000000000000   20
386.00000000000000000000   15
386.10000000000000000000   14
386.20000000000000000000   15
386.30000000000000000000   15
386.40000000000000000000   15
386.50000000000000000000   17
386.60000000000000000000   18
386.70000000000000000000   14
386.80000000000000000000   17
386.90000000000000000000   13
387.00000000000000000000   13
387.10000000000000000000   12
387.20000000000000000000   9
387.30000000000000000000   13
387.40000000000000000000   13
387.50000000000000000000   14
387.60000000000000000000   14
387.70000000000000000000   14
387.80000000000000000000   16
387.90000000000000000000   13
388.00000000000000000000   12
388.10000000000000000000   12
388.20000000000000000000   10
388.30000000000000000000   9
388.40000000000000000000   12
388.50000000000000000000   10
388.60000000000000000000   12
388.70000000000000000000   10
388.80000000000000000000   14
388.90000000000000000000   14
389.00000000000000000000   15
389.10000000000000000000   16
389.20000000000000000000   14
389.30000000000000000000   12
389.40000000000000000000   12
389.50000000000000000000   14
389.60000000000000000000   12
389.70000000000000000000   11
389.80000000000000000000   8
389.90000000000000000000   11
390.00000000000000000000   8
390.10000000000000000000   6
390.20000000000000000000   9
390.30000000000000000000   8
390.40000000000000000000   7
390.50000000000000000000   8
390.60000000000000000000   9
390.70000000000000000000   9
390.80000000000000000000   9
390.90000000000000000000   10
391.00000000000000000000   10
391.10000000000000000000   9
391.20000000000000000000   13
391.30000000000000000000   14
391.40000000000000000000   11
391.50000000000000000000   4
391.60000000000000000000   6
391.70000000000000000000   6
391.80000000000000000000   6
391.90000000000000000000   2
392.00000000000000000000   5
392.10000000000000000000   8
392.20000000000000000000   4
392.30000000000000000000   7
392.40000000000000000000   7
392.50000000000000000000   8
392.60000000000000000000   8
392.70000000000000000000   6
392.80000000000000000000   7
392.90000000000000000000   6
393.00000000000000000000   4
393.10000000000000000000   6
393.20000000000000000000   6
393.30000000000000000000   4
393.40000000000000000000   4
393.50000000000000000000   4
393.60000000000000000000   5
393.70000000000000000000   5
393.80000000000000000000   8
393.90000000000000000000   6
394.00000000000000000000   6
394.10000000000000000000   6
394.20000000000000000000   4
394.30000000000000000000   7
394.40000000000000000000   6
394.50000000000000000000   6
394.60000000000000000000   5
394.70000000000000000000   6
394.80000000000000000000   7
394.90000000000000000000   7
395.00000000000000000000   3
395.10000000000000000000   4
395.20000000000000000000   1
395.30000000000000000000   2
395.40000000000000000000   1
395.50000000000000000000   1
395.60000000000000000000   0
395.70000000000000000000   4
395.80000000000000000000   2
395.90000000000000000000   0
396.00000000000000000000   5
396.10000000000000000000   3
396.20000000000000000000   4
396.30000000000000000000   2
396.40000000000000000000   1
396.50000000000000000000   2
396.60000000000000000000   0
396.70000000000000000000   6
396.80000000000000000000   6
396.90000000000000000000   6
397.00000000000000000000   11
397.10000000000000000000   8
397.20000000000000000000   8
397.30000000000000000000   12
397.40000000000000000000   15
397.50000000000000000000   13
397.60000000000000000000   10
397.70000000000000000000   17
397.80000000000000000000   12
397.90000000000000000000   7
398.00000000000000000000   5
398.10000000000000000000   6
398.20000000000000000000   5
398.30000000000000000000   6
398.40000000000000000000   4
398.50000000000000000000   4
398.60000000000000000000   6
398.70000000000000000000   3
398.80000000000000000000   6
398.90000000000000000000   1
399.00000000000000000000   2
399.10000000000000000000   4
399.20000000000000000000   5
399.30000000000000000000   2
399.40000000000000000000   2
399.50000000000000000000   4
399.60000000000000000000   2
399.70000000000000000000   4
