# Total_native_contacts: 483
#Frame Native_contacts
0 413
1 407
2 415
3 418
4 418
5 412
6 405
7 407
8 396
9 406
10 400
11 395
12 397
13 400
14 392
15 387
16 393
17 396
18 405
19 388
20 396
21 388
22 398
23 396
24 392
25 396
26 403
27 401
28 401
29 391
30 400
31 397
32 400
33 401
34 407
35 404
36 392
37 391
38 391
39 397
40 404
41 401
42 400
43 404
44 399
45 410
46 401
47 404
48 407
49 406
50 399
51 400
52 410
53 403
54 396
55 408
56 403
57 400
58 401
59 397
60 390
61 397
62 391
63 390
64 400
65 399
66 402
67 402
68 406
69 399
70 394
71 391
72 401
73 398
74 397
75 400
76 402
77 399
78 393
79 401
80 406
81 406
82 408
83 403
84 397
85 412
86 398
87 381
88 392
89 407
90 399
91 392
92 404
93 394
94 400
95 400
96 399
97 393
98 399
99 403
100 395
101 396
102 394
103 406
104 392
105 395
106 395
107 385
108 387
109 389
110 388
111 394
112 394
113 388
114 392
115 394
116 385
117 388
118 392
119 391
120 389
121 389
122 393
123 390
124 385
125 391
126 385
127 389
128 376
129 393
130 394
131 400
132 399
133 402
134 386
135 388
136 395
137 402
138 406
139 403
140 399
141 395
142 393
143 402
144 392
145 387
146 387
147 397
148 395
149 397
150 397
151 384
152 393
153 396
154 385
155 389
156 387
157 392
158 398
159 390
160 389
161 383
162 381
163 392
164 388
165 389
166 384
167 390
168 380
169 384
170 389
171 389
172 385
173 376
174 387
175 388
176 387
177 378
178 384
179 385
180 369
181 381
182 388
183 378
184 367
185 375
186 371
187 384
188 375
189 378
190 376
191 382
192 385
193 374
194 378
195 379
196 383
197 379
198 376
199 380
200 374
201 380
202 378
203 377
204 379
205 378
206 374
207 383
208 371
209 375
210 378
211 382
212 381
213 387
214 380
215 383
216 383
217 387
218 383
219 377
220 369
221 382
222 382
223 379
224 382
225 381
226 381
227 376
228 374
229 386
230 383
231 380
232 384
233 378
234 383
235 379
236 387
237 379
238 379
239 371
240 372
241 361
242 380
243 376
244 376
245 379
246 376
247 374
248 381
249 369
250 368
251 370
252 366
253 370
254 372
255 370
256 377
257 372
258 361
259 375
260 378
261 370
262 362
263 365
264 372
265 368
266 362
267 370
268 370
269 372
270 372
271 373
272 386
273 371
274 374
275 380
276 380
277 378
278 377
279 382
280 378
281 387
282 381
283 378
284 384
285 387
286 380
287 381
288 387
289 390
290 380
291 383
292 379
293 386
294 384
295 374
296 387
297 379
298 389
299 386
300 375
301 380
302 377
303 381
304 379
305 379
306 381
307 379
308 382
309 388
310 381
311 382
312 376
313 385
314 382
315 388
316 360
317 386
318 380
319 383
320 386
321 376
322 382
323 387
324 382
325 376
326 377
327 384
328 387
329 394
330 381
331 364
332 378
333 392
334 384
335 383
336 382
337 378
338 390
339 386
340 396
341 385
342 388
343 389
344 389
345 384
346 379
347 378
348 378
349 381
350 379
351 375
352 383
353 391
354 377
355 387
356 387
357 379
358 388
359 393
360 396
361 386
362 394
363 388
364 393
365 387
366 393
367 384
368 389
369 388
370 386
371 381
372 379
373 382
374 391
375 391
376 393
377 388
378 385
379 387
380 376
381 385
382 379
383 381
384 393
385 387
386 389
387 395
388 385
389 389
390 387
391 386
392 390
393 387
394 389
395 384
396 389
397 396
398 384
399 386
400 390
401 398
402 388
403 382
404 386
405 395
406 388
407 374
408 380
409 381
410 390
411 384
412 391
413 384
414 384
415 381
416 385
417 383
418 394
419 393
420 385
421 388
422 379
423 391
424 385
425 379
426 387
427 386
428 378
429 390
430 379
431 384
432 386
433 389
434 379
435 387
436 383
437 378
438 376
439 371
440 378
441 381
442 370
443 378
444 386
445 386
446 379
447 377
448 377
449 378
450 377
451 381
452 390
453 375
454 381
455 375
456 384
457 372
458 386
459 385
460 379
461 374
462 373
463 386
464 377
465 377
466 373
467 382
468 383
469 382
470 375
471 383
472 376
473 377
474 382
475 378
476 383
477 393
478 377
479 375
480 377
481 375
482 382
483 381
484 382
485 389
486 391
487 383
488 392
489 387
490 385
491 389
492 383
493 384
494 384
495 385
496 372
497 384
498 374
499 388
500 389
501 382
502 383
503 379
504 377
505 386
506 368
507 379
508 374
509 381
510 386
511 384
512 376
513 380
514 370
515 382
516 373
517 375
518 382
519 380
520 394
521 385
522 383
523 380
524 380
525 392
526 377
527 375
528 382
529 380
530 389
531 384
532 392
533 380
534 379
535 377
536 374
537 375
538 369
539 372
540 386
541 379
542 381
543 380
544 367
545 362
546 365
547 359
548 363
549 368
550 366
551 364
552 369
553 363
554 366
555 365
556 366
557 375
558 373
559 367
560 360
561 370
562 365
563 377
564 369
565 369
566 366
567 364
568 375
569 374
570 370
571 370
572 380
573 369
574 378
575 371
576 376
577 375
578 382
579 375
580 381
581 380
582 377
583 378
584 376
585 377
586 374
587 377
588 380
589 375
590 376
591 370
592 378
593 377
594 376
595 381
596 381
597 380
598 375
599 372
600 377
601 372
602 381
603 379
604 366
605 376
606 376
607 381
608 380
609 381
610 378
611 370
612 383
613 366
614 377
615 371
616 375
617 374
618 383
619 381
620 378
621 382
622 384
623 376
624 383
625 380
626 380
627 379
628 383
629 381
630 375
631 374
632 368
633 385
634 376
635 381
636 378
637 376
638 383
639 375
640 378
641 381
642 379
643 376
644 377
645 376
646 381
647 378
648 375
649 362
650 369
651 369
652 371
653 368
654 379
655 368
656 375
657 375
658 380
659 369
660 376
661 374
662 376
663 383
664 372
665 376
666 382
667 378
668 374
669 375
670 368
671 376
672 381
673 382
674 374
675 375
676 372
677 370
678 378
679 385
680 379
681 375
682 378
683 377
684 375
685 379
686 377
687 384
688 387
689 388
690 389
691 383
692 381
693 370
694 373
695 363
696 365
697 375
698 381
699 369
700 369
701 364
702 360
703 375
704 363
705 371
706 367
707 376
708 367
709 364
710 367
711 371
712 379
713 369
714 375
715 375
716 362
717 357
718 358
719 350
720 364
721 365
722 359
723 356
724 358
725 356
726 355
727 362
728 364
729 359
730 366
731 371
732 357
733 368
734 372
735 356
736 364
737 364
738 363
739 365
740 377
741 372
742 380
743 377
744 374
745 368
746 358
747 373
748 368
749 367
750 369
751 372
752 364
753 364
754 373
755 367
756 369
757 374
758 372
759 372
760 375
761 368
762 369
763 365
764 360
765 374
766 359
767 371
768 360
769 363
770 366
771 370
772 365
773 359
774 365
775 356
776 365
777 359
778 357
779 371
780 372
781 368
782 373
783 366
784 376
785 367
786 368
787 367
788 375
789 380
790 372
791 373
792 372
793 375
794 374
795 366
796 359
797 367
798 360
799 356
800 360
801 353
802 348
803 356
804 351
805 363
806 355
807 361
808 358
809 368
810 351
811 360
812 348
813 357
814 356
815 355
816 358
817 358
818 367
819 356
820 363
821 364
822 370
823 365
824 365
825 366
826 362
827 362
828 357
829 356
830 369
831 371
832 366
833 369
834 365
835 369
836 369
837 371
838 362
839 370
840 370
841 370
842 369
843 356
844 367
845 356
846 365
847 372
848 365
849 368
850 365
851 370
852 373
853 368
854 377
855 375
856 370
857 369
858 369
859 368
860 370
861 373
862 363
863 361
864 359
865 362
866 359
867 367
868 360
869 352
870 358
871 351
872 364
873 350
874 363
875 360
876 349
877 346
878 356
879 353
880 352
881 356
882 355
883 362
884 340
885 349
886 363
887 362
888 361
889 363
890 371
891 363
892 353
893 359
894 352
895 360
896 351
897 353
898 354
899 358
900 357
901 354
902 352
903 356
904 364
905 352
906 356
907 371
908 356
909 351
910 351
911 355
912 362
913 354
914 351
915 345
916 357
917 352
918 351
919 354
920 362
921 357
922 346
923 351
924 344
925 356
926 352
927 352
928 350
929 343
930 350
931 348
932 350
933 341
934 351
935 359
936 360
937 355
938 360
939 348
940 347
941 348
942 347
943 340
944 343
945 342
946 349
947 345
948 337
949 339
950 347
951 341
952 340
953 340
954 344
955 343
956 341
957 342
958 348
959 347
960 338
961 348
962 350
963 350
964 351
965 347
966 348
967 356
968 345
969 345
970 343
971 347
972 341
973 347
974 353
975 347
976 357
977 342
978 328
979 340
980 321
981 323
982 330
983 331
984 321
985 322
986 324
987 319
988 312
989 320
990 317
991 325
992 324
993 311
994 315
995 326
996 326
997 315
998 323
999 319
1000 315
1001 311
1002 319
1003 314
1004 314
1005 318
1006 313
1007 312
1008 316
1009 304
1010 312
1011 320
1012 311
1013 308
1014 302
1015 305
1016 307
1017 309
1018 314
1019 322
1020 321
1021 317
1022 316
1023 316
1024 311
1025 317
1026 312
1027 311
1028 313
1029 311
1030 308
1031 311
1032 323
1033 322
1034 316
1035 318
1036 313
1037 310
1038 307
1039 308
1040 309
1041 315
1042 313
1043 327
1044 322
1045 316
1046 313
1047 322
1048 326
1049 331
1050 316
1051 319
1052 312
1053 319
1054 322
1055 326
1056 327
1057 329
1058 321
1059 321
1060 321
1061 318
1062 315
1063 322
1064 313
1065 321
1066 313
1067 308
1068 310
1069 327
1070 317
1071 318
1072 320
1073 320
1074 319
1075 314
1076 324
1077 317
1078 321
1079 311
1080 326
1081 326
1082 331
1083 322
1084 318
1085 326
1086 337
1087 326
1088 329
1089 334
1090 332
1091 332
1092 325
1093 325
1094 329
1095 323
1096 332
1097 332
1098 328
1099 329
1100 322
1101 317
1102 314
1103 320
1104 318
1105 315
1106 312
1107 317
1108 314
1109 315
1110 317
1111 320
1112 322
1113 323
1114 322
1115 321
1116 321
1117 320
1118 327
1119 323
1120 325
1121 319
1122 318
1123 327
1124 326
1125 328
1126 324
1127 322
1128 321
1129 330
1130 325
1131 324
1132 330
1133 321
1134 327
1135 320
1136 317
1137 316
1138 327
1139 321
1140 325
1141 322
1142 317
1143 322
1144 312
1145 324
1146 316
1147 321
1148 317
1149 320
1150 309
1151 323
1152 322
1153 328
1154 318
1155 321
1156 316
1157 325
1158 311
1159 326
1160 312
1161 325
1162 323
1163 314
1164 323
1165 314
1166 310
1167 312
1168 321
1169 320
1170 319
1171 318
1172 312
1173 322
1174 315
1175 323
1176 324
1177 323
1178 320
1179 326
1180 328
1181 333
1182 332
1183 337
1184 333
1185 327
1186 333
1187 323
1188 318
1189 315
1190 322
1191 328
1192 327
1193 320
1194 321
1195 327
1196 331
1197 329
1198 319
1199 326
1200 320
1201 332
1202 321
1203 320
1204 317
1205 325
1206 316
1207 314
1208 314
1209 311
1210 314
1211 313
1212 315
1213 316
1214 312
1215 315
1216 310
1217 310
1218 308
1219 305
1220 304
1221 311
1222 311
1223 303
1224 315
1225 318
1226 309
1227 312
1228 309
1229 306
1230 307
1231 308
1232 308
1233 310
1234 307
1235 311
1236 315
1237 317
1238 312
1239 304
1240 307
1241 317
1242 311
1243 301
1244 320
1245 312
1246 307
1247 308
1248 313
1249 310
1250 306
1251 314
1252 305
1253 301
1254 307
1255 298
1256 301
1257 304
1258 302
1259 302
1260 293
1261 308
1262 302
1263 302
1264 307
1265 302
1266 301
1267 308
1268 302
1269 310
1270 301
1271 302
1272 305
1273 301
1274 302
1275 302
1276 304
1277 303
1278 294
1279 296
1280 302
1281 305
1282 305
1283 306
1284 309
1285 308
1286 310
1287 311
1288 309
1289 305
1290 304
1291 304
1292 309
1293 312
1294 311
1295 308
1296 310
1297 302
1298 307
1299 304
1300 307
1301 307
1302 306
1303 305
1304 297
1305 307
1306 309
1307 307
1308 312
1309 308
1310 315
1311 311
1312 317
1313 314
1314 321
1315 310
1316 312
1317 314
1318 307
1319 302
1320 310
1321 306
1322 308
1323 302
1324 311
1325 316
1326 313
1327 308
1328 318
1329 307
1330 306
1331 295
1332 309
1333 313
1334 306
1335 306
1336 301
1337 298
1338 315
1339 307
1340 312
1341 309
1342 311
1343 305
1344 303
1345 305
1346 305
1347 305
1348 306
1349 296
1350 299
1351 302
1352 311
1353 306
1354 300
1355 309
1356 305
1357 305
1358 306
1359 308
1360 304
1361 308
1362 313
1363 298
1364 304
1365 304
1366 310
1367 306
1368 307
1369 311
1370 299
1371 304
1372 305
1373 303
1374 304
1375 304
1376 305
1377 306
1378 304
1379 313
1380 307
1381 303
1382 305
1383 299
1384 312
1385 321
1386 310
1387 317
1388 310
1389 314
1390 321
1391 315
1392 318
1393 313
1394 319
1395 324
1396 326
1397 322
1398 314
1399 309
1400 314
1401 322
1402 316
1403 324
1404 318
1405 317
1406 319
1407 324
1408 320
1409 315
1410 318
1411 317
1412 308
1413 310
1414 320
1415 314
1416 309
1417 320
1418 316
1419 321
1420 317
1421 312
1422 306
1423 316
1424 309
1425 302
1426 307
1427 311
1428 307
1429 309
1430 309
1431 304
1432 314
1433 312
1434 312
1435 318
1436 314
1437 310
1438 314
1439 316
1440 314
1441 313
1442 307
1443 315
1444 312
1445 300
1446 314
1447 313
1448 311
1449 314
1450 319
1451 316
1452 314
1453 320
1454 327
1455 321
1456 315
1457 312
1458 312
1459 324
1460 312
1461 314
1462 315
1463 312
1464 317
1465 319
1466 316
1467 306
1468 310
1469 309
1470 309
1471 318
1472 313
1473 320
1474 312
1475 316
1476 316
1477 314
1478 314
1479 311
1480 324
1481 319
1482 314
1483 312
1484 328
1485 317
1486 307
1487 310
1488 313
1489 314
1490 310
1491 309
1492 313
1493 317
1494 312
1495 316
1496 314
1497 316
1498 315
1499 307
1500 307
1501 305
1502 314
1503 305
1504 312
1505 314
1506 308
1507 315
1508 313
1509 314
1510 314
1511 313
1512 310
1513 314
1514 316
1515 312
1516 314
1517 322
1518 310
1519 315
1520 316
1521 320
1522 316
1523 321
1524 322
1525 315
1526 310
1527 308
1528 315
1529 318
1530 308
1531 308
1532 312
1533 315
1534 318
1535 315
1536 312
1537 315
1538 309
1539 315
1540 319
1541 312
1542 320
1543 310
1544 310
1545 306
1546 311
1547 304
1548 307
1549 318
1550 308
1551 308
1552 315
1553 309
1554 308
1555 312
1556 311
1557 306
1558 301
1559 310
1560 309
1561 308
1562 307
1563 310
1564 300
1565 311
1566 299
1567 303
1568 306
1569 309
1570 306
1571 306
1572 302
1573 309
1574 313
1575 312
1576 313
1577 304
1578 307
1579 305
1580 307
1581 303
1582 315
1583 314
1584 319
1585 326
1586 316
1587 322
1588 327
1589 316
1590 321
1591 318
1592 326
1593 322
1594 323
1595 319
1596 320
1597 324
1598 315
1599 313
1600 315
1601 314
1602 321
1603 318
1604 317
1605 320
1606 318
1607 321
1608 320
1609 318
1610 321
1611 319
1612 322
1613 324
1614 322
1615 315
1616 316
1617 315
1618 308
1619 321
1620 318
1621 312
1622 317
1623 312
1624 304
1625 321
1626 310
1627 313
1628 307
1629 308
1630 315
1631 318
1632 319
1633 316
1634 314
1635 309
1636 309
1637 314
1638 312
1639 313
1640 322
1641 313
1642 317
1643 319
1644 314
1645 307
1646 306
1647 311
1648 310
1649 312
1650 304
1651 313
1652 324
1653 316
1654 311
1655 317
1656 315
1657 307
1658 308
1659 313
1660 315
1661 318
1662 319
1663 313
1664 311
1665 312
1666 320
1667 317
1668 314
1669 313
1670 310
1671 306
1672 310
1673 313
1674 304
1675 309
1676 300
1677 309
1678 310
1679 305
1680 307
1681 304
1682 310
1683 301
1684 299
1685 304
1686 311
1687 311
1688 314
1689 308
1690 301
1691 306
1692 309
1693 314
1694 316
1695 308
1696 310
1697 313
1698 305
1699 298
1700 305
1701 304
1702 299
1703 301
1704 302
1705 304
1706 314
1707 304
1708 309
1709 302
1710 299
1711 307
1712 309
1713 315
1714 310
1715 304
1716 296
1717 304
1718 299
1719 300
1720 286
1721 302
1722 305
1723 303
1724 301
1725 299
1726 294
1727 293
1728 291
1729 302
1730 295
1731 296
1732 293
1733 308
1734 305
1735 305
1736 310
1737 310
1738 297
1739 290
1740 289
1741 289
1742 294
1743 290
1744 296
1745 291
1746 294
1747 293
1748 301
1749 295
1750 289
1751 299
1752 293
1753 293
1754 291
1755 291
1756 293
1757 291
1758 303
1759 291
1760 299
1761 294
1762 302
1763 297
1764 296
1765 304
1766 304
1767 300
1768 300
1769 303
1770 305
1771 299
1772 305
1773 306
1774 304
1775 296
1776 302
1777 306
1778 303
1779 298
1780 286
1781 299
1782 298
1783 304
1784 302
1785 295
1786 297
1787 295
1788 291
1789 289
1790 294
1791 294
1792 297
1793 302
1794 298
1795 305
1796 299
1797 305
1798 296
1799 292
1800 290
1801 297
1802 298
1803 303
1804 297
1805 300
1806 303
1807 295
1808 293
1809 304
1810 299
1811 295
1812 300
1813 292
1814 296
1815 297
1816 298
1817 296
1818 290
1819 306
1820 303
1821 307
1822 302
1823 302
1824 289
1825 289
1826 299
1827 302
1828 292
1829 293
1830 292
1831 294
1832 296
1833 290
1834 296
1835 298
1836 307
1837 294
1838 290
1839 301
1840 296
1841 287
1842 299
1843 295
1844 292
1845 290
1846 287
1847 288
1848 292
1849 293
1850 285
1851 292
1852 291
1853 290
1854 295
1855 293
1856 287
1857 294
1858 294
1859 291
1860 296
1861 291
1862 294
1863 288
1864 292
1865 295
1866 289
1867 291
1868 292
1869 291
1870 295
1871 286
1872 295
1873 299
1874 291
1875 290
1876 295
1877 303
1878 297
1879 303
1880 297
1881 291
1882 290
1883 292
1884 299
1885 293
1886 292
1887 290
1888 294
1889 294
1890 298
1891 299
1892 299
1893 297
1894 296
1895 293
1896 301
1897 302
1898 296
1899 300
1900 305
1901 302
1902 302
1903 300
1904 298
1905 301
1906 299
1907 299
1908 296
1909 297
1910 301
1911 302
1912 306
1913 306
1914 297
1915 305
1916 305
1917 295
1918 303
1919 306
1920 308
1921 305
1922 313
1923 306
1924 304
1925 302
1926 304
1927 302
1928 302
1929 305
1930 296
1931 298
1932 305
1933 309
1934 306
1935 306
1936 304
1937 298
1938 307
1939 309
1940 312
1941 302
1942 301
1943 302
1944 300
1945 308
1946 305
1947 309
1948 300
1949 303
1950 300
1951 311
1952 301
1953 293
1954 304
1955 299
1956 303
1957 290
1958 298
1959 304
1960 296
1961 286
1962 288
1963 300
1964 300
1965 296
1966 297
1967 303
1968 296
1969 297
1970 303
1971 303
1972 292
1973 299
1974 297
1975 298
1976 294
1977 300
1978 305
1979 285
1980 297
1981 305
1982 298
1983 298
1984 302
1985 299
1986 300
1987 295
1988 299
1989 303
1990 305
1991 298
1992 302
1993 306
1994 309
1995 296
1996 294
1997 292
1998 299
1999 291
2000 301
2001 295
2002 297
2003 298
2004 294
2005 303
2006 300
2007 294
2008 298
2009 300
2010 292
2011 286
2012 289
2013 292
2014 290
2015 294
2016 295
2017 294
2018 292
2019 290
2020 293
2021 286
2022 295
2023 294
2024 292
2025 291
2026 295
2027 299
2028 303
2029 295
2030 295
2031 289
2032 295
2033 294
2034 280
2035 291
2036 290
2037 289
2038 290
2039 288
2040 282
2041 287
2042 281
2043 279
2044 287
2045 280
2046 288
2047 276
2048 282
2049 283
2050 280
2051 288
2052 275
2053 285
2054 287
2055 285
2056 288
2057 286
2058 283
2059 288
2060 280
2061 283
2062 289
2063 281
2064 289
2065 281
2066 295
2067 295
2068 294
2069 297
2070 288
2071 286
2072 299
2073 302
2074 304
2075 303
2076 302
2077 292
2078 299
2079 305
2080 302
2081 300
2082 305
2083 304
2084 300
2085 301
2086 306
2087 305
2088 309
2089 298
2090 303
2091 304
2092 307
2093 305
2094 306
2095 301
2096 309
2097 304
2098 302
2099 294
2100 291
2101 288
2102 299
2103 290
2104 299
2105 292
2106 296
2107 303
2108 300
2109 292
2110 301
2111 306
2112 296
2113 290
2114 294
2115 300
2116 298
2117 298
2118 295
2119 308
2120 289
2121 301
2122 298
2123 293
2124 292
2125 290
2126 296
2127 302
2128 305
2129 300
2130 296
2131 292
2132 306
2133 299
2134 300
2135 305
2136 299
2137 315
2138 308
2139 307
2140 297
2141 310
2142 297
2143 301
2144 311
2145 306
2146 299
2147 299
2148 308
2149 305
2150 303
2151 303
2152 301
2153 306
2154 301
2155 306
2156 298
2157 305
2158 302
2159 306
2160 301
2161 305
2162 299
2163 311
2164 300
2165 307
2166 301
2167 310
2168 305
2169 305
2170 309
2171 311
2172 315
2173 304
2174 300
2175 310
2176 299
2177 307
2178 306
2179 301
2180 290
2181 284
2182 292
2183 294
2184 292
2185 288
2186 300
2187 305
2188 303
2189 302
2190 306
2191 300
2192 298
2193 293
2194 301
2195 304
2196 297
2197 299
2198 300
2199 297
2200 288
2201 296
2202 302
2203 298
2204 304
2205 297
2206 292
2207 290
2208 294
2209 302
2210 298
2211 303
2212 295
2213 296
2214 289
2215 291
2216 297
2217 298
2218 287
2219 300
2220 297
2221 299
2222 298
2223 295
2224 302
2225 308
2226 309
2227 303
2228 299
2229 303
2230 311
2231 302
2232 301
2233 297
2234 293
2235 302
2236 288
2237 295
2238 299
2239 297
2240 296
2241 294
2242 298
2243 298
2244 300
2245 298
2246 298
2247 299
2248 297
2249 303
2250 298
2251 295
2252 301
2253 297
2254 297
2255 300
2256 303
2257 299
2258 300
2259 300
2260 290
2261 295
2262 294
2263 299
2264 297
2265 295
2266 303
2267 297
2268 302
2269 303
2270 301
2271 288
2272 297
2273 298
2274 294
2275 289
2276 293
2277 293
2278 295
2279 293
2280 288
2281 290
2282 291
2283 297
2284 298
2285 290
2286 294
2287 292
2288 300
2289 283
2290 293
2291 287
2292 299
2293 291
2294 303
2295 300
2296 295
2297 302
2298 293
2299 301
2300 293
2301 293
2302 301
2303 299
2304 301
2305 295
2306 291
2307 296
2308 293
2309 297
2310 292
2311 297
2312 294
2313 293
2314 299
2315 295
2316 296
2317 288
2318 284
2319 288
2320 292
2321 288
2322 291
2323 294
2324 290
2325 292
2326 293
2327 288
2328 286
2329 281
2330 281
2331 284
2332 291
2333 291
2334 295
2335 295
2336 291
2337 290
2338 291
2339 291
2340 291
2341 298
2342 288
2343 292
2344 286
2345 293
2346 293
2347 296
2348 290
2349 290
2350 289
2351 288
2352 296
2353 286
2354 300
2355 292
2356 294
2357 294
2358 294
2359 293
2360 296
2361 295
2362 293
2363 293
2364 296
2365 292
2366 295
2367 291
2368 297
2369 284
2370 291
2371 287
2372 289
2373 290
2374 287
2375 290
2376 292
2377 294
2378 294
2379 290
2380 291
2381 298
2382 293
2383 290
2384 284
2385 284
2386 284
2387 296
2388 290
2389 286
2390 287
2391 292
2392 291
2393 293
2394 292
2395 295
2396 293
2397 293
2398 290
2399 289
2400 287
2401 292
2402 296
2403 288
2404 295
2405 288
2406 295
2407 293
2408 294
2409 291
2410 294
2411 290
2412 291
2413 290
2414 294
2415 298
2416 298
2417 298
2418 291
2419 292
2420 292
2421 297
2422 295
2423 296
2424 294
2425 291
2426 290
2427 290
2428 295
2429 293
2430 295
2431 294
2432 286
2433 291
2434 295
2435 288
2436 292
2437 290
2438 291
2439 295
2440 299
2441 289
2442 294
2443 288
2444 293
2445 286
2446 287
2447 287
2448 289
2449 300
2450 295
2451 299
2452 291
2453 284
2454 291
2455 294
2456 296
2457 299
2458 291
2459 292
2460 288
2461 291
2462 294
2463 299
2464 298
2465 289
2466 285
2467 287
2468 289
2469 290
2470 293
2471 299
2472 301
2473 285
2474 300
2475 293
2476 299
2477 293
2478 298
2479 290
2480 291
2481 296
2482 295
2483 295
2484 298
2485 289
2486 298
2487 299
2488 295
2489 296
2490 292
2491 294
2492 299
2493 292
2494 295
2495 301
2496 285
2497 293
2498 292
2499 302
2500 296
2501 293
2502 293
2503 292
2504 287
2505 292
2506 296
2507 298
2508 290
2509 286
2510 292
2511 297
2512 297
2513 299
2514 291
2515 292
2516 295
2517 291
2518 294
2519 299
2520 291
2521 286
2522 291
2523 288
2524 283
2525 287
2526 284
2527 289
2528 288
2529 289
2530 289
2531 284
2532 289
2533 286
2534 288
2535 291
2536 291
2537 282
2538 292
2539 282
2540 287
2541 293
2542 297
2543 294
2544 290
2545 284
2546 291
2547 292
2548 287
2549 292
2550 290
2551 287
2552 283
2553 296
2554 292
2555 296
2556 290
2557 288
2558 295
2559 296
2560 296
2561 297
2562 294
2563 289
2564 295
2565 296
2566 298
2567 300
2568 297
2569 292
2570 290
2571 290
2572 288
2573 294
2574 293
2575 301
2576 292
2577 291
2578 289
2579 292
2580 290
2581 300
2582 300
2583 289
2584 298
2585 295
2586 300
2587 287
2588 294
2589 290
2590 299
2591 292
2592 290
2593 287
2594 287
2595 290
2596 287
2597 295
2598 293
2599 295
2600 301
2601 293
2602 298
2603 294
2604 295
2605 296
2606 299
2607 303
2608 295
2609 300
2610 301
2611 300
2612 304
2613 312
2614 301
2615 306
2616 304
2617 299
2618 297
2619 303
2620 296
2621 303
2622 300
2623 296
2624 297
2625 293
2626 303
2627 295
2628 294
2629 294
2630 288
2631 286
2632 297
2633 292
2634 293
2635 300
2636 287
2637 298
2638 297
2639 285
2640 289
2641 283
2642 289
2643 285
2644 290
2645 286
2646 285
2647 294
2648 293
2649 299
2650 285
2651 291
2652 290
2653 295
2654 284
2655 286
2656 281
2657 288
2658 288
2659 287
2660 284
2661 289
2662 292
2663 292
2664 281
2665 285
2666 285
2667 288
2668 289
2669 290
2670 292
2671 302
2672 296
2673 295
2674 304
2675 303
2676 302
2677 300
2678 296
2679 293
2680 296
2681 290
2682 291
2683 283
2684 283
2685 289
2686 286
2687 278
2688 292
2689 289
2690 292
2691 289
2692 288
2693 285
2694 284
2695 288
2696 287
2697 287
2698 281
2699 287
2700 286
2701 286
2702 286
2703 278
2704 278
2705 292
2706 281
2707 285
2708 288
2709 285
2710 285
2711 292
2712 290
2713 299
2714 294
2715 301
2716 292
2717 300
2718 294
2719 305
2720 292
2721 286
2722 298
2723 295
2724 297
2725 296
2726 291
2727 299
2728 295
2729 292
2730 286
2731 282
2732 290
2733 287
2734 289
2735 289
2736 289
2737 287
2738 293
2739 290
2740 295
2741 293
2742 298
2743 299
2744 291
2745 304
2746 292
2747 301
2748 299
2749 298
2750 293
2751 297
2752 298
2753 306
2754 296
2755 300
2756 302
2757 297
2758 298
2759 304
2760 303
2761 300
2762 304
2763 303
2764 299
2765 306
2766 303
2767 301
2768 306
2769 300
2770 305
2771 299
2772 300
2773 302
2774 303
2775 299
2776 297
2777 301
2778 301
2779 302
2780 300
2781 293
2782 304
2783 302
2784 310
2785 297
2786 304
2787 299
2788 298
2789 300
2790 299
2791 300
2792 293
2793 295
2794 287
2795 297
2796 298
2797 312
2798 304
2799 309
2800 297
2801 297
2802 297
2803 304
2804 303
2805 304
2806 305
2807 302
2808 298
2809 298
2810 289
2811 285
2812 291
2813 288
2814 292
2815 287
2816 296
2817 290
2818 291
2819 292
2820 297
2821 295
2822 298
2823 302
2824 294
2825 299
2826 298
2827 286
2828 293
2829 298
2830 299
2831 293
2832 298
2833 301
2834 299
2835 302
2836 293
2837 294
2838 292
2839 295
2840 287
2841 290
2842 286
2843 296
2844 292
2845 300
2846 301
2847 291
2848 290
2849 301
2850 303
2851 301
2852 307
2853 287
2854 297
2855 299
2856 294
2857 290
2858 298
2859 300
2860 297
2861 294
2862 298
2863 288
2864 303
2865 298
2866 300
2867 295
2868 292
2869 297
2870 299
2871 296
2872 294
2873 286
2874 306
2875 293
2876 293
2877 294
2878 293
2879 297
2880 300
2881 302
2882 300
2883 299
2884 292
2885 278
2886 276
2887 287
2888 287
2889 281
2890 278
2891 290
2892 287
2893 289
2894 292
2895 282
2896 283
2897 287
2898 282
2899 280
2900 281
2901 282
2902 289
2903 281
2904 281
2905 280
2906 291
2907 279
2908 284
2909 283
2910 279
2911 277
2912 278
2913 282
2914 280
2915 277
2916 275
2917 285
2918 285
2919 286
2920 279
2921 287
2922 279
2923 290
2924 293
2925 300
2926 287
2927 301
2928 296
2929 295
2930 297
2931 295
2932 291
2933 299
2934 295
2935 293
2936 295
2937 294
2938 292
2939 291
2940 281
2941 288
2942 288
2943 294
2944 283
2945 285
2946 285
2947 288
2948 285
2949 281
2950 288
2951 288
2952 282
2953 286
2954 281
2955 293
2956 286
2957 293
2958 293
2959 296
2960 281
2961 290
2962 291
2963 293
2964 301
2965 287
2966 289
2967 299
2968 294
2969 289
2970 291
2971 293
2972 301
2973 296
2974 300
2975 294
2976 292
2977 290
2978 298
2979 297
2980 293
2981 303
2982 298
2983 292
2984 295
2985 297
2986 296
2987 296
2988 298
2989 291
2990 291
2991 298
2992 306
2993 292
2994 291
2995 300
2996 292
2997 292
2998 300
2999 293
3000 299
3001 291
3002 289
3003 291
3004 291
3005 289
3006 283
3007 300
3008 293
3009 297
3010 295
3011 292
3012 301
3013 295
3014 283
3015 295
3016 284
3017 280
3018 281
3019 287
3020 288
3021 283
3022 290
3023 285
3024 289
3025 290
3026 289
3027 291
3028 288
3029 280
3030 280
3031 282
3032 281
3033 280
3034 290
3035 285
3036 283
3037 293
3038 289
3039 279
3040 293
3041 291
3042 289
3043 290
3044 294
3045 287
3046 299
3047 292
3048 294
3049 295
3050 294
3051 286
3052 295
3053 297
3054 292
3055 290
3056 288
3057 298
3058 295
3059 293
3060 284
3061 288
3062 293
3063 301
3064 295
3065 294
3066 288
3067 287
3068 291
3069 294
3070 292
3071 290
3072 285
3073 288
3074 286
3075 287
3076 295
3077 289
3078 294
3079 292
3080 289
3081 289
3082 284
3083 281
3084 285
3085 276
3086 286
3087 290
3088 289
3089 291
3090 288
3091 296
3092 291
3093 294
3094 283
3095 288
3096 291
3097 292
3098 293
3099 292
3100 294
3101 288
3102 291
3103 287
3104 291
3105 288
3106 288
3107 289
3108 291
3109 290
3110 289
3111 283
3112 291
3113 291
3114 293
3115 297
3116 291
3117 294
3118 291
3119 287
3120 295
3121 301
3122 296
3123 291
3124 291
3125 289
3126 287
3127 295
3128 288
3129 291
3130 285
3131 288
3132 299
3133 293
3134 291
3135 284
3136 289
3137 294
3138 284
3139 295
3140 287
3141 296
3142 297
3143 292
3144 294
3145 294
3146 290
3147 302
3148 293
3149 302
3150 288
3151 292
3152 297
3153 296
3154 290
3155 292
3156 298
3157 290
3158 298
3159 296
3160 287
3161 298
3162 305
3163 304
3164 296
3165 296
3166 290
3167 285
3168 286
3169 291
3170 293
3171 300
3172 294
3173 291
3174 296
3175 284
3176 290
3177 295
3178 286
3179 290
3180 291
3181 297
3182 290
3183 289
3184 291
3185 288
3186 295
3187 289
3188 300
3189 296
3190 300
3191 296
3192 291
3193 294
3194 295
3195 290
3196 288
3197 286
3198 283
3199 285
3200 302
3201 294
3202 293
3203 290
3204 298
3205 291
3206 290
3207 308
3208 301
3209 298
3210 299
3211 297
3212 293
3213 297
3214 295
3215 298
3216 309
3217 302
3218 301
3219 300
3220 301
3221 299
3222 308
3223 299
3224 300
3225 302
3226 307
3227 298
3228 289
3229 300
3230 297
3231 296
3232 297
3233 295
3234 295
3235 296
3236 291
3237 300
3238 297
3239 302
3240 303
3241 303
3242 301
3243 300
3244 298
3245 303
3246 309
3247 302
3248 306
3249 304
3250 304
3251 305
3252 304
3253 301
3254 294
3255 291
3256 298
3257 296
3258 305
3259 306
3260 302
3261 303
3262 301
3263 310
3264 313
3265 307
3266 307
3267 305
3268 303
3269 297
3270 306
3271 305
3272 312
3273 301
3274 306
3275 304
3276 295
3277 296
3278 295
3279 301
3280 303
3281 293
3282 301
3283 297
3284 298
3285 297
3286 295
3287 305
3288 300
3289 296
3290 300
3291 294
3292 296
3293 304
3294 306
3295 303
3296 300
3297 292
3298 289
3299 304
3300 301
3301 298
3302 299
3303 298
3304 303
3305 297
3306 299
3307 299
3308 300
3309 298
3310 293
3311 291
3312 290
3313 294
3314 291
3315 288
3316 290
3317 297
3318 293
3319 291
3320 296
3321 292
3322 292
3323 296
3324 293
3325 301
3326 292
3327 294
3328 285
3329 291
3330 290
3331 294
3332 287
3333 293
3334 295
3335 289
3336 296
3337 289
3338 295
3339 294
3340 293
3341 293
3342 289
3343 295
3344 284
3345 296
3346 291
3347 298
3348 298
3349 293
3350 288
3351 297
3352 293
3353 294
3354 299
3355 293
3356 294
3357 291
3358 296
3359 301
3360 294
3361 298
3362 295
3363 296
3364 288
3365 297
3366 287
3367 292
3368 291
3369 296
3370 297
3371 297
3372 295
3373 296
3374 292
3375 290
3376 298
3377 291
3378 292
3379 292
3380 291
3381 291
3382 302
3383 292
3384 292
3385 296
3386 291
3387 304
3388 297
3389 298
3390 298
3391 291
3392 290
3393 303
3394 296
3395 301
3396 296
3397 296
3398 301
3399 306
3400 293
3401 301
3402 297
3403 294
3404 299
3405 302
3406 296
3407 296
3408 297
3409 303
3410 294
3411 296
3412 293
3413 298
3414 290
3415 296
3416 289
3417 290
3418 295
3419 293
3420 294
3421 295
3422 293
3423 295
3424 286
3425 299
3426 287
3427 295
3428 289
3429 300
3430 292
3431 302
3432 294
3433 301
3434 297
3435 300
3436 294
3437 298
3438 296
3439 293
3440 297
3441 287
3442 295
3443 298
3444 290
3445 298
3446 294
3447 285
3448 286
3449 289
3450 284
3451 288
3452 290
3453 288
3454 295
3455 284
3456 300
3457 298
3458 294
3459 288
3460 292
3461 292
3462 287
3463 287
3464 285
3465 291
3466 287
3467 291
3468 295
3469 289
3470 291
3471 289
3472 296
3473 298
3474 299
3475 287
3476 295
3477 296
3478 290
3479 306
3480 304
3481 294
3482 299
3483 299
3484 294
3485 296
3486 292
3487 302
3488 296
3489 290
3490 285
3491 299
3492 295
3493 295
3494 290
3495 297
3496 291
3497 297
3498 297
3499 290
3500 294
3501 295
3502 277
3503 291
3504 283
3505 287
3506 285
3507 282
3508 285
3509 280
3510 282
3511 289
3512 273
3513 281
3514 282
3515 284
3516 286
3517 280
3518 284
3519 286
3520 284
3521 290
3522 289
3523 280
3524 290
3525 287
3526 283
3527 288
3528 290
3529 286
3530 283
3531 287
3532 290
3533 285
3534 286
3535 293
3536 296
3537 295
3538 286
3539 296
3540 299
3541 298
3542 299
3543 298
3544 298
3545 294
3546 294
3547 295
3548 291
3549 297
3550 292
3551 293
3552 295
3553 297
3554 296
3555 291
3556 287
3557 299
3558 292
3559 295
3560 294
3561 286
3562 294
3563 288
3564 289
3565 293
3566 295
3567 287
3568 290
3569 293
3570 288
3571 288
3572 285
3573 282
3574 291
3575 287
3576 286
3577 283
3578 285
3579 294
3580 289
3581 296
3582 280
3583 288
3584 291
3585 287
3586 289
3587 291
3588 285
3589 294
3590 293
3591 295
3592 295
3593 289
3594 292
3595 301
3596 290
3597 293
3598 295
3599 289
3600 297
3601 294
3602 303
3603 300
3604 301
3605 300
3606 292
3607 297
3608 301
3609 296
3610 300
3611 306
3612 297
3613 301
3614 296
3615 292
3616 289
3617 291
3618 296
3619 290
3620 289
3621 296
3622 299
3623 286
3624 294
3625 297
3626 289
3627 296
3628 296
3629 297
3630 291
3631 291
3632 292
3633 297
3634 299
3635 291
3636 289
3637 291
3638 293
3639 289
3640 291
3641 289
3642 300
3643 287
3644 289
3645 294
3646 288
3647 288
3648 285
3649 292
3650 291
3651 290
3652 292
3653 291
3654 286
3655 294
3656 284
3657 290
3658 290
3659 291
3660 290
3661 292
3662 295
3663 293
3664 291
3665 290
3666 287
3667 290
3668 287
3669 294
3670 290
3671 296
3672 293
3673 289
3674 293
3675 298
3676 287
3677 296
3678 296
3679 297
3680 295
3681 293
3682 288
3683 289
3684 292
3685 283
3686 291
3687 292
3688 289
3689 296
3690 290
3691 293
3692 291
3693 292
3694 291
3695 293
3696 284
3697 292
3698 295
3699 290
3700 283
3701 287
3702 292
3703 288
3704 299
3705 299
3706 291
3707 286
3708 298
3709 296
3710 302
3711 288
3712 289
3713 289
3714 286
3715 297
3716 285
3717 283
3718 292
3719 294
3720 280
3721 283
3722 279
3723 285
3724 287
3725 289
3726 292
3727 294
3728 293
3729 288
3730 284
3731 292
3732 291
3733 289
3734 282
3735 290
3736 280
3737 289
3738 285
3739 286
3740 292
3741 290
3742 288
3743 283
3744 283
3745 283
3746 290
3747 293
3748 297
3749 293
3750 295
3751 303
3752 293
3753 294
3754 289
3755 296
3756 291
3757 304
3758 292
3759 295
3760 297
3761 294
3762 292
3763 287
3764 288
3765 286
3766 287
3767 293
3768 286
3769 292
3770 296
3771 295
3772 281
3773 291
3774 300
3775 284
3776 287
3777 283
3778 285
3779 282
3780 288
3781 284
3782 287
3783 281
3784 281
3785 284
3786 285
3787 284
3788 290
3789 292
3790 290
3791 288
3792 288
3793 292
3794 287
3795 293
3796 283
3797 290
3798 283
3799 294
3800 289
3801 292
3802 283
3803 293
3804 289
3805 285
3806 291
3807 292
3808 295
3809 291
3810 285
3811 291
3812 290
3813 288
3814 282
3815 282
3816 289
3817 283
3818 281
3819 287
3820 290
3821 285
3822 286
3823 288
3824 289
3825 295
3826 288
3827 287
3828 285
3829 287
3830 283
3831 284
3832 289
3833 277
3834 282
3835 283
3836 286
3837 292
3838 288
3839 290
3840 291
3841 289
3842 286
3843 284
3844 287
3845 287
3846 282
3847 279
3848 287
3849 288
3850 287
3851 283
3852 285
3853 286
3854 280
3855 282
3856 291
3857 283
3858 294
3859 289
3860 285
3861 279
3862 283
3863 283
3864 281
3865 286
3866 295
3867 278
3868 290
3869 287
3870 291
3871 294
3872 288
3873 290
3874 290
3875 290
3876 285
3877 295
3878 292
3879 292
3880 288
3881 291
3882 291
3883 292
3884 291
3885 289
3886 289
3887 292
3888 292
3889 291
3890 286
3891 296
3892 291
3893 288
3894 292
3895 287
3896 293
3897 294
3898 295
3899 288
3900 295
3901 283
3902 291
3903 288
3904 291
3905 287
3906 287
3907 286
3908 287
3909 292
3910 295
3911 292
3912 292
3913 287
3914 286
3915 284
3916 280
3917 280
3918 279
3919 285
3920 287
3921 284
3922 277
3923 290
3924 286
3925 287
3926 287
3927 281
3928 286
3929 294
3930 287
3931 296
3932 283
3933 277
3934 285
3935 284
3936 284
3937 284
3938 283
3939 284
3940 281
3941 283
3942 283
3943 285
3944 285
3945 281
3946 284
3947 280
3948 282
3949 278
3950 273
3951 280
3952 279
3953 280
3954 276
3955 273
3956 270
3957 277
3958 278
3959 279
3960 280
3961 282
3962 278
3963 278
3964 286
3965 288
3966 279
3967 281
3968 284
3969 282
3970 287
3971 281
3972 284
3973 287
3974 285
3975 278
3976 281
3977 280
3978 285
3979 278
3980 279
3981 291
3982 286
3983 288
3984 292
3985 291
3986 288
3987 283
3988 280
