0.000000000000000000e+00 5.812239271712734023e+00
2.000000000000000000e+00 7.533540303455480647e+00
4.000000000000000000e+00 8.534420565989080387e+00
6.000000000000000000e+00 7.807114285345390314e+00
8.000000000000000000e+00 7.671305217862504300e+00
1.000000000000000000e+01 8.254043546270523279e+00
1.200000000000000000e+01 6.086881150395255347e+00
1.400000000000000000e+01 1.089883225859186666e+01
1.600000000000000000e+01 8.941273723859220368e+00
1.800000000000000000e+01 9.759502801861529520e+00
2.000000000000000000e+01 9.546209924808332303e+00
2.200000000000000000e+01 7.117500450673262868e+00
2.400000000000000000e+01 8.825843857209262566e+00
2.600000000000000000e+01 7.630708264580454703e+00
2.800000000000000000e+01 9.045994688970353081e+00
3.000000000000000000e+01 8.007791586938431294e+00
3.200000000000000000e+01 6.420575254721584635e+00
3.400000000000000000e+01 6.185622302755187540e+00
3.600000000000000000e+01 6.719344239476131797e+00
3.800000000000000000e+01 5.398877511958866116e+00
4.000000000000000000e+01 5.944029846735898737e+00
4.200000000000000000e+01 4.200002050598275360e+00
4.400000000000000000e+01 2.512775993216453951e+00
4.600000000000000000e+01 2.407541796201552398e+00
4.800000000000000000e+01 4.048863541864205828e+00
5.000000000000000000e+01 2.308073924356451201e+00
5.200000000000000000e+01 8.809585995428850680e+00
5.400000000000000000e+01 6.110757006843144268e+00
5.600000000000000000e+01 7.473712944487641785e+00
5.800000000000000000e+01 5.245457168099050271e+00
6.000000000000000000e+01 6.618840119046225823e+00
6.200000000000000000e+01 5.859466954509773728e+00
6.400000000000000000e+01 7.772292311516717511e+00
6.600000000000000000e+01 3.951659617227160748e+00
6.800000000000000000e+01 5.848652385911200291e+00
7.000000000000000000e+01 6.749802739063589740e+00
7.200000000000000000e+01 6.842815570408032677e+00
7.400000000000000000e+01 8.453516939431411359e+00
7.600000000000000000e+01 7.110246962681056715e+00
7.800000000000000000e+01 7.882338362016300337e+00
8.000000000000000000e+01 6.479136812282062508e+00
8.200000000000000000e+01 5.024378774870240427e+00
8.400000000000000000e+01 7.543815361435382449e+00
8.600000000000000000e+01 5.935707949917296666e+00
8.800000000000000000e+01 5.824219937290573412e+00
9.000000000000000000e+01 4.885470996660557397e+00
9.200000000000000000e+01 5.481938515390542221e+00
9.400000000000000000e+01 7.090672084223622385e+00
9.600000000000000000e+01 5.561687091460518317e+00
9.800000000000000000e+01 6.472219720409426280e+00
1.000000000000000000e+02 5.923838798391612315e+00
1.020000000000000000e+02 7.884986797560814331e+00
1.040000000000000000e+02 4.729721139099089200e+00
1.060000000000000000e+02 7.186393760561192501e+00
1.080000000000000000e+02 9.176129728248584527e+00
1.100000000000000000e+02 1.095112290900886620e+01
1.120000000000000000e+02 9.283308413554262728e+00
1.140000000000000000e+02 8.410582918207014202e+00
1.160000000000000000e+02 5.404447823947500673e+00
1.180000000000000000e+02 8.752744539077571773e+00
1.200000000000000000e+02 7.541826070412836813e+00
1.220000000000000000e+02 7.049755506192581400e+00
1.240000000000000000e+02 7.050178127993208754e+00
1.260000000000000000e+02 6.601631981902071011e+00
1.280000000000000000e+02 7.199170252063257891e+00
1.300000000000000000e+02 7.857477794923497072e+00
1.320000000000000000e+02 7.130020292315261798e+00
1.340000000000000000e+02 6.641433839954474116e+00
1.360000000000000000e+02 7.138902167595753134e+00
1.380000000000000000e+02 7.424548260603547334e+00
1.400000000000000000e+02 8.372865584734617173e+00
1.420000000000000000e+02 9.254077132389408433e+00
1.440000000000000000e+02 7.921068888291098453e+00
1.460000000000000000e+02 7.979394418766871944e+00
1.480000000000000000e+02 6.816666726758054295e+00
1.500000000000000000e+02 8.030116661836048664e+00
1.520000000000000000e+02 9.145650187162383205e+00
1.540000000000000000e+02 8.057453567965309205e+00
1.560000000000000000e+02 8.955780499305314279e+00
1.580000000000000000e+02 8.767030566552710624e+00
1.600000000000000000e+02 8.147513472755685271e+00
1.620000000000000000e+02 1.048219530604094452e+01
1.640000000000000000e+02 8.302180988476274948e+00
1.660000000000000000e+02 8.257205128768484670e+00
1.680000000000000000e+02 9.060364492905270239e+00
1.700000000000000000e+02 6.962244962422508898e+00
1.720000000000000000e+02 7.436501911115184882e+00
1.740000000000000000e+02 9.156429342469490251e+00
1.760000000000000000e+02 8.599785241029385574e+00
1.780000000000000000e+02 5.616635492662681806e+00
1.800000000000000000e+02 3.905198440419410666e+00
1.820000000000000000e+02 4.038311457714923058e+00
1.840000000000000000e+02 3.150581223526573549e+00
1.860000000000000000e+02 7.343348980697920858e+00
1.880000000000000000e+02 4.375524393369516929e+00
1.900000000000000000e+02 9.179801413836067070e+00
1.920000000000000000e+02 4.270773678627749703e+00
1.940000000000000000e+02 5.637579150692695329e+00
1.960000000000000000e+02 3.883709297175204078e+00
1.980000000000000000e+02 4.732931895143514645e+00
2.000000000000000000e+02 4.925944093284578607e+00
2.020000000000000000e+02 6.906086450133133603e+00
2.040000000000000000e+02 5.376366826498313323e+00
2.060000000000000000e+02 8.678429045343735382e+00
2.080000000000000000e+02 9.390862644732255404e+00
2.100000000000000000e+02 7.375309762568057259e+00
2.120000000000000000e+02 8.371435990892639012e+00
2.140000000000000000e+02 9.339898265799217114e+00
2.160000000000000000e+02 1.066631823073635310e+01
2.180000000000000000e+02 7.153899796948580025e+00
2.200000000000000000e+02 8.544317077195536569e+00
2.220000000000000000e+02 7.746749745639370133e+00
2.240000000000000000e+02 6.826605228925918922e+00
2.260000000000000000e+02 5.806771647517264157e+00
2.280000000000000000e+02 5.029698542368108427e+00
2.300000000000000000e+02 5.216797130137559080e+00
2.320000000000000000e+02 6.400636902205000034e+00
2.340000000000000000e+02 4.316287815659079818e+00
2.360000000000000000e+02 5.430859065391844709e+00
2.380000000000000000e+02 6.182520079567933813e+00
2.400000000000000000e+02 6.986379594755316447e+00
2.420000000000000000e+02 6.282514549549095939e+00
2.440000000000000000e+02 5.836741952675724932e+00
2.460000000000000000e+02 6.348218939637351177e+00
2.480000000000000000e+02 7.117253704959931149e+00
2.500000000000000000e+02 5.473682681628795343e+00
2.520000000000000000e+02 6.340668870982744565e+00
2.540000000000000000e+02 6.742683279689350329e+00
2.560000000000000000e+02 5.492879185176593460e+00
2.580000000000000000e+02 6.493546368822421755e+00
2.600000000000000000e+02 4.977455043149749514e+00
2.620000000000000000e+02 5.267741866465479816e+00
2.640000000000000000e+02 4.882415391420184214e+00
2.660000000000000000e+02 6.410463325572842486e+00
2.680000000000000000e+02 6.329624625215102718e+00
2.700000000000000000e+02 4.998776856982148686e+00
2.720000000000000000e+02 5.409211722939618383e+00
2.740000000000000000e+02 8.049941417559690393e+00
2.760000000000000000e+02 6.968507551653941867e+00
2.780000000000000000e+02 7.549417818428342919e+00
2.800000000000000000e+02 6.060492556266937392e+00
2.820000000000000000e+02 5.981000730884103334e+00
2.840000000000000000e+02 3.959688266933123035e+00
2.860000000000000000e+02 6.682126050699334741e+00
2.880000000000000000e+02 5.891132592276798974e+00
2.900000000000000000e+02 5.533787373619968974e+00
2.920000000000000000e+02 6.852100818647435254e+00
2.940000000000000000e+02 5.563223462038546785e+00
2.960000000000000000e+02 5.647540745464229239e+00
2.980000000000000000e+02 5.466357329819601318e+00
3.000000000000000000e+02 5.816407887512434094e+00
3.020000000000000000e+02 6.218673177563791121e+00
3.040000000000000000e+02 6.190165586082152949e+00
3.060000000000000000e+02 6.518260310107514499e+00
3.080000000000000000e+02 6.374741720712872706e+00
3.100000000000000000e+02 6.771253681444808770e+00
3.120000000000000000e+02 6.128678520590725043e+00
3.140000000000000000e+02 5.963533323411170706e+00
3.160000000000000000e+02 7.048748443811984288e+00
3.180000000000000000e+02 1.024032479378353244e+01
3.200000000000000000e+02 9.012959555595877248e+00
3.220000000000000000e+02 6.667098541603583506e+00
3.240000000000000000e+02 5.267400954454165785e+00
3.260000000000000000e+02 6.942682777498093039e+00
3.280000000000000000e+02 5.411477222458101366e+00
3.300000000000000000e+02 6.854117691199117068e+00
3.320000000000000000e+02 7.203071912835953938e+00
3.340000000000000000e+02 9.388300124695570403e+00
3.360000000000000000e+02 6.777240262721364594e+00
3.380000000000000000e+02 9.625534895966660898e+00
3.400000000000000000e+02 1.087502929475223112e+01
3.420000000000000000e+02 1.724658438520300408e+01
3.440000000000000000e+02 1.248257671436093652e+01
3.460000000000000000e+02 1.359834962521363799e+01
3.480000000000000000e+02 1.212259927172529927e+01
3.500000000000000000e+02 6.471227398761847383e+01
3.520000000000000000e+02 8.404128809999390626e+01
3.540000000000000000e+02 5.784979542082192694e+01
3.560000000000000000e+02 5.393891365003016602e+01
3.580000000000000000e+02 7.113595915551265136e+01
3.600000000000000000e+02 7.351570982894071449e+01
3.620000000000000000e+02 5.281961744723729879e+01
3.640000000000000000e+02 6.862809640882011308e+01
3.660000000000000000e+02 6.628883669217235308e+01
3.680000000000000000e+02 8.795548520958477923e+01
3.700000000000000000e+02 7.998841151031221841e+01
3.720000000000000000e+02 7.648456181058438119e+01
3.740000000000000000e+02 9.316888230982057451e+01
3.760000000000000000e+02 4.401575453456567288e+01
3.780000000000000000e+02 7.683891393604321252e+01
3.800000000000000000e+02 4.564658293252842469e+01
3.820000000000000000e+02 3.606397837157723529e+01
3.840000000000000000e+02 3.880607767350934267e+01
3.860000000000000000e+02 6.701500812070398183e+01
3.880000000000000000e+02 6.691981215073472811e+01
3.900000000000000000e+02 8.691103708261128702e+01
3.920000000000000000e+02 5.873090172781396490e+01
3.940000000000000000e+02 6.967427130428504256e+01
3.960000000000000000e+02 5.649723286462325689e+01
3.980000000000000000e+02 8.167087253266879543e+01
4.000000000000000000e+02 5.252751705200075349e+01
4.020000000000000000e+02 6.391794178771056778e+01
4.040000000000000000e+02 3.109765690298880259e+01
4.060000000000000000e+02 7.048252871928045238e+01
4.080000000000000000e+02 5.681007162309986569e+01
4.100000000000000000e+02 6.473609385594481580e+01
4.120000000000000000e+02 1.019316450286242031e+02
4.140000000000000000e+02 8.817331905545952964e+01
4.160000000000000000e+02 8.121259645715186082e+01
4.180000000000000000e+02 7.650534866598459871e+01
4.200000000000000000e+02 8.994232020099883584e+01
4.220000000000000000e+02 5.543909098144137459e+01
4.240000000000000000e+02 7.187166429657442279e+01
4.260000000000000000e+02 7.171258481616914082e+01
4.280000000000000000e+02 7.369060459885389491e+01
4.300000000000000000e+02 4.452258373536604807e+01
4.320000000000000000e+02 4.640437011435174952e+01
4.340000000000000000e+02 9.130681486019659587e+01
4.360000000000000000e+02 5.547605714080957995e+01
4.380000000000000000e+02 6.174640597643677609e+01
4.400000000000000000e+02 4.608069194017842563e+01
4.420000000000000000e+02 4.871787842287518089e+01
4.440000000000000000e+02 5.000751925745815640e+01
4.460000000000000000e+02 2.990900043129920505e+01
4.480000000000000000e+02 8.690469541648748475e+01
4.500000000000000000e+02 2.968194900644621370e+01
4.520000000000000000e+02 6.176801997463018523e+01
4.540000000000000000e+02 5.339214344450688543e+01
4.560000000000000000e+02 5.404390469323988100e+01
4.580000000000000000e+02 7.127753023459916903e+01
4.600000000000000000e+02 5.614322787771288858e+01
4.620000000000000000e+02 6.778837312843370455e+01
4.640000000000000000e+02 6.070815805267630338e+01
4.660000000000000000e+02 5.274036908327455109e+01
4.680000000000000000e+02 5.912162360376230907e+01
4.700000000000000000e+02 7.610407640300672938e+01
4.720000000000000000e+02 6.857575387111452869e+01
4.740000000000000000e+02 5.875947898657181412e+01
4.760000000000000000e+02 4.919443733349943670e+01
4.780000000000000000e+02 6.380350804331304460e+01
4.800000000000000000e+02 8.394309095994907466e+01
4.820000000000000000e+02 5.062520425533410418e+01
4.840000000000000000e+02 6.218156227367312283e+01
4.860000000000000000e+02 5.821574869895692927e+01
4.880000000000000000e+02 2.703615429788646907e+01
4.900000000000000000e+02 5.983720491362792160e+01
4.920000000000000000e+02 6.242681001814316488e+01
4.940000000000000000e+02 6.332716087519641945e+01
4.960000000000000000e+02 6.126076369193012994e+01
4.980000000000000000e+02 2.796658293737855061e+01
5.000000000000000000e+02 6.483345588342893961e+01
5.020000000000000000e+02 9.700434489665593674e+01
5.040000000000000000e+02 9.468323667229451246e+01
5.060000000000000000e+02 5.290048828331980246e+01
5.080000000000000000e+02 5.121378462932565157e+01
5.100000000000000000e+02 6.991776070485406080e+01
5.120000000000000000e+02 6.520718060019366646e+01
5.140000000000000000e+02 2.673293087245026811e+01
5.160000000000000000e+02 7.672663694264771550e+01
5.180000000000000000e+02 6.308878233035959227e+01
5.200000000000000000e+02 7.182599855262223798e+01
5.220000000000000000e+02 3.695521502697042848e+01
5.240000000000000000e+02 3.258681330259676656e+01
5.260000000000000000e+02 7.303361013149148562e+01
5.280000000000000000e+02 3.360426073008431302e+01
5.300000000000000000e+02 5.667466631758438211e+01
5.320000000000000000e+02 7.451273275348303571e+01
5.340000000000000000e+02 5.008983765756893547e+01
5.360000000000000000e+02 5.858094885753470038e+01
5.380000000000000000e+02 8.034649221085170723e+01
5.400000000000000000e+02 7.097718555618116909e+01
5.420000000000000000e+02 5.651936310684418174e+01
5.440000000000000000e+02 7.610640007185133982e+01
5.460000000000000000e+02 4.611767304379418420e+01
5.480000000000000000e+02 3.737825459374493420e+01
5.500000000000000000e+02 4.335383237494182396e+01
5.520000000000000000e+02 6.521402979491809049e+01
5.540000000000000000e+02 7.232212742526424165e+01
5.560000000000000000e+02 4.080408689050966586e+01
5.580000000000000000e+02 5.862195255342751210e+01
5.600000000000000000e+02 5.699085162131628834e+01
5.620000000000000000e+02 5.141520297908034109e+01
5.640000000000000000e+02 6.369754803618952366e+01
5.660000000000000000e+02 5.636558590534866653e+01
5.680000000000000000e+02 8.260914120799205307e+01
5.700000000000000000e+02 8.991179205243629724e+01
5.720000000000000000e+02 5.442344157068865229e+01
5.740000000000000000e+02 8.347405155888634454e+01
5.760000000000000000e+02 3.979849472263185817e+01
5.780000000000000000e+02 3.105747359994867551e+01
5.800000000000000000e+02 8.591669680814587196e+01
5.820000000000000000e+02 6.868401253897731351e+01
5.840000000000000000e+02 6.482223729642795718e+01
5.860000000000000000e+02 5.808167975801042360e+01
5.880000000000000000e+02 4.167746515788710582e+01
5.900000000000000000e+02 8.736880556792455366e+01
5.920000000000000000e+02 5.991091721738347786e+01
5.940000000000000000e+02 2.710296247992081575e+01
