200.00000000000000000000   19
200.10000000000000000000   18
200.20000000000000000000   18
200.30000000000000000000   14
200.40000000000000000000   12
200.50000000000000000000   13
200.60000000000000000000   14
200.70000000000000000000   15
200.80000000000000000000   20
200.90000000000000000000   14
201.00000000000000000000   19
201.10000000000000000000   20
201.20000000000000000000   19
201.30000000000000000000   17
201.40000000000000000000   16
201.50000000000000000000   23
201.60000000000000000000   21
201.70000000000000000000   21
201.80000000000000000000   23
201.90000000000000000000   20
202.00000000000000000000   25
202.10000000000000000000   22
202.20000000000000000000   22
202.30000000000000000000   18
202.40000000000000000000   17
202.50000000000000000000   18
202.60000000000000000000   18
202.70000000000000000000   17
202.80000000000000000000   17
202.90000000000000000000   17
203.00000000000000000000   16
203.10000000000000000000   18
203.20000000000000000000   19
203.30000000000000000000   16
203.40000000000000000000   19
203.50000000000000000000   16
203.60000000000000000000   19
203.70000000000000000000   18
203.80000000000000000000   20
203.90000000000000000000   19
204.00000000000000000000   20
204.10000000000000000000   22
204.20000000000000000000   23
204.30000000000000000000   20
204.40000000000000000000   21
204.50000000000000000000   21
204.60000000000000000000   19
204.70000000000000000000   19
204.80000000000000000000   19
204.90000000000000000000   16
205.00000000000000000000   17
205.10000000000000000000   17
205.20000000000000000000   17
205.30000000000000000000   19
205.40000000000000000000   20
205.50000000000000000000   20
205.60000000000000000000   19
205.70000000000000000000   19
205.80000000000000000000   17
205.90000000000000000000   14
206.00000000000000000000   17
206.10000000000000000000   18
206.20000000000000000000   15
206.30000000000000000000   16
206.40000000000000000000   14
206.50000000000000000000   13
206.60000000000000000000   13
206.70000000000000000000   14
206.80000000000000000000   14
206.90000000000000000000   13
207.00000000000000000000   13
207.10000000000000000000   15
207.20000000000000000000   18
207.30000000000000000000   19
207.40000000000000000000   15
207.50000000000000000000   16
207.60000000000000000000   17
207.70000000000000000000   20
207.80000000000000000000   20
207.90000000000000000000   19
208.00000000000000000000   16
208.10000000000000000000   18
208.20000000000000000000   19
208.30000000000000000000   17
208.40000000000000000000   15
208.50000000000000000000   17
208.60000000000000000000   19
208.70000000000000000000   20
208.80000000000000000000   16
208.90000000000000000000   16
209.00000000000000000000   20
209.10000000000000000000   18
209.20000000000000000000   19
209.30000000000000000000   18
209.40000000000000000000   21
209.50000000000000000000   18
209.60000000000000000000   17
209.70000000000000000000   19
209.80000000000000000000   15
209.90000000000000000000   17
210.00000000000000000000   16
210.10000000000000000000   15
210.20000000000000000000   17
210.30000000000000000000   18
210.40000000000000000000   18
210.50000000000000000000   14
210.60000000000000000000   15
210.70000000000000000000   12
210.80000000000000000000   14
210.90000000000000000000   17
211.00000000000000000000   17
211.10000000000000000000   18
211.20000000000000000000   17
211.30000000000000000000   18
211.40000000000000000000   14
211.50000000000000000000   21
211.60000000000000000000   23
211.70000000000000000000   23
211.80000000000000000000   21
211.90000000000000000000   21
212.00000000000000000000   20
212.10000000000000000000   22
212.20000000000000000000   13
212.30000000000000000000   20
212.40000000000000000000   20
212.50000000000000000000   19
212.60000000000000000000   17
212.70000000000000000000   16
212.80000000000000000000   18
212.90000000000000000000   16
213.00000000000000000000   14
213.10000000000000000000   14
213.20000000000000000000   21
213.30000000000000000000   18
213.40000000000000000000   18
213.50000000000000000000   19
213.60000000000000000000   24
213.70000000000000000000   22
213.80000000000000000000   18
213.90000000000000000000   17
214.00000000000000000000   21
214.10000000000000000000   23
214.20000000000000000000   17
214.30000000000000000000   19
214.40000000000000000000   20
214.50000000000000000000   17
214.60000000000000000000   17
214.70000000000000000000   13
214.80000000000000000000   16
214.90000000000000000000   17
215.00000000000000000000   17
215.10000000000000000000   19
215.20000000000000000000   18
215.30000000000000000000   19
215.40000000000000000000   24
215.50000000000000000000   20
215.60000000000000000000   22
215.70000000000000000000   20
215.80000000000000000000   23
215.90000000000000000000   20
216.00000000000000000000   22
216.10000000000000000000   20
216.20000000000000000000   22
216.30000000000000000000   18
216.40000000000000000000   17
216.50000000000000000000   20
216.60000000000000000000   19
216.70000000000000000000   19
216.80000000000000000000   18
216.90000000000000000000   18
217.00000000000000000000   22
217.10000000000000000000   20
217.20000000000000000000   21
217.30000000000000000000   20
217.40000000000000000000   21
217.50000000000000000000   20
217.60000000000000000000   17
217.70000000000000000000   17
217.80000000000000000000   19
217.90000000000000000000   18
218.00000000000000000000   20
218.10000000000000000000   17
218.20000000000000000000   19
218.30000000000000000000   19
218.40000000000000000000   18
218.50000000000000000000   18
218.60000000000000000000   19
218.70000000000000000000   20
218.80000000000000000000   17
218.90000000000000000000   19
219.00000000000000000000   16
219.10000000000000000000   21
219.20000000000000000000   22
219.30000000000000000000   19
219.40000000000000000000   23
219.50000000000000000000   22
219.60000000000000000000   24
219.70000000000000000000   24
219.80000000000000000000   24
219.90000000000000000000   23
220.00000000000000000000   26
220.10000000000000000000   25
220.20000000000000000000   24
220.30000000000000000000   23
220.40000000000000000000   24
220.50000000000000000000   24
220.60000000000000000000   24
220.70000000000000000000   24
220.80000000000000000000   26
220.90000000000000000000   28
221.00000000000000000000   27
221.10000000000000000000   23
221.20000000000000000000   25
221.30000000000000000000   24
221.40000000000000000000   22
221.50000000000000000000   21
221.60000000000000000000   19
221.70000000000000000000   22
221.80000000000000000000   21
221.90000000000000000000   23
222.00000000000000000000   22
222.10000000000000000000   22
222.20000000000000000000   18
222.30000000000000000000   17
222.40000000000000000000   16
222.50000000000000000000   15
222.60000000000000000000   17
222.70000000000000000000   16
222.80000000000000000000   16
222.90000000000000000000   19
223.00000000000000000000   16
223.10000000000000000000   16
223.20000000000000000000   16
223.30000000000000000000   14
223.40000000000000000000   14
223.50000000000000000000   16
223.60000000000000000000   16
223.70000000000000000000   17
223.80000000000000000000   15
223.90000000000000000000   16
224.00000000000000000000   16
224.10000000000000000000   14
224.20000000000000000000   16
224.30000000000000000000   19
224.40000000000000000000   21
224.50000000000000000000   19
224.60000000000000000000   18
224.70000000000000000000   16
224.80000000000000000000   16
224.90000000000000000000   16
225.00000000000000000000   17
225.10000000000000000000   15
225.20000000000000000000   15
225.30000000000000000000   15
225.40000000000000000000   14
225.50000000000000000000   16
225.60000000000000000000   14
225.70000000000000000000   15
225.80000000000000000000   14
225.90000000000000000000   15
226.00000000000000000000   17
226.10000000000000000000   14
226.20000000000000000000   15
226.30000000000000000000   12
226.40000000000000000000   13
226.50000000000000000000   15
226.60000000000000000000   13
226.70000000000000000000   10
226.80000000000000000000   9
226.90000000000000000000   10
227.00000000000000000000   11
227.10000000000000000000   13
227.20000000000000000000   15
227.30000000000000000000   15
227.40000000000000000000   16
227.50000000000000000000   15
227.60000000000000000000   14
227.70000000000000000000   15
227.80000000000000000000   18
227.90000000000000000000   15
228.00000000000000000000   16
228.10000000000000000000   14
228.20000000000000000000   16
228.30000000000000000000   15
228.40000000000000000000   16
228.50000000000000000000   18
228.60000000000000000000   15
228.70000000000000000000   13
228.80000000000000000000   15
228.90000000000000000000   14
229.00000000000000000000   16
229.10000000000000000000   15
229.20000000000000000000   14
229.30000000000000000000   12
229.40000000000000000000   13
229.50000000000000000000   14
229.60000000000000000000   12
229.70000000000000000000   14
229.80000000000000000000   14
229.90000000000000000000   14
230.00000000000000000000   9
230.10000000000000000000   11
230.20000000000000000000   9
230.30000000000000000000   7
230.40000000000000000000   11
230.50000000000000000000   10
230.60000000000000000000   12
230.70000000000000000000   11
230.80000000000000000000   11
230.90000000000000000000   12
231.00000000000000000000   9
231.10000000000000000000   10
231.20000000000000000000   11
231.30000000000000000000   10
231.40000000000000000000   10
231.50000000000000000000   12
231.60000000000000000000   11
231.70000000000000000000   13
231.80000000000000000000   12
231.90000000000000000000   15
232.00000000000000000000   15
232.10000000000000000000   13
232.20000000000000000000   15
232.30000000000000000000   15
232.40000000000000000000   13
232.50000000000000000000   14
232.60000000000000000000   16
232.70000000000000000000   11
232.80000000000000000000   16
232.90000000000000000000   12
233.00000000000000000000   10
233.10000000000000000000   11
233.20000000000000000000   16
233.30000000000000000000   16
233.40000000000000000000   13
233.50000000000000000000   13
233.60000000000000000000   14
233.70000000000000000000   16
233.80000000000000000000   20
233.90000000000000000000   19
234.00000000000000000000   18
234.10000000000000000000   16
234.20000000000000000000   14
234.30000000000000000000   15
234.40000000000000000000   13
234.50000000000000000000   13
234.60000000000000000000   13
234.70000000000000000000   14
234.80000000000000000000   16
234.90000000000000000000   16
235.00000000000000000000   16
235.10000000000000000000   15
235.20000000000000000000   16
235.30000000000000000000   11
235.40000000000000000000   11
235.50000000000000000000   13
235.60000000000000000000   13
235.70000000000000000000   15
235.80000000000000000000   14
235.90000000000000000000   18
236.00000000000000000000   18
236.10000000000000000000   15
236.20000000000000000000   17
236.30000000000000000000   17
236.40000000000000000000   16
236.50000000000000000000   17
236.60000000000000000000   15
236.70000000000000000000   13
236.80000000000000000000   15
236.90000000000000000000   15
237.00000000000000000000   16
237.10000000000000000000   17
237.20000000000000000000   18
237.30000000000000000000   17
237.40000000000000000000   17
237.50000000000000000000   20
237.60000000000000000000   20
237.70000000000000000000   17
237.80000000000000000000   17
237.90000000000000000000   16
238.00000000000000000000   14
238.10000000000000000000   17
238.20000000000000000000   15
238.30000000000000000000   16
238.40000000000000000000   17
238.50000000000000000000   15
238.60000000000000000000   13
238.70000000000000000000   12
238.80000000000000000000   15
238.90000000000000000000   13
239.00000000000000000000   14
239.10000000000000000000   15
239.20000000000000000000   15
239.30000000000000000000   14
239.40000000000000000000   13
239.50000000000000000000   14
239.60000000000000000000   12
239.70000000000000000000   14
239.80000000000000000000   13
239.90000000000000000000   14
240.00000000000000000000   16
240.10000000000000000000   10
240.20000000000000000000   15
240.30000000000000000000   13
240.40000000000000000000   11
240.50000000000000000000   16
240.60000000000000000000   17
240.70000000000000000000   18
240.80000000000000000000   19
240.90000000000000000000   17
241.00000000000000000000   17
241.10000000000000000000   17
241.20000000000000000000   18
241.30000000000000000000   15
241.40000000000000000000   18
241.50000000000000000000   20
241.60000000000000000000   18
241.70000000000000000000   19
241.80000000000000000000   16
241.90000000000000000000   15
242.00000000000000000000   16
242.10000000000000000000   15
242.20000000000000000000   19
242.30000000000000000000   17
242.40000000000000000000   16
242.50000000000000000000   17
242.60000000000000000000   18
242.70000000000000000000   19
242.80000000000000000000   17
242.90000000000000000000   19
243.00000000000000000000   17
243.10000000000000000000   15
243.20000000000000000000   15
243.30000000000000000000   12
243.40000000000000000000   11
243.50000000000000000000   12
243.60000000000000000000   11
243.70000000000000000000   13
243.80000000000000000000   15
243.90000000000000000000   15
244.00000000000000000000   13
244.10000000000000000000   15
244.20000000000000000000   13
244.30000000000000000000   14
244.40000000000000000000   15
244.50000000000000000000   13
244.60000000000000000000   17
244.70000000000000000000   16
244.80000000000000000000   15
244.90000000000000000000   17
245.00000000000000000000   13
245.10000000000000000000   15
245.20000000000000000000   14
245.30000000000000000000   13
245.40000000000000000000   14
245.50000000000000000000   12
245.60000000000000000000   10
245.70000000000000000000   13
245.80000000000000000000   12
245.90000000000000000000   11
246.00000000000000000000   11
246.10000000000000000000   13
246.20000000000000000000   13
246.30000000000000000000   13
246.40000000000000000000   13
246.50000000000000000000   11
246.60000000000000000000   13
246.70000000000000000000   12
246.80000000000000000000   14
246.90000000000000000000   12
247.00000000000000000000   11
247.10000000000000000000   12
247.20000000000000000000   13
247.30000000000000000000   13
247.40000000000000000000   13
247.50000000000000000000   10
247.60000000000000000000   14
247.70000000000000000000   15
247.80000000000000000000   15
247.90000000000000000000   11
248.00000000000000000000   11
248.10000000000000000000   11
248.20000000000000000000   15
248.30000000000000000000   9
248.40000000000000000000   11
248.50000000000000000000   15
248.60000000000000000000   15
248.70000000000000000000   14
248.80000000000000000000   13
248.90000000000000000000   13
249.00000000000000000000   14
249.10000000000000000000   17
249.20000000000000000000   14
249.30000000000000000000   15
249.40000000000000000000   16
249.50000000000000000000   15
249.60000000000000000000   18
249.70000000000000000000   15
249.80000000000000000000   15
249.90000000000000000000   14
250.00000000000000000000   14
250.10000000000000000000   13
250.20000000000000000000   15
250.30000000000000000000   13
250.40000000000000000000   14
250.50000000000000000000   14
250.60000000000000000000   13
250.70000000000000000000   14
250.80000000000000000000   12
250.90000000000000000000   12
251.00000000000000000000   10
251.10000000000000000000   12
251.20000000000000000000   10
251.30000000000000000000   14
251.40000000000000000000   10
251.50000000000000000000   13
251.60000000000000000000   11
251.70000000000000000000   12
251.80000000000000000000   11
251.90000000000000000000   11
252.00000000000000000000   14
252.10000000000000000000   13
252.20000000000000000000   14
252.30000000000000000000   13
252.40000000000000000000   14
252.50000000000000000000   13
252.60000000000000000000   13
252.70000000000000000000   15
252.80000000000000000000   14
252.90000000000000000000   14
253.00000000000000000000   13
253.10000000000000000000   15
253.20000000000000000000   15
253.30000000000000000000   15
253.40000000000000000000   14
253.50000000000000000000   13
253.60000000000000000000   14
253.70000000000000000000   17
253.80000000000000000000   17
253.90000000000000000000   17
254.00000000000000000000   17
254.10000000000000000000   17
254.20000000000000000000   18
254.30000000000000000000   17
254.40000000000000000000   19
254.50000000000000000000   18
254.60000000000000000000   19
254.70000000000000000000   17
254.80000000000000000000   18
254.90000000000000000000   16
255.00000000000000000000   17
255.10000000000000000000   16
255.20000000000000000000   19
255.30000000000000000000   17
255.40000000000000000000   18
255.50000000000000000000   18
255.60000000000000000000   17
255.70000000000000000000   19
255.80000000000000000000   17
255.90000000000000000000   18
256.00000000000000000000   16
256.10000000000000000000   16
256.20000000000000000000   17
256.30000000000000000000   19
256.40000000000000000000   19
256.50000000000000000000   20
256.60000000000000000000   18
256.70000000000000000000   20
256.80000000000000000000   20
256.90000000000000000000   20
257.00000000000000000000   19
257.10000000000000000000   20
257.20000000000000000000   19
257.30000000000000000000   19
257.40000000000000000000   18
257.50000000000000000000   19
257.60000000000000000000   19
257.70000000000000000000   18
257.80000000000000000000   15
257.90000000000000000000   16
258.00000000000000000000   15
258.10000000000000000000   16
258.20000000000000000000   19
258.30000000000000000000   16
258.40000000000000000000   14
258.50000000000000000000   20
258.60000000000000000000   18
258.70000000000000000000   17
258.80000000000000000000   19
258.90000000000000000000   19
259.00000000000000000000   19
259.10000000000000000000   19
259.20000000000000000000   16
259.30000000000000000000   17
259.40000000000000000000   19
259.50000000000000000000   15
259.60000000000000000000   14
259.70000000000000000000   13
259.80000000000000000000   14
259.90000000000000000000   13
260.00000000000000000000   13
260.10000000000000000000   8
260.20000000000000000000   8
260.30000000000000000000   11
260.40000000000000000000   8
260.50000000000000000000   8
260.60000000000000000000   5
260.70000000000000000000   12
260.80000000000000000000   13
260.90000000000000000000   12
261.00000000000000000000   8
261.10000000000000000000   12
261.20000000000000000000   17
261.30000000000000000000   17
261.40000000000000000000   16
261.50000000000000000000   13
261.60000000000000000000   13
261.70000000000000000000   15
261.80000000000000000000   14
261.90000000000000000000   14
262.00000000000000000000   14
262.10000000000000000000   11
262.20000000000000000000   10
262.30000000000000000000   13
262.40000000000000000000   15
262.50000000000000000000   12
262.60000000000000000000   14
262.70000000000000000000   16
262.80000000000000000000   16
262.90000000000000000000   14
263.00000000000000000000   13
263.10000000000000000000   13
263.20000000000000000000   16
263.30000000000000000000   18
263.40000000000000000000   17
263.50000000000000000000   16
263.60000000000000000000   15
263.70000000000000000000   15
263.80000000000000000000   17
263.90000000000000000000   20
264.00000000000000000000   17
264.10000000000000000000   15
264.20000000000000000000   10
264.30000000000000000000   15
264.40000000000000000000   19
264.50000000000000000000   18
264.60000000000000000000   17
264.70000000000000000000   14
264.80000000000000000000   17
264.90000000000000000000   15
265.00000000000000000000   17
265.10000000000000000000   16
265.20000000000000000000   19
265.30000000000000000000   19
265.40000000000000000000   20
265.50000000000000000000   20
265.60000000000000000000   19
265.70000000000000000000   20
265.80000000000000000000   23
265.90000000000000000000   22
266.00000000000000000000   22
266.10000000000000000000   21
266.20000000000000000000   15
266.30000000000000000000   14
266.40000000000000000000   13
266.50000000000000000000   15
266.60000000000000000000   14
266.70000000000000000000   13
266.80000000000000000000   12
266.90000000000000000000   16
267.00000000000000000000   13
267.10000000000000000000   14
267.20000000000000000000   14
267.30000000000000000000   16
267.40000000000000000000   17
267.50000000000000000000   17
267.60000000000000000000   16
267.70000000000000000000   15
267.80000000000000000000   15
267.90000000000000000000   13
268.00000000000000000000   15
268.10000000000000000000   16
268.20000000000000000000   16
268.30000000000000000000   15
268.40000000000000000000   14
268.50000000000000000000   15
268.60000000000000000000   14
268.70000000000000000000   15
268.80000000000000000000   15
268.90000000000000000000   13
269.00000000000000000000   14
269.10000000000000000000   13
269.20000000000000000000   13
269.30000000000000000000   12
269.40000000000000000000   18
269.50000000000000000000   14
269.60000000000000000000   15
269.70000000000000000000   15
269.80000000000000000000   15
269.90000000000000000000   16
270.00000000000000000000   15
270.10000000000000000000   17
270.20000000000000000000   15
270.30000000000000000000   13
270.40000000000000000000   14
270.50000000000000000000   14
270.60000000000000000000   15
270.70000000000000000000   13
270.80000000000000000000   16
270.90000000000000000000   17
271.00000000000000000000   13
271.10000000000000000000   13
271.20000000000000000000   14
271.30000000000000000000   15
271.40000000000000000000   16
271.50000000000000000000   18
271.60000000000000000000   18
271.70000000000000000000   16
271.80000000000000000000   14
271.90000000000000000000   21
272.00000000000000000000   19
272.10000000000000000000   14
272.20000000000000000000   12
272.30000000000000000000   19
272.40000000000000000000   13
272.50000000000000000000   20
272.60000000000000000000   19
272.70000000000000000000   17
272.80000000000000000000   16
272.90000000000000000000   19
273.00000000000000000000   18
273.10000000000000000000   22
273.20000000000000000000   19
273.30000000000000000000   23
273.40000000000000000000   20
273.50000000000000000000   18
273.60000000000000000000   22
273.70000000000000000000   21
273.80000000000000000000   18
273.90000000000000000000   19
274.00000000000000000000   19
274.10000000000000000000   21
274.20000000000000000000   19
274.30000000000000000000   21
274.40000000000000000000   19
274.50000000000000000000   20
274.60000000000000000000   22
274.70000000000000000000   20
274.80000000000000000000   18
274.90000000000000000000   18
275.00000000000000000000   21
275.10000000000000000000   22
275.20000000000000000000   20
275.30000000000000000000   20
275.40000000000000000000   23
275.50000000000000000000   18
275.60000000000000000000   20
275.70000000000000000000   20
275.80000000000000000000   15
275.90000000000000000000   20
276.00000000000000000000   14
276.10000000000000000000   16
276.20000000000000000000   15
276.30000000000000000000   18
276.40000000000000000000   18
276.50000000000000000000   13
276.60000000000000000000   16
276.70000000000000000000   14
276.80000000000000000000   14
276.90000000000000000000   15
277.00000000000000000000   14
277.10000000000000000000   16
277.20000000000000000000   15
277.30000000000000000000   15
277.40000000000000000000   15
277.50000000000000000000   9
277.60000000000000000000   14
277.70000000000000000000   16
277.80000000000000000000   14
277.90000000000000000000   11
278.00000000000000000000   13
278.10000000000000000000   14
278.20000000000000000000   15
278.30000000000000000000   15
278.40000000000000000000   14
278.50000000000000000000   10
278.60000000000000000000   9
278.70000000000000000000   8
278.80000000000000000000   8
278.90000000000000000000   6
279.00000000000000000000   6
279.10000000000000000000   10
279.20000000000000000000   7
279.30000000000000000000   9
279.40000000000000000000   4
279.50000000000000000000   9
279.60000000000000000000   13
279.70000000000000000000   15
279.80000000000000000000   16
279.90000000000000000000   17
280.00000000000000000000   11
280.10000000000000000000   9
280.20000000000000000000   5
280.30000000000000000000   8
280.40000000000000000000   7
280.50000000000000000000   7
280.60000000000000000000   9
280.70000000000000000000   9
280.80000000000000000000   7
280.90000000000000000000   14
281.00000000000000000000   7
281.10000000000000000000   12
281.20000000000000000000   10
281.30000000000000000000   13
281.40000000000000000000   8
281.50000000000000000000   8
281.60000000000000000000   10
281.70000000000000000000   8
281.80000000000000000000   8
281.90000000000000000000   10
282.00000000000000000000   10
282.10000000000000000000   5
282.20000000000000000000   8
282.30000000000000000000   6
282.40000000000000000000   6
282.50000000000000000000   5
282.60000000000000000000   9
282.70000000000000000000   8
282.80000000000000000000   8
282.90000000000000000000   12
283.00000000000000000000   12
283.10000000000000000000   12
283.20000000000000000000   11
283.30000000000000000000   9
283.40000000000000000000   10
283.50000000000000000000   11
283.60000000000000000000   11
283.70000000000000000000   9
283.80000000000000000000   7
283.90000000000000000000   7
284.00000000000000000000   11
284.10000000000000000000   9
284.20000000000000000000   6
284.30000000000000000000   11
284.40000000000000000000   8
284.50000000000000000000   6
284.60000000000000000000   6
284.70000000000000000000   6
284.80000000000000000000   10
284.90000000000000000000   11
285.00000000000000000000   6
285.10000000000000000000   11
285.20000000000000000000   6
285.30000000000000000000   7
285.40000000000000000000   8
285.50000000000000000000   7
285.60000000000000000000   7
285.70000000000000000000   10
285.80000000000000000000   8
285.90000000000000000000   8
286.00000000000000000000   6
286.10000000000000000000   7
286.20000000000000000000   8
286.30000000000000000000   5
286.40000000000000000000   7
286.50000000000000000000   3
286.60000000000000000000   7
286.70000000000000000000   9
286.80000000000000000000   13
286.90000000000000000000   11
287.00000000000000000000   10
287.10000000000000000000   13
287.20000000000000000000   10
287.30000000000000000000   11
287.40000000000000000000   12
287.50000000000000000000   8
287.60000000000000000000   6
287.70000000000000000000   8
287.80000000000000000000   9
287.90000000000000000000   8
288.00000000000000000000   7
288.10000000000000000000   6
288.20000000000000000000   6
288.30000000000000000000   10
288.40000000000000000000   11
288.50000000000000000000   11
288.60000000000000000000   12
288.70000000000000000000   15
288.80000000000000000000   13
288.90000000000000000000   15
289.00000000000000000000   18
289.10000000000000000000   18
289.20000000000000000000   13
289.30000000000000000000   14
289.40000000000000000000   13
289.50000000000000000000   17
289.60000000000000000000   16
289.70000000000000000000   16
289.80000000000000000000   14
289.90000000000000000000   14
290.00000000000000000000   13
290.10000000000000000000   11
290.20000000000000000000   7
290.30000000000000000000   8
290.40000000000000000000   10
290.50000000000000000000   9
290.60000000000000000000   10
290.70000000000000000000   9
290.80000000000000000000   13
290.90000000000000000000   12
291.00000000000000000000   13
291.10000000000000000000   14
291.20000000000000000000   14
291.30000000000000000000   12
291.40000000000000000000   14
291.50000000000000000000   11
291.60000000000000000000   9
291.70000000000000000000   11
291.80000000000000000000   12
291.90000000000000000000   11
292.00000000000000000000   12
292.10000000000000000000   10
292.20000000000000000000   11
292.30000000000000000000   9
292.40000000000000000000   11
292.50000000000000000000   10
292.60000000000000000000   9
292.70000000000000000000   12
292.80000000000000000000   11
292.90000000000000000000   9
293.00000000000000000000   11
293.10000000000000000000   9
293.20000000000000000000   9
293.30000000000000000000   11
293.40000000000000000000   11
293.50000000000000000000   9
293.60000000000000000000   11
293.70000000000000000000   11
293.80000000000000000000   12
293.90000000000000000000   10
294.00000000000000000000   10
294.10000000000000000000   11
294.20000000000000000000   8
294.30000000000000000000   9
294.40000000000000000000   6
294.50000000000000000000   8
294.60000000000000000000   3
294.70000000000000000000   5
294.80000000000000000000   5
294.90000000000000000000   5
295.00000000000000000000   9
295.10000000000000000000   8
295.20000000000000000000   10
295.30000000000000000000   10
295.40000000000000000000   6
295.50000000000000000000   8
295.60000000000000000000   8
295.70000000000000000000   10
295.80000000000000000000   5
295.90000000000000000000   5
296.00000000000000000000   2
296.10000000000000000000   2
296.20000000000000000000   4
296.30000000000000000000   3
296.40000000000000000000   0
296.50000000000000000000   6
296.60000000000000000000   1
296.70000000000000000000   7
296.80000000000000000000   3
296.90000000000000000000   3
297.00000000000000000000   1
297.10000000000000000000   2
297.20000000000000000000   2
297.30000000000000000000   3
297.40000000000000000000   3
297.50000000000000000000   4
297.60000000000000000000   1
297.70000000000000000000   3
297.80000000000000000000   3
297.90000000000000000000   3
298.00000000000000000000   5
298.10000000000000000000   4
298.20000000000000000000   8
298.30000000000000000000   8
298.40000000000000000000   8
298.50000000000000000000   7
298.60000000000000000000   5
298.70000000000000000000   5
298.80000000000000000000   7
298.90000000000000000000   5
299.00000000000000000000   7
299.10000000000000000000   6
299.20000000000000000000   4
299.30000000000000000000   5
299.40000000000000000000   2
299.50000000000000000000   2
299.60000000000000000000   3
299.70000000000000000000   5
299.80000000000000000000   6
299.90000000000000000000   4
300.00000000000000000000   3
300.10000000000000000000   4
300.20000000000000000000   7
300.30000000000000000000   5
300.40000000000000000000   7
300.50000000000000000000   7
300.60000000000000000000   7
300.70000000000000000000   6
300.80000000000000000000   4
300.90000000000000000000   7
301.00000000000000000000   6
301.10000000000000000000   4
301.20000000000000000000   8
301.30000000000000000000   9
301.40000000000000000000   9
301.50000000000000000000   9
301.60000000000000000000   9
301.70000000000000000000   6
301.80000000000000000000   7
301.90000000000000000000   6
302.00000000000000000000   9
302.10000000000000000000   6
302.20000000000000000000   8
302.30000000000000000000   7
302.40000000000000000000   6
302.50000000000000000000   8
302.60000000000000000000   5
302.70000000000000000000   8
302.80000000000000000000   7
302.90000000000000000000   5
303.00000000000000000000   7
303.10000000000000000000   6
303.20000000000000000000   6
303.30000000000000000000   8
303.40000000000000000000   8
303.50000000000000000000   9
303.60000000000000000000   6
303.70000000000000000000   6
303.80000000000000000000   6
303.90000000000000000000   7
304.00000000000000000000   4
304.10000000000000000000   5
304.20000000000000000000   7
304.30000000000000000000   5
304.40000000000000000000   5
304.50000000000000000000   5
304.60000000000000000000   6
304.70000000000000000000   5
304.80000000000000000000   6
304.90000000000000000000   7
305.00000000000000000000   3
305.10000000000000000000   8
305.20000000000000000000   10
305.30000000000000000000   13
305.40000000000000000000   10
305.50000000000000000000   10
305.60000000000000000000   7
305.70000000000000000000   5
305.80000000000000000000   11
305.90000000000000000000   11
306.00000000000000000000   13
306.10000000000000000000   12
306.20000000000000000000   13
306.30000000000000000000   14
306.40000000000000000000   17
306.50000000000000000000   13
306.60000000000000000000   15
306.70000000000000000000   13
306.80000000000000000000   12
306.90000000000000000000   11
307.00000000000000000000   13
307.10000000000000000000   11
307.20000000000000000000   13
307.30000000000000000000   10
307.40000000000000000000   11
307.50000000000000000000   8
307.60000000000000000000   9
307.70000000000000000000   6
307.80000000000000000000   7
307.90000000000000000000   6
308.00000000000000000000   4
308.10000000000000000000   5
308.20000000000000000000   8
308.30000000000000000000   10
308.40000000000000000000   12
308.50000000000000000000   14
308.60000000000000000000   13
308.70000000000000000000   12
308.80000000000000000000   12
308.90000000000000000000   10
309.00000000000000000000   13
309.10000000000000000000   17
309.20000000000000000000   18
309.30000000000000000000   13
309.40000000000000000000   16
309.50000000000000000000   17
309.60000000000000000000   18
309.70000000000000000000   17
309.80000000000000000000   13
309.90000000000000000000   13
310.00000000000000000000   13
310.10000000000000000000   14
310.20000000000000000000   14
310.30000000000000000000   15
310.40000000000000000000   13
310.50000000000000000000   13
310.60000000000000000000   16
310.70000000000000000000   14
310.80000000000000000000   14
310.90000000000000000000   17
311.00000000000000000000   16
311.10000000000000000000   18
311.20000000000000000000   12
311.30000000000000000000   12
311.40000000000000000000   9
311.50000000000000000000   8
311.60000000000000000000   12
311.70000000000000000000   8
311.80000000000000000000   9
311.90000000000000000000   9
312.00000000000000000000   7
312.10000000000000000000   14
312.20000000000000000000   12
312.30000000000000000000   13
312.40000000000000000000   14
312.50000000000000000000   14
312.60000000000000000000   10
312.70000000000000000000   12
312.80000000000000000000   9
312.90000000000000000000   11
313.00000000000000000000   11
313.10000000000000000000   15
313.20000000000000000000   11
313.30000000000000000000   14
313.40000000000000000000   12
313.50000000000000000000   12
313.60000000000000000000   13
313.70000000000000000000   13
313.80000000000000000000   13
313.90000000000000000000   9
314.00000000000000000000   10
314.10000000000000000000   9
314.20000000000000000000   14
314.30000000000000000000   16
314.40000000000000000000   16
314.50000000000000000000   14
314.60000000000000000000   13
314.70000000000000000000   14
314.80000000000000000000   14
314.90000000000000000000   16
315.00000000000000000000   12
315.10000000000000000000   11
315.20000000000000000000   11
315.30000000000000000000   8
315.40000000000000000000   11
315.50000000000000000000   13
315.60000000000000000000   14
315.70000000000000000000   14
315.80000000000000000000   14
315.90000000000000000000   14
316.00000000000000000000   13
316.10000000000000000000   15
316.20000000000000000000   15
316.30000000000000000000   11
316.40000000000000000000   9
316.50000000000000000000   9
316.60000000000000000000   12
316.70000000000000000000   10
316.80000000000000000000   8
316.90000000000000000000   10
317.00000000000000000000   8
317.10000000000000000000   9
317.20000000000000000000   9
317.30000000000000000000   10
317.40000000000000000000   11
317.50000000000000000000   12
317.60000000000000000000   17
317.70000000000000000000   15
317.80000000000000000000   12
317.90000000000000000000   13
318.00000000000000000000   15
318.10000000000000000000   13
318.20000000000000000000   13
318.30000000000000000000   9
318.40000000000000000000   17
318.50000000000000000000   14
318.60000000000000000000   14
318.70000000000000000000   17
318.80000000000000000000   12
318.90000000000000000000   14
319.00000000000000000000   16
319.10000000000000000000   12
319.20000000000000000000   16
319.30000000000000000000   15
319.40000000000000000000   16
319.50000000000000000000   12
319.60000000000000000000   15
319.70000000000000000000   22
319.80000000000000000000   15
319.90000000000000000000   15
320.00000000000000000000   14
320.10000000000000000000   11
320.20000000000000000000   12
320.30000000000000000000   13
320.40000000000000000000   13
320.50000000000000000000   19
320.60000000000000000000   17
320.70000000000000000000   19
320.80000000000000000000   16
320.90000000000000000000   13
321.00000000000000000000   18
321.10000000000000000000   14
321.20000000000000000000   16
321.30000000000000000000   17
321.40000000000000000000   16
321.50000000000000000000   15
321.60000000000000000000   14
321.70000000000000000000   12
321.80000000000000000000   17
321.90000000000000000000   16
322.00000000000000000000   14
322.10000000000000000000   18
322.20000000000000000000   25
322.30000000000000000000   24
322.40000000000000000000   23
322.50000000000000000000   21
322.60000000000000000000   25
322.70000000000000000000   22
322.80000000000000000000   25
322.90000000000000000000   25
323.00000000000000000000   22
323.10000000000000000000   24
323.20000000000000000000   24
323.30000000000000000000   26
323.40000000000000000000   20
323.50000000000000000000   18
323.60000000000000000000   21
323.70000000000000000000   20
323.80000000000000000000   23
323.90000000000000000000   22
324.00000000000000000000   20
324.10000000000000000000   20
324.20000000000000000000   21
324.30000000000000000000   23
324.40000000000000000000   22
324.50000000000000000000   20
324.60000000000000000000   24
324.70000000000000000000   22
324.80000000000000000000   26
324.90000000000000000000   22
325.00000000000000000000   20
325.10000000000000000000   21
325.20000000000000000000   23
325.30000000000000000000   25
325.40000000000000000000   19
325.50000000000000000000   17
325.60000000000000000000   23
325.70000000000000000000   21
325.80000000000000000000   16
325.90000000000000000000   18
326.00000000000000000000   16
326.10000000000000000000   18
326.20000000000000000000   17
326.30000000000000000000   17
326.40000000000000000000   13
326.50000000000000000000   21
326.60000000000000000000   19
326.70000000000000000000   24
326.80000000000000000000   20
326.90000000000000000000   16
327.00000000000000000000   14
327.10000000000000000000   6
327.20000000000000000000   8
327.30000000000000000000   9
327.40000000000000000000   10
327.50000000000000000000   9
327.60000000000000000000   16
327.70000000000000000000   16
327.80000000000000000000   9
327.90000000000000000000   10
328.00000000000000000000   13
328.10000000000000000000   14
328.20000000000000000000   9
328.30000000000000000000   13
328.40000000000000000000   14
328.50000000000000000000   13
328.60000000000000000000   16
328.70000000000000000000   19
328.80000000000000000000   18
328.90000000000000000000   15
329.00000000000000000000   13
329.10000000000000000000   14
329.20000000000000000000   11
329.30000000000000000000   10
329.40000000000000000000   13
329.50000000000000000000   12
329.60000000000000000000   14
329.70000000000000000000   15
329.80000000000000000000   15
329.90000000000000000000   13
330.00000000000000000000   14
330.10000000000000000000   14
330.20000000000000000000   13
330.30000000000000000000   14
330.40000000000000000000   13
330.50000000000000000000   13
330.60000000000000000000   11
330.70000000000000000000   11
330.80000000000000000000   14
330.90000000000000000000   12
331.00000000000000000000   10
331.10000000000000000000   11
331.20000000000000000000   11
331.30000000000000000000   9
331.40000000000000000000   12
331.50000000000000000000   12
331.60000000000000000000   11
331.70000000000000000000   13
331.80000000000000000000   12
331.90000000000000000000   11
332.00000000000000000000   11
332.10000000000000000000   12
332.20000000000000000000   12
332.30000000000000000000   14
332.40000000000000000000   15
332.50000000000000000000   14
332.60000000000000000000   14
332.70000000000000000000   13
332.80000000000000000000   14
332.90000000000000000000   14
333.00000000000000000000   14
333.10000000000000000000   14
333.20000000000000000000   10
333.30000000000000000000   11
333.40000000000000000000   12
333.50000000000000000000   12
333.60000000000000000000   14
333.70000000000000000000   14
333.80000000000000000000   13
333.90000000000000000000   14
334.00000000000000000000   13
334.10000000000000000000   13
334.20000000000000000000   13
334.30000000000000000000   14
334.40000000000000000000   12
334.50000000000000000000   12
334.60000000000000000000   12
334.70000000000000000000   12
334.80000000000000000000   8
334.90000000000000000000   13
335.00000000000000000000   13
335.10000000000000000000   10
335.20000000000000000000   14
335.30000000000000000000   12
335.40000000000000000000   13
335.50000000000000000000   14
335.60000000000000000000   12
335.70000000000000000000   13
335.80000000000000000000   15
335.90000000000000000000   10
336.00000000000000000000   12
336.10000000000000000000   14
336.20000000000000000000   12
336.30000000000000000000   14
336.40000000000000000000   14
336.50000000000000000000   15
336.60000000000000000000   13
336.70000000000000000000   10
336.80000000000000000000   8
336.90000000000000000000   9
337.00000000000000000000   9
337.10000000000000000000   9
337.20000000000000000000   12
337.30000000000000000000   12
337.40000000000000000000   14
337.50000000000000000000   13
337.60000000000000000000   12
337.70000000000000000000   13
337.80000000000000000000   15
337.90000000000000000000   9
338.00000000000000000000   10
338.10000000000000000000   11
338.20000000000000000000   11
338.30000000000000000000   11
338.40000000000000000000   9
338.50000000000000000000   15
338.60000000000000000000   9
338.70000000000000000000   7
338.80000000000000000000   8
338.90000000000000000000   9
339.00000000000000000000   11
339.10000000000000000000   8
339.20000000000000000000   15
339.30000000000000000000   9
339.40000000000000000000   9
339.50000000000000000000   9
339.60000000000000000000   8
339.70000000000000000000   4
339.80000000000000000000   7
339.90000000000000000000   8
340.00000000000000000000   8
340.10000000000000000000   8
340.20000000000000000000   10
340.30000000000000000000   8
340.40000000000000000000   9
340.50000000000000000000   9
340.60000000000000000000   7
340.70000000000000000000   7
340.80000000000000000000   8
340.90000000000000000000   7
341.00000000000000000000   11
341.10000000000000000000   7
341.20000000000000000000   13
341.30000000000000000000   16
341.40000000000000000000   12
341.50000000000000000000   11
341.60000000000000000000   8
341.70000000000000000000   10
341.80000000000000000000   11
341.90000000000000000000   4
342.00000000000000000000   7
342.10000000000000000000   5
342.20000000000000000000   8
342.30000000000000000000   5
342.40000000000000000000   10
342.50000000000000000000   5
342.60000000000000000000   4
342.70000000000000000000   5
342.80000000000000000000   6
342.90000000000000000000   5
343.00000000000000000000   6
343.10000000000000000000   7
343.20000000000000000000   3
343.30000000000000000000   5
343.40000000000000000000   6
343.50000000000000000000   4
343.60000000000000000000   8
343.70000000000000000000   5
343.80000000000000000000   3
343.90000000000000000000   4
344.00000000000000000000   6
344.10000000000000000000   5
344.20000000000000000000   5
344.30000000000000000000   4
344.40000000000000000000   7
344.50000000000000000000   6
344.60000000000000000000   6
344.70000000000000000000   7
344.80000000000000000000   7
344.90000000000000000000   13
345.00000000000000000000   12
345.10000000000000000000   12
345.20000000000000000000   12
345.30000000000000000000   11
345.40000000000000000000   10
345.50000000000000000000   11
345.60000000000000000000   8
345.70000000000000000000   8
345.80000000000000000000   12
345.90000000000000000000   9
346.00000000000000000000   10
346.10000000000000000000   5
346.20000000000000000000   7
346.30000000000000000000   8
346.40000000000000000000   4
346.50000000000000000000   8
346.60000000000000000000   7
346.70000000000000000000   2
346.80000000000000000000   5
346.90000000000000000000   6
347.00000000000000000000   7
347.10000000000000000000   6
347.20000000000000000000   6
347.30000000000000000000   7
347.40000000000000000000   11
347.50000000000000000000   3
347.60000000000000000000   4
347.70000000000000000000   6
347.80000000000000000000   6
347.90000000000000000000   6
348.00000000000000000000   5
348.10000000000000000000   7
348.20000000000000000000   6
348.30000000000000000000   8
348.40000000000000000000   8
348.50000000000000000000   7
348.60000000000000000000   9
348.70000000000000000000   5
348.80000000000000000000   8
348.90000000000000000000   5
349.00000000000000000000   7
349.10000000000000000000   7
349.20000000000000000000   8
349.30000000000000000000   10
349.40000000000000000000   7
349.50000000000000000000   7
349.60000000000000000000   8
349.70000000000000000000   3
349.80000000000000000000   6
349.90000000000000000000   7
350.00000000000000000000   1
350.10000000000000000000   7
350.20000000000000000000   8
350.30000000000000000000   8
350.40000000000000000000   4
350.50000000000000000000   7
350.60000000000000000000   10
350.70000000000000000000   13
350.80000000000000000000   11
350.90000000000000000000   14
351.00000000000000000000   16
351.10000000000000000000   17
351.20000000000000000000   13
351.30000000000000000000   15
351.40000000000000000000   11
351.50000000000000000000   13
351.60000000000000000000   11
351.70000000000000000000   12
351.80000000000000000000   14
351.90000000000000000000   9
352.00000000000000000000   12
352.10000000000000000000   5
352.20000000000000000000   3
352.30000000000000000000   10
352.40000000000000000000   11
352.50000000000000000000   13
352.60000000000000000000   8
352.70000000000000000000   8
352.80000000000000000000   9
352.90000000000000000000   9
353.00000000000000000000   11
353.10000000000000000000   7
353.20000000000000000000   9
353.30000000000000000000   8
353.40000000000000000000   8
353.50000000000000000000   6
353.60000000000000000000   8
353.70000000000000000000   9
353.80000000000000000000   10
353.90000000000000000000   10
354.00000000000000000000   10
354.10000000000000000000   6
354.20000000000000000000   7
354.30000000000000000000   10
354.40000000000000000000   7
354.50000000000000000000   7
354.60000000000000000000   8
354.70000000000000000000   6
354.80000000000000000000   6
354.90000000000000000000   12
355.00000000000000000000   12
355.10000000000000000000   3
355.20000000000000000000   7
355.30000000000000000000   10
355.40000000000000000000   10
355.50000000000000000000   10
355.60000000000000000000   3
355.70000000000000000000   6
355.80000000000000000000   4
355.90000000000000000000   6
356.00000000000000000000   9
356.10000000000000000000   6
356.20000000000000000000   4
356.30000000000000000000   6
356.40000000000000000000   6
356.50000000000000000000   8
356.60000000000000000000   3
356.70000000000000000000   6
356.80000000000000000000   8
356.90000000000000000000   11
357.00000000000000000000   11
357.10000000000000000000   11
357.20000000000000000000   10
357.30000000000000000000   11
357.40000000000000000000   9
357.50000000000000000000   15
357.60000000000000000000   11
357.70000000000000000000   10
357.80000000000000000000   10
357.90000000000000000000   13
358.00000000000000000000   13
358.10000000000000000000   15
358.20000000000000000000   14
358.30000000000000000000   13
358.40000000000000000000   14
358.50000000000000000000   15
358.60000000000000000000   15
358.70000000000000000000   14
358.80000000000000000000   15
358.90000000000000000000   15
359.00000000000000000000   16
359.10000000000000000000   12
359.20000000000000000000   11
359.30000000000000000000   10
359.40000000000000000000   11
359.50000000000000000000   10
359.60000000000000000000   11
359.70000000000000000000   10
359.80000000000000000000   9
359.90000000000000000000   10
360.00000000000000000000   3
360.10000000000000000000   6
360.20000000000000000000   5
360.30000000000000000000   7
360.40000000000000000000   13
360.50000000000000000000   7
360.60000000000000000000   9
360.70000000000000000000   10
360.80000000000000000000   9
360.90000000000000000000   8
361.00000000000000000000   7
361.10000000000000000000   8
361.20000000000000000000   6
361.30000000000000000000   10
361.40000000000000000000   10
361.50000000000000000000   7
361.60000000000000000000   8
361.70000000000000000000   9
361.80000000000000000000   12
361.90000000000000000000   7
362.00000000000000000000   7
362.10000000000000000000   6
362.20000000000000000000   4
362.30000000000000000000   6
362.40000000000000000000   9
362.50000000000000000000   8
362.60000000000000000000   11
362.70000000000000000000   11
362.80000000000000000000   10
362.90000000000000000000   5
363.00000000000000000000   8
363.10000000000000000000   8
363.20000000000000000000   8
363.30000000000000000000   8
363.40000000000000000000   8
363.50000000000000000000   10
363.60000000000000000000   8
363.70000000000000000000   12
363.80000000000000000000   6
363.90000000000000000000   7
364.00000000000000000000   5
364.10000000000000000000   8
364.20000000000000000000   9
364.30000000000000000000   9
364.40000000000000000000   9
364.50000000000000000000   8
364.60000000000000000000   5
364.70000000000000000000   7
364.80000000000000000000   13
364.90000000000000000000   14
365.00000000000000000000   14
365.10000000000000000000   14
365.20000000000000000000   18
365.30000000000000000000   14
365.40000000000000000000   17
365.50000000000000000000   11
365.60000000000000000000   15
365.70000000000000000000   18
365.80000000000000000000   15
365.90000000000000000000   13
366.00000000000000000000   16
366.10000000000000000000   16
366.20000000000000000000   14
366.30000000000000000000   13
366.40000000000000000000   11
366.50000000000000000000   19
366.60000000000000000000   13
366.70000000000000000000   14
366.80000000000000000000   13
366.90000000000000000000   15
367.00000000000000000000   16
367.10000000000000000000   15
367.20000000000000000000   16
367.30000000000000000000   16
367.40000000000000000000   19
367.50000000000000000000   18
367.60000000000000000000   14
367.70000000000000000000   11
367.80000000000000000000   12
367.90000000000000000000   8
368.00000000000000000000   9
368.10000000000000000000   9
368.20000000000000000000   15
368.30000000000000000000   16
368.40000000000000000000   6
368.50000000000000000000   16
368.60000000000000000000   16
368.70000000000000000000   16
368.80000000000000000000   11
368.90000000000000000000   13
369.00000000000000000000   14
369.10000000000000000000   15
369.20000000000000000000   13
369.30000000000000000000   8
369.40000000000000000000   9
369.50000000000000000000   12
369.60000000000000000000   11
369.70000000000000000000   10
369.80000000000000000000   12
369.90000000000000000000   5
370.00000000000000000000   11
370.10000000000000000000   6
370.20000000000000000000   6
370.30000000000000000000   7
370.40000000000000000000   7
370.50000000000000000000   12
370.60000000000000000000   15
370.70000000000000000000   13
370.80000000000000000000   11
370.90000000000000000000   10
371.00000000000000000000   11
371.10000000000000000000   13
371.20000000000000000000   12
371.30000000000000000000   10
371.40000000000000000000   9
371.50000000000000000000   11
371.60000000000000000000   10
371.70000000000000000000   13
371.80000000000000000000   13
371.90000000000000000000   9
372.00000000000000000000   13
372.10000000000000000000   8
372.20000000000000000000   7
372.30000000000000000000   8
372.40000000000000000000   4
372.50000000000000000000   5
372.60000000000000000000   7
372.70000000000000000000   9
372.80000000000000000000   8
372.90000000000000000000   9
373.00000000000000000000   7
373.10000000000000000000   7
373.20000000000000000000   9
373.30000000000000000000   6
373.40000000000000000000   7
373.50000000000000000000   7
373.60000000000000000000   8
373.70000000000000000000   8
373.80000000000000000000   5
373.90000000000000000000   7
374.00000000000000000000   5
374.10000000000000000000   5
374.20000000000000000000   10
374.30000000000000000000   10
374.40000000000000000000   8
374.50000000000000000000   11
374.60000000000000000000   12
374.70000000000000000000   11
374.80000000000000000000   7
374.90000000000000000000   10
375.00000000000000000000   8
375.10000000000000000000   11
375.20000000000000000000   12
375.30000000000000000000   11
375.40000000000000000000   11
375.50000000000000000000   10
375.60000000000000000000   11
375.70000000000000000000   7
375.80000000000000000000   10
375.90000000000000000000   10
376.00000000000000000000   10
376.10000000000000000000   17
376.20000000000000000000   18
376.30000000000000000000   16
376.40000000000000000000   15
376.50000000000000000000   13
376.60000000000000000000   11
376.70000000000000000000   11
376.80000000000000000000   9
376.90000000000000000000   9
377.00000000000000000000   12
377.10000000000000000000   13
377.20000000000000000000   11
377.30000000000000000000   17
377.40000000000000000000   15
377.50000000000000000000   12
377.60000000000000000000   12
377.70000000000000000000   10
377.80000000000000000000   7
377.90000000000000000000   10
378.00000000000000000000   7
378.10000000000000000000   12
378.20000000000000000000   14
378.30000000000000000000   10
378.40000000000000000000   8
378.50000000000000000000   7
378.60000000000000000000   11
378.70000000000000000000   9
378.80000000000000000000   7
378.90000000000000000000   5
379.00000000000000000000   6
379.10000000000000000000   6
379.20000000000000000000   6
379.30000000000000000000   6
379.40000000000000000000   7
379.50000000000000000000   8
379.60000000000000000000   8
379.70000000000000000000   8
379.80000000000000000000   7
379.90000000000000000000   8
380.00000000000000000000   11
380.10000000000000000000   11
380.20000000000000000000   11
380.30000000000000000000   8
380.40000000000000000000   10
380.50000000000000000000   10
380.60000000000000000000   10
380.70000000000000000000   9
380.80000000000000000000   9
380.90000000000000000000   10
381.00000000000000000000   12
381.10000000000000000000   10
381.20000000000000000000   9
381.30000000000000000000   8
381.40000000000000000000   6
381.50000000000000000000   10
381.60000000000000000000   10
381.70000000000000000000   10
381.80000000000000000000   11
381.90000000000000000000   10
382.00000000000000000000   15
382.10000000000000000000   11
382.20000000000000000000   11
382.30000000000000000000   13
382.40000000000000000000   9
382.50000000000000000000   12
382.60000000000000000000   16
382.70000000000000000000   14
382.80000000000000000000   14
382.90000000000000000000   15
383.00000000000000000000   14
383.10000000000000000000   12
383.20000000000000000000   13
383.30000000000000000000   15
383.40000000000000000000   13
383.50000000000000000000   10
383.60000000000000000000   7
383.70000000000000000000   8
383.80000000000000000000   7
383.90000000000000000000   10
384.00000000000000000000   13
384.10000000000000000000   11
384.20000000000000000000   7
384.30000000000000000000   11
384.40000000000000000000   8
384.50000000000000000000   11
384.60000000000000000000   12
384.70000000000000000000   11
384.80000000000000000000   8
384.90000000000000000000   8
385.00000000000000000000   11
385.10000000000000000000   12
385.20000000000000000000   5
385.30000000000000000000   7
385.40000000000000000000   6
385.50000000000000000000   5
385.60000000000000000000   5
385.70000000000000000000   4
385.80000000000000000000   5
385.90000000000000000000   6
386.00000000000000000000   10
386.10000000000000000000   7
386.20000000000000000000   3
386.30000000000000000000   3
386.40000000000000000000   9
386.50000000000000000000   7
386.60000000000000000000   11
386.70000000000000000000   6
386.80000000000000000000   11
386.90000000000000000000   13
387.00000000000000000000   9
387.10000000000000000000   11
387.20000000000000000000   9
387.30000000000000000000   12
387.40000000000000000000   11
387.50000000000000000000   9
387.60000000000000000000   11
387.70000000000000000000   10
387.80000000000000000000   8
387.90000000000000000000   10
388.00000000000000000000   11
388.10000000000000000000   9
388.20000000000000000000   10
388.30000000000000000000   10
388.40000000000000000000   5
388.50000000000000000000   9
388.60000000000000000000   9
388.70000000000000000000   10
388.80000000000000000000   10
388.90000000000000000000   10
389.00000000000000000000   9
389.10000000000000000000   11
389.20000000000000000000   10
389.30000000000000000000   10
389.40000000000000000000   9
389.50000000000000000000   6
389.60000000000000000000   10
389.70000000000000000000   3
389.80000000000000000000   6
389.90000000000000000000   9
390.00000000000000000000   8
390.10000000000000000000   10
390.20000000000000000000   5
390.30000000000000000000   4
390.40000000000000000000   6
390.50000000000000000000   3
390.60000000000000000000   6
390.70000000000000000000   3
390.80000000000000000000   4
390.90000000000000000000   5
391.00000000000000000000   5
391.10000000000000000000   5
391.20000000000000000000   10
391.30000000000000000000   10
391.40000000000000000000   3
391.50000000000000000000   7
391.60000000000000000000   3
391.70000000000000000000   9
391.80000000000000000000   5
391.90000000000000000000   7
392.00000000000000000000   9
392.10000000000000000000   8
392.20000000000000000000   6
392.30000000000000000000   6
392.40000000000000000000   5
392.50000000000000000000   6
392.60000000000000000000   4
392.70000000000000000000   7
392.80000000000000000000   4
392.90000000000000000000   6
393.00000000000000000000   5
393.10000000000000000000   4
393.20000000000000000000   6
393.30000000000000000000   4
393.40000000000000000000   8
393.50000000000000000000   8
393.60000000000000000000   4
393.70000000000000000000   3
393.80000000000000000000   4
393.90000000000000000000   1
394.00000000000000000000   6
394.10000000000000000000   6
394.20000000000000000000   6
394.30000000000000000000   6
394.40000000000000000000   5
394.50000000000000000000   8
394.60000000000000000000   9
394.70000000000000000000   8
394.80000000000000000000   6
394.90000000000000000000   6
395.00000000000000000000   10
395.10000000000000000000   10
395.20000000000000000000   12
395.30000000000000000000   8
395.40000000000000000000   4
395.50000000000000000000   11
395.60000000000000000000   8
395.70000000000000000000   4
395.80000000000000000000   5
395.90000000000000000000   6
396.00000000000000000000   6
396.10000000000000000000   7
396.20000000000000000000   4
396.30000000000000000000   6
396.40000000000000000000   5
396.50000000000000000000   7
396.60000000000000000000   5
396.70000000000000000000   8
396.80000000000000000000   6
396.90000000000000000000   5
397.00000000000000000000   7
397.10000000000000000000   5
397.20000000000000000000   7
397.30000000000000000000   5
397.40000000000000000000   5
397.50000000000000000000   9
397.60000000000000000000   5
397.70000000000000000000   5
397.80000000000000000000   7
397.90000000000000000000   5
398.00000000000000000000   6
398.10000000000000000000   7
398.20000000000000000000   9
398.30000000000000000000   4
398.40000000000000000000   4
398.50000000000000000000   8
398.60000000000000000000   8
398.70000000000000000000   6
398.80000000000000000000   4
398.90000000000000000000   4
399.00000000000000000000   4
399.10000000000000000000   4
399.20000000000000000000   4
399.30000000000000000000   4
399.40000000000000000000   4
399.50000000000000000000   4
399.60000000000000000000   4
399.70000000000000000000   4
