200.00000000000000000000   2
200.10000000000000000000   4
200.20000000000000000000   1
200.30000000000000000000   4
200.40000000000000000000   2
200.50000000000000000000   3
200.60000000000000000000   3
200.70000000000000000000   3
200.80000000000000000000   4
200.90000000000000000000   4
201.00000000000000000000   5
201.10000000000000000000   5
201.20000000000000000000   6
201.30000000000000000000   3
201.40000000000000000000   5
201.50000000000000000000   4
201.60000000000000000000   6
201.70000000000000000000   4
201.80000000000000000000   5
201.90000000000000000000   3
202.00000000000000000000   4
202.10000000000000000000   3
202.20000000000000000000   4
202.30000000000000000000   5
202.40000000000000000000   4
202.50000000000000000000   4
202.60000000000000000000   3
202.70000000000000000000   3
202.80000000000000000000   4
202.90000000000000000000   5
203.00000000000000000000   7
203.10000000000000000000   4
203.20000000000000000000   5
203.30000000000000000000   5
203.40000000000000000000   4
203.50000000000000000000   3
203.60000000000000000000   3
203.70000000000000000000   3
203.80000000000000000000   3
203.90000000000000000000   5
204.00000000000000000000   5
204.10000000000000000000   3
204.20000000000000000000   6
204.30000000000000000000   3
204.40000000000000000000   4
204.50000000000000000000   6
204.60000000000000000000   3
204.70000000000000000000   3
204.80000000000000000000   6
204.90000000000000000000   4
205.00000000000000000000   3
205.10000000000000000000   4
205.20000000000000000000   4
205.30000000000000000000   3
205.40000000000000000000   4
205.50000000000000000000   4
205.60000000000000000000   4
205.70000000000000000000   3
205.80000000000000000000   4
205.90000000000000000000   3
206.00000000000000000000   3
206.10000000000000000000   0
206.20000000000000000000   4
206.30000000000000000000   3
206.40000000000000000000   4
206.50000000000000000000   5
206.60000000000000000000   4
206.70000000000000000000   5
206.80000000000000000000   3
206.90000000000000000000   5
207.00000000000000000000   3
207.10000000000000000000   4
207.20000000000000000000   4
207.30000000000000000000   4
207.40000000000000000000   4
207.50000000000000000000   4
207.60000000000000000000   5
207.70000000000000000000   6
207.80000000000000000000   2
207.90000000000000000000   3
208.00000000000000000000   5
208.10000000000000000000   3
208.20000000000000000000   3
208.30000000000000000000   2
208.40000000000000000000   4
208.50000000000000000000   4
208.60000000000000000000   5
208.70000000000000000000   3
208.80000000000000000000   4
208.90000000000000000000   5
209.00000000000000000000   5
209.10000000000000000000   4
209.20000000000000000000   4
209.30000000000000000000   3
209.40000000000000000000   3
209.50000000000000000000   5
209.60000000000000000000   5
209.70000000000000000000   4
209.80000000000000000000   3
209.90000000000000000000   3
210.00000000000000000000   4
210.10000000000000000000   1
210.20000000000000000000   3
210.30000000000000000000   3
210.40000000000000000000   3
210.50000000000000000000   3
210.60000000000000000000   6
210.70000000000000000000   3
210.80000000000000000000   3
210.90000000000000000000   3
211.00000000000000000000   3
211.10000000000000000000   2
211.20000000000000000000   1
211.30000000000000000000   3
211.40000000000000000000   3
211.50000000000000000000   5
211.60000000000000000000   2
211.70000000000000000000   6
211.80000000000000000000   4
211.90000000000000000000   3
212.00000000000000000000   2
212.10000000000000000000   3
212.20000000000000000000   3
212.30000000000000000000   4
212.40000000000000000000   2
212.50000000000000000000   4
212.60000000000000000000   2
212.70000000000000000000   2
212.80000000000000000000   5
212.90000000000000000000   2
213.00000000000000000000   3
213.10000000000000000000   2
213.20000000000000000000   2
213.30000000000000000000   2
213.40000000000000000000   2
213.50000000000000000000   3
213.60000000000000000000   3
213.70000000000000000000   3
213.80000000000000000000   1
213.90000000000000000000   6
214.00000000000000000000   4
214.10000000000000000000   4
214.20000000000000000000   5
214.30000000000000000000   4
214.40000000000000000000   6
214.50000000000000000000   4
214.60000000000000000000   7
214.70000000000000000000   3
214.80000000000000000000   6
214.90000000000000000000   3
215.00000000000000000000   4
215.10000000000000000000   5
215.20000000000000000000   1
215.30000000000000000000   1
215.40000000000000000000   2
215.50000000000000000000   4
215.60000000000000000000   3
215.70000000000000000000   2
215.80000000000000000000   6
215.90000000000000000000   5
216.00000000000000000000   5
216.10000000000000000000   6
216.20000000000000000000   6
216.30000000000000000000   6
216.40000000000000000000   5
216.50000000000000000000   5
216.60000000000000000000   3
216.70000000000000000000   3
216.80000000000000000000   2
216.90000000000000000000   7
217.00000000000000000000   2
217.10000000000000000000   4
217.20000000000000000000   4
217.30000000000000000000   4
217.40000000000000000000   5
217.50000000000000000000   6
217.60000000000000000000   5
217.70000000000000000000   6
217.80000000000000000000   2
217.90000000000000000000   5
218.00000000000000000000   3
218.10000000000000000000   4
218.20000000000000000000   4
218.30000000000000000000   5
218.40000000000000000000   5
218.50000000000000000000   5
218.60000000000000000000   4
218.70000000000000000000   2
218.80000000000000000000   2
218.90000000000000000000   3
219.00000000000000000000   4
219.10000000000000000000   3
219.20000000000000000000   3
219.30000000000000000000   4
219.40000000000000000000   4
219.50000000000000000000   5
219.60000000000000000000   3
219.70000000000000000000   3
219.80000000000000000000   5
219.90000000000000000000   4
220.00000000000000000000   4
220.10000000000000000000   4
220.20000000000000000000   2
220.30000000000000000000   2
220.40000000000000000000   3
220.50000000000000000000   2
220.60000000000000000000   3
220.70000000000000000000   7
220.80000000000000000000   6
220.90000000000000000000   4
221.00000000000000000000   2
221.10000000000000000000   3
221.20000000000000000000   5
221.30000000000000000000   2
221.40000000000000000000   2
221.50000000000000000000   3
221.60000000000000000000   2
221.70000000000000000000   3
221.80000000000000000000   5
221.90000000000000000000   4
222.00000000000000000000   3
222.10000000000000000000   2
222.20000000000000000000   2
222.30000000000000000000   4
222.40000000000000000000   4
222.50000000000000000000   2
222.60000000000000000000   3
222.70000000000000000000   2
222.80000000000000000000   1
222.90000000000000000000   2
223.00000000000000000000   4
223.10000000000000000000   4
223.20000000000000000000   4
223.30000000000000000000   4
223.40000000000000000000   1
223.50000000000000000000   1
223.60000000000000000000   1
223.70000000000000000000   2
223.80000000000000000000   2
223.90000000000000000000   1
224.00000000000000000000   2
224.10000000000000000000   2
224.20000000000000000000   1
224.30000000000000000000   2
224.40000000000000000000   1
224.50000000000000000000   1
224.60000000000000000000   3
224.70000000000000000000   2
224.80000000000000000000   4
224.90000000000000000000   4
225.00000000000000000000   5
225.10000000000000000000   3
225.20000000000000000000   4
225.30000000000000000000   5
225.40000000000000000000   3
225.50000000000000000000   3
225.60000000000000000000   3
225.70000000000000000000   3
225.80000000000000000000   3
225.90000000000000000000   3
226.00000000000000000000   3
226.10000000000000000000   3
226.20000000000000000000   3
226.30000000000000000000   4
226.40000000000000000000   5
226.50000000000000000000   1
226.60000000000000000000   5
226.70000000000000000000   3
226.80000000000000000000   1
226.90000000000000000000   4
227.00000000000000000000   2
227.10000000000000000000   3
227.20000000000000000000   3
227.30000000000000000000   3
227.40000000000000000000   2
227.50000000000000000000   2
227.60000000000000000000   3
227.70000000000000000000   4
227.80000000000000000000   4
227.90000000000000000000   3
228.00000000000000000000   3
228.10000000000000000000   3
228.20000000000000000000   3
228.30000000000000000000   3
228.40000000000000000000   4
228.50000000000000000000   2
228.60000000000000000000   3
228.70000000000000000000   4
228.80000000000000000000   3
228.90000000000000000000   3
229.00000000000000000000   3
229.10000000000000000000   4
229.20000000000000000000   5
229.30000000000000000000   3
229.40000000000000000000   3
229.50000000000000000000   4
229.60000000000000000000   2
229.70000000000000000000   3
229.80000000000000000000   1
229.90000000000000000000   2
230.00000000000000000000   2
230.10000000000000000000   2
230.20000000000000000000   4
230.30000000000000000000   6
230.40000000000000000000   4
230.50000000000000000000   6
230.60000000000000000000   4
230.70000000000000000000   4
230.80000000000000000000   2
230.90000000000000000000   2
231.00000000000000000000   4
231.10000000000000000000   5
231.20000000000000000000   5
231.30000000000000000000   3
231.40000000000000000000   3
231.50000000000000000000   3
231.60000000000000000000   5
231.70000000000000000000   4
231.80000000000000000000   2
231.90000000000000000000   4
232.00000000000000000000   3
232.10000000000000000000   4
232.20000000000000000000   5
232.30000000000000000000   5
232.40000000000000000000   1
232.50000000000000000000   4
232.60000000000000000000   3
232.70000000000000000000   5
232.80000000000000000000   5
232.90000000000000000000   5
233.00000000000000000000   5
233.10000000000000000000   4
233.20000000000000000000   3
233.30000000000000000000   3
233.40000000000000000000   4
233.50000000000000000000   2
233.60000000000000000000   4
233.70000000000000000000   4
233.80000000000000000000   5
233.90000000000000000000   4
234.00000000000000000000   4
234.10000000000000000000   4
234.20000000000000000000   5
234.30000000000000000000   4
234.40000000000000000000   4
234.50000000000000000000   4
234.60000000000000000000   7
234.70000000000000000000   5
234.80000000000000000000   6
234.90000000000000000000   5
235.00000000000000000000   5
235.10000000000000000000   3
235.20000000000000000000   5
235.30000000000000000000   4
235.40000000000000000000   2
235.50000000000000000000   5
235.60000000000000000000   4
235.70000000000000000000   4
235.80000000000000000000   5
235.90000000000000000000   2
236.00000000000000000000   4
236.10000000000000000000   2
236.20000000000000000000   3
236.30000000000000000000   2
236.40000000000000000000   3
236.50000000000000000000   3
236.60000000000000000000   2
236.70000000000000000000   2
236.80000000000000000000   8
236.90000000000000000000   2
237.00000000000000000000   3
237.10000000000000000000   3
237.20000000000000000000   3
237.30000000000000000000   4
237.40000000000000000000   5
237.50000000000000000000   5
237.60000000000000000000   3
237.70000000000000000000   2
237.80000000000000000000   4
237.90000000000000000000   3
238.00000000000000000000   4
238.10000000000000000000   4
238.20000000000000000000   5
238.30000000000000000000   4
238.40000000000000000000   5
238.50000000000000000000   5
238.60000000000000000000   3
238.70000000000000000000   6
238.80000000000000000000   3
238.90000000000000000000   2
239.00000000000000000000   3
239.10000000000000000000   7
239.20000000000000000000   6
239.30000000000000000000   5
239.40000000000000000000   5
239.50000000000000000000   4
239.60000000000000000000   4
239.70000000000000000000   4
239.80000000000000000000   4
239.90000000000000000000   3
240.00000000000000000000   3
240.10000000000000000000   2
240.20000000000000000000   3
240.30000000000000000000   3
240.40000000000000000000   3
240.50000000000000000000   5
240.60000000000000000000   4
240.70000000000000000000   4
240.80000000000000000000   2
240.90000000000000000000   2
241.00000000000000000000   3
241.10000000000000000000   3
241.20000000000000000000   3
241.30000000000000000000   3
241.40000000000000000000   3
241.50000000000000000000   3
241.60000000000000000000   1
241.70000000000000000000   4
241.80000000000000000000   3
241.90000000000000000000   4
242.00000000000000000000   2
242.10000000000000000000   2
242.20000000000000000000   2
242.30000000000000000000   2
242.40000000000000000000   3
242.50000000000000000000   1
242.60000000000000000000   3
242.70000000000000000000   1
242.80000000000000000000   2
242.90000000000000000000   2
243.00000000000000000000   0
243.10000000000000000000   0
243.20000000000000000000   0
243.30000000000000000000   1
243.40000000000000000000   1
243.50000000000000000000   1
243.60000000000000000000   1
243.70000000000000000000   1
243.80000000000000000000   1
243.90000000000000000000   0
244.00000000000000000000   0
244.10000000000000000000   2
244.20000000000000000000   0
244.30000000000000000000   0
244.40000000000000000000   0
244.50000000000000000000   0
244.60000000000000000000   1
244.70000000000000000000   1
244.80000000000000000000   1
244.90000000000000000000   2
245.00000000000000000000   2
245.10000000000000000000   0
245.20000000000000000000   1
245.30000000000000000000   3
245.40000000000000000000   0
245.50000000000000000000   1
245.60000000000000000000   3
245.70000000000000000000   4
245.80000000000000000000   3
245.90000000000000000000   4
246.00000000000000000000   5
246.10000000000000000000   4
246.20000000000000000000   4
246.30000000000000000000   5
246.40000000000000000000   2
246.50000000000000000000   2
246.60000000000000000000   4
246.70000000000000000000   3
246.80000000000000000000   5
246.90000000000000000000   4
247.00000000000000000000   5
247.10000000000000000000   4
247.20000000000000000000   3
247.30000000000000000000   1
247.40000000000000000000   2
247.50000000000000000000   1
247.60000000000000000000   5
247.70000000000000000000   4
247.80000000000000000000   4
247.90000000000000000000   3
248.00000000000000000000   3
248.10000000000000000000   3
248.20000000000000000000   4
248.30000000000000000000   4
248.40000000000000000000   3
248.50000000000000000000   2
248.60000000000000000000   2
248.70000000000000000000   5
248.80000000000000000000   3
248.90000000000000000000   4
249.00000000000000000000   3
249.10000000000000000000   2
249.20000000000000000000   2
249.30000000000000000000   2
249.40000000000000000000   3
249.50000000000000000000   6
249.60000000000000000000   1
249.70000000000000000000   4
249.80000000000000000000   5
249.90000000000000000000   4
250.00000000000000000000   3
250.10000000000000000000   2
250.20000000000000000000   3
250.30000000000000000000   5
250.40000000000000000000   3
250.50000000000000000000   3
250.60000000000000000000   3
250.70000000000000000000   3
250.80000000000000000000   3
250.90000000000000000000   2
251.00000000000000000000   3
251.10000000000000000000   3
251.20000000000000000000   4
251.30000000000000000000   3
251.40000000000000000000   3
251.50000000000000000000   2
251.60000000000000000000   3
251.70000000000000000000   3
251.80000000000000000000   4
251.90000000000000000000   4
252.00000000000000000000   3
252.10000000000000000000   3
252.20000000000000000000   3
252.30000000000000000000   3
252.40000000000000000000   3
252.50000000000000000000   3
252.60000000000000000000   3
252.70000000000000000000   4
252.80000000000000000000   3
252.90000000000000000000   3
253.00000000000000000000   3
253.10000000000000000000   4
253.20000000000000000000   3
253.30000000000000000000   3
253.40000000000000000000   3
253.50000000000000000000   3
253.60000000000000000000   2
253.70000000000000000000   3
253.80000000000000000000   3
253.90000000000000000000   4
254.00000000000000000000   5
254.10000000000000000000   3
254.20000000000000000000   2
254.30000000000000000000   4
254.40000000000000000000   3
254.50000000000000000000   3
254.60000000000000000000   3
254.70000000000000000000   3
254.80000000000000000000   2
254.90000000000000000000   4
255.00000000000000000000   4
255.10000000000000000000   2
255.20000000000000000000   2
255.30000000000000000000   5
255.40000000000000000000   2
255.50000000000000000000   3
255.60000000000000000000   3
255.70000000000000000000   3
255.80000000000000000000   3
255.90000000000000000000   4
256.00000000000000000000   4
256.10000000000000000000   4
256.20000000000000000000   2
256.30000000000000000000   3
256.40000000000000000000   3
256.50000000000000000000   4
256.60000000000000000000   4
256.70000000000000000000   3
256.80000000000000000000   3
256.90000000000000000000   3
257.00000000000000000000   3
257.10000000000000000000   2
257.20000000000000000000   3
257.30000000000000000000   3
257.40000000000000000000   3
257.50000000000000000000   3
257.60000000000000000000   3
257.70000000000000000000   4
257.80000000000000000000   3
257.90000000000000000000   3
258.00000000000000000000   4
258.10000000000000000000   2
258.20000000000000000000   2
258.30000000000000000000   5
258.40000000000000000000   4
258.50000000000000000000   3
258.60000000000000000000   3
258.70000000000000000000   3
258.80000000000000000000   4
258.90000000000000000000   3
259.00000000000000000000   7
259.10000000000000000000   6
259.20000000000000000000   5
259.30000000000000000000   4
259.40000000000000000000   4
259.50000000000000000000   5
259.60000000000000000000   2
259.70000000000000000000   4
259.80000000000000000000   4
259.90000000000000000000   2
260.00000000000000000000   2
260.10000000000000000000   3
260.20000000000000000000   4
260.30000000000000000000   3
260.40000000000000000000   5
260.50000000000000000000   4
260.60000000000000000000   3
260.70000000000000000000   3
260.80000000000000000000   2
260.90000000000000000000   3
261.00000000000000000000   3
261.10000000000000000000   3
261.20000000000000000000   2
261.30000000000000000000   2
261.40000000000000000000   3
261.50000000000000000000   2
261.60000000000000000000   2
261.70000000000000000000   4
261.80000000000000000000   4
261.90000000000000000000   7
262.00000000000000000000   4
262.10000000000000000000   4
262.20000000000000000000   5
262.30000000000000000000   4
262.40000000000000000000   4
262.50000000000000000000   3
262.60000000000000000000   3
262.70000000000000000000   5
262.80000000000000000000   3
262.90000000000000000000   5
263.00000000000000000000   3
263.10000000000000000000   3
263.20000000000000000000   3
263.30000000000000000000   4
263.40000000000000000000   3
263.50000000000000000000   2
263.60000000000000000000   3
263.70000000000000000000   3
263.80000000000000000000   2
263.90000000000000000000   4
264.00000000000000000000   3
264.10000000000000000000   3
264.20000000000000000000   4
264.30000000000000000000   2
264.40000000000000000000   4
264.50000000000000000000   2
264.60000000000000000000   2
264.70000000000000000000   3
264.80000000000000000000   3
264.90000000000000000000   3
265.00000000000000000000   4
265.10000000000000000000   3
265.20000000000000000000   3
265.30000000000000000000   5
265.40000000000000000000   4
265.50000000000000000000   4
265.60000000000000000000   3
265.70000000000000000000   3
265.80000000000000000000   3
265.90000000000000000000   3
266.00000000000000000000   3
266.10000000000000000000   5
266.20000000000000000000   3
266.30000000000000000000   4
266.40000000000000000000   4
266.50000000000000000000   3
266.60000000000000000000   3
266.70000000000000000000   3
266.80000000000000000000   3
266.90000000000000000000   4
267.00000000000000000000   3
267.10000000000000000000   3
267.20000000000000000000   4
267.30000000000000000000   4
267.40000000000000000000   4
267.50000000000000000000   4
267.60000000000000000000   5
267.70000000000000000000   5
267.80000000000000000000   3
267.90000000000000000000   3
268.00000000000000000000   3
268.10000000000000000000   4
268.20000000000000000000   4
268.30000000000000000000   4
268.40000000000000000000   4
268.50000000000000000000   3
268.60000000000000000000   3
268.70000000000000000000   4
268.80000000000000000000   3
268.90000000000000000000   4
269.00000000000000000000   5
269.10000000000000000000   6
269.20000000000000000000   6
269.30000000000000000000   8
269.40000000000000000000   6
269.50000000000000000000   4
269.60000000000000000000   4
269.70000000000000000000   5
269.80000000000000000000   3
269.90000000000000000000   3
270.00000000000000000000   4
270.10000000000000000000   4
270.20000000000000000000   5
270.30000000000000000000   4
270.40000000000000000000   3
270.50000000000000000000   3
270.60000000000000000000   4
270.70000000000000000000   3
270.80000000000000000000   3
270.90000000000000000000   2
271.00000000000000000000   3
271.10000000000000000000   3
271.20000000000000000000   4
271.30000000000000000000   4
271.40000000000000000000   4
271.50000000000000000000   3
271.60000000000000000000   4
271.70000000000000000000   4
271.80000000000000000000   4
271.90000000000000000000   5
272.00000000000000000000   4
272.10000000000000000000   3
272.20000000000000000000   3
272.30000000000000000000   3
272.40000000000000000000   4
272.50000000000000000000   3
272.60000000000000000000   3
272.70000000000000000000   3
272.80000000000000000000   3
272.90000000000000000000   4
273.00000000000000000000   4
273.10000000000000000000   4
273.20000000000000000000   4
273.30000000000000000000   4
273.40000000000000000000   4
273.50000000000000000000   3
273.60000000000000000000   3
273.70000000000000000000   3
273.80000000000000000000   4
273.90000000000000000000   3
274.00000000000000000000   2
274.10000000000000000000   3
274.20000000000000000000   4
274.30000000000000000000   3
274.40000000000000000000   3
274.50000000000000000000   3
274.60000000000000000000   3
274.70000000000000000000   5
274.80000000000000000000   3
274.90000000000000000000   3
275.00000000000000000000   2
275.10000000000000000000   1
275.20000000000000000000   3
275.30000000000000000000   3
275.40000000000000000000   2
275.50000000000000000000   2
275.60000000000000000000   5
275.70000000000000000000   3
275.80000000000000000000   4
275.90000000000000000000   3
276.00000000000000000000   3
276.10000000000000000000   4
276.20000000000000000000   4
276.30000000000000000000   2
276.40000000000000000000   4
276.50000000000000000000   4
276.60000000000000000000   5
276.70000000000000000000   2
276.80000000000000000000   4
276.90000000000000000000   3
277.00000000000000000000   3
277.10000000000000000000   4
277.20000000000000000000   4
277.30000000000000000000   3
277.40000000000000000000   3
277.50000000000000000000   3
277.60000000000000000000   3
277.70000000000000000000   2
277.80000000000000000000   3
277.90000000000000000000   3
278.00000000000000000000   2
278.10000000000000000000   5
278.20000000000000000000   4
278.30000000000000000000   5
278.40000000000000000000   4
278.50000000000000000000   3
278.60000000000000000000   4
278.70000000000000000000   3
278.80000000000000000000   4
278.90000000000000000000   2
279.00000000000000000000   3
279.10000000000000000000   5
279.20000000000000000000   2
279.30000000000000000000   4
279.40000000000000000000   2
279.50000000000000000000   3
279.60000000000000000000   2
279.70000000000000000000   2
279.80000000000000000000   4
279.90000000000000000000   3
280.00000000000000000000   4
280.10000000000000000000   4
280.20000000000000000000   3
280.30000000000000000000   3
280.40000000000000000000   3
280.50000000000000000000   3
280.60000000000000000000   3
280.70000000000000000000   4
280.80000000000000000000   2
280.90000000000000000000   3
281.00000000000000000000   4
281.10000000000000000000   4
281.20000000000000000000   4
281.30000000000000000000   4
281.40000000000000000000   3
281.50000000000000000000   5
281.60000000000000000000   3
281.70000000000000000000   3
281.80000000000000000000   4
281.90000000000000000000   5
282.00000000000000000000   3
282.10000000000000000000   5
282.20000000000000000000   3
282.30000000000000000000   2
282.40000000000000000000   3
282.50000000000000000000   2
282.60000000000000000000   4
282.70000000000000000000   4
282.80000000000000000000   4
282.90000000000000000000   3
283.00000000000000000000   4
283.10000000000000000000   4
283.20000000000000000000   3
283.30000000000000000000   3
283.40000000000000000000   5
283.50000000000000000000   6
283.60000000000000000000   5
283.70000000000000000000   3
283.80000000000000000000   2
283.90000000000000000000   3
284.00000000000000000000   3
284.10000000000000000000   3
284.20000000000000000000   4
284.30000000000000000000   3
284.40000000000000000000   3
284.50000000000000000000   5
284.60000000000000000000   4
284.70000000000000000000   4
284.80000000000000000000   3
284.90000000000000000000   3
285.00000000000000000000   3
285.10000000000000000000   3
285.20000000000000000000   5
285.30000000000000000000   3
285.40000000000000000000   3
285.50000000000000000000   2
285.60000000000000000000   2
285.70000000000000000000   2
285.80000000000000000000   2
285.90000000000000000000   3
286.00000000000000000000   2
286.10000000000000000000   6
286.20000000000000000000   3
286.30000000000000000000   3
286.40000000000000000000   3
286.50000000000000000000   3
286.60000000000000000000   3
286.70000000000000000000   3
286.80000000000000000000   3
286.90000000000000000000   3
287.00000000000000000000   3
287.10000000000000000000   3
287.20000000000000000000   2
287.30000000000000000000   1
287.40000000000000000000   0
287.50000000000000000000   1
287.60000000000000000000   1
287.70000000000000000000   2
287.80000000000000000000   1
287.90000000000000000000   3
288.00000000000000000000   1
288.10000000000000000000   1
288.20000000000000000000   0
288.30000000000000000000   1
288.40000000000000000000   1
288.50000000000000000000   1
288.60000000000000000000   0
288.70000000000000000000   0
288.80000000000000000000   0
288.90000000000000000000   0
289.00000000000000000000   1
289.10000000000000000000   2
289.20000000000000000000   3
289.30000000000000000000   0
289.40000000000000000000   1
289.50000000000000000000   3
289.60000000000000000000   2
289.70000000000000000000   0
289.80000000000000000000   0
289.90000000000000000000   0
290.00000000000000000000   1
290.10000000000000000000   0
290.20000000000000000000   1
290.30000000000000000000   1
290.40000000000000000000   1
290.50000000000000000000   1
290.60000000000000000000   1
290.70000000000000000000   1
290.80000000000000000000   0
290.90000000000000000000   2
291.00000000000000000000   0
291.10000000000000000000   1
291.20000000000000000000   2
291.30000000000000000000   1
291.40000000000000000000   3
291.50000000000000000000   1
291.60000000000000000000   1
291.70000000000000000000   1
291.80000000000000000000   1
291.90000000000000000000   1
292.00000000000000000000   1
292.10000000000000000000   1
292.20000000000000000000   1
292.30000000000000000000   1
292.40000000000000000000   1
292.50000000000000000000   1
292.60000000000000000000   1
292.70000000000000000000   1
292.80000000000000000000   1
292.90000000000000000000   2
293.00000000000000000000   2
293.10000000000000000000   0
293.20000000000000000000   1
293.30000000000000000000   0
293.40000000000000000000   1
293.50000000000000000000   1
293.60000000000000000000   1
293.70000000000000000000   1
293.80000000000000000000   1
293.90000000000000000000   2
294.00000000000000000000   2
294.10000000000000000000   1
294.20000000000000000000   3
294.30000000000000000000   2
294.40000000000000000000   4
294.50000000000000000000   5
294.60000000000000000000   3
294.70000000000000000000   1
294.80000000000000000000   4
294.90000000000000000000   3
295.00000000000000000000   3
295.10000000000000000000   1
295.20000000000000000000   1
295.30000000000000000000   3
295.40000000000000000000   3
295.50000000000000000000   4
295.60000000000000000000   3
295.70000000000000000000   2
295.80000000000000000000   2
295.90000000000000000000   2
296.00000000000000000000   2
296.10000000000000000000   2
296.20000000000000000000   1
296.30000000000000000000   2
296.40000000000000000000   2
296.50000000000000000000   1
296.60000000000000000000   1
296.70000000000000000000   2
296.80000000000000000000   2
296.90000000000000000000   1
297.00000000000000000000   0
297.10000000000000000000   1
297.20000000000000000000   1
297.30000000000000000000   1
297.40000000000000000000   1
297.50000000000000000000   1
297.60000000000000000000   1
297.70000000000000000000   1
297.80000000000000000000   1
297.90000000000000000000   1
298.00000000000000000000   0
298.10000000000000000000   2
298.20000000000000000000   1
298.30000000000000000000   2
298.40000000000000000000   2
298.50000000000000000000   1
298.60000000000000000000   1
298.70000000000000000000   1
298.80000000000000000000   2
298.90000000000000000000   1
299.00000000000000000000   1
299.10000000000000000000   1
299.20000000000000000000   1
299.30000000000000000000   1
299.40000000000000000000   1
299.50000000000000000000   1
299.60000000000000000000   1
299.70000000000000000000   1
299.80000000000000000000   0
299.90000000000000000000   0
300.00000000000000000000   1
300.10000000000000000000   1
300.20000000000000000000   1
300.30000000000000000000   1
300.40000000000000000000   1
300.50000000000000000000   1
300.60000000000000000000   1
300.70000000000000000000   1
300.80000000000000000000   1
300.90000000000000000000   0
301.00000000000000000000   1
301.10000000000000000000   1
301.20000000000000000000   1
301.30000000000000000000   1
301.40000000000000000000   1
301.50000000000000000000   3
301.60000000000000000000   1
301.70000000000000000000   2
301.80000000000000000000   1
301.90000000000000000000   2
302.00000000000000000000   1
302.10000000000000000000   1
302.20000000000000000000   1
302.30000000000000000000   1
302.40000000000000000000   1
302.50000000000000000000   1
302.60000000000000000000   1
302.70000000000000000000   1
302.80000000000000000000   1
302.90000000000000000000   1
303.00000000000000000000   1
303.10000000000000000000   1
303.20000000000000000000   1
303.30000000000000000000   1
303.40000000000000000000   1
303.50000000000000000000   1
303.60000000000000000000   1
303.70000000000000000000   1
303.80000000000000000000   1
303.90000000000000000000   1
304.00000000000000000000   1
304.10000000000000000000   1
304.20000000000000000000   1
304.30000000000000000000   1
304.40000000000000000000   1
304.50000000000000000000   1
304.60000000000000000000   2
304.70000000000000000000   1
304.80000000000000000000   1
304.90000000000000000000   1
305.00000000000000000000   1
305.10000000000000000000   1
305.20000000000000000000   2
305.30000000000000000000   1
305.40000000000000000000   1
305.50000000000000000000   1
305.60000000000000000000   1
305.70000000000000000000   1
305.80000000000000000000   1
305.90000000000000000000   1
306.00000000000000000000   1
306.10000000000000000000   1
306.20000000000000000000   1
306.30000000000000000000   1
306.40000000000000000000   3
306.50000000000000000000   3
306.60000000000000000000   2
306.70000000000000000000   1
306.80000000000000000000   0
306.90000000000000000000   0
307.00000000000000000000   0
307.10000000000000000000   0
307.20000000000000000000   0
307.30000000000000000000   0
307.40000000000000000000   0
307.50000000000000000000   0
307.60000000000000000000   0
307.70000000000000000000   0
307.80000000000000000000   0
307.90000000000000000000   1
308.00000000000000000000   2
308.10000000000000000000   2
308.20000000000000000000   1
308.30000000000000000000   1
308.40000000000000000000   0
308.50000000000000000000   2
308.60000000000000000000   2
308.70000000000000000000   2
308.80000000000000000000   0
308.90000000000000000000   1
309.00000000000000000000   1
309.10000000000000000000   1
309.20000000000000000000   1
309.30000000000000000000   1
309.40000000000000000000   0
309.50000000000000000000   0
309.60000000000000000000   2
309.70000000000000000000   0
309.80000000000000000000   1
309.90000000000000000000   1
310.00000000000000000000   1
310.10000000000000000000   1
310.20000000000000000000   0
310.30000000000000000000   0
310.40000000000000000000   0
310.50000000000000000000   0
310.60000000000000000000   0
310.70000000000000000000   2
310.80000000000000000000   2
310.90000000000000000000   1
311.00000000000000000000   1
311.10000000000000000000   2
311.20000000000000000000   0
311.30000000000000000000   1
311.40000000000000000000   1
311.50000000000000000000   1
311.60000000000000000000   1
311.70000000000000000000   1
311.80000000000000000000   1
311.90000000000000000000   0
312.00000000000000000000   0
312.10000000000000000000   0
312.20000000000000000000   0
312.30000000000000000000   0
312.40000000000000000000   0
312.50000000000000000000   1
312.60000000000000000000   1
312.70000000000000000000   0
312.80000000000000000000   1
312.90000000000000000000   1
313.00000000000000000000   1
313.10000000000000000000   1
313.20000000000000000000   0
313.30000000000000000000   0
313.40000000000000000000   0
313.50000000000000000000   0
313.60000000000000000000   0
313.70000000000000000000   1
313.80000000000000000000   0
313.90000000000000000000   0
314.00000000000000000000   0
314.10000000000000000000   2
314.20000000000000000000   0
314.30000000000000000000   1
314.40000000000000000000   2
314.50000000000000000000   2
314.60000000000000000000   1
314.70000000000000000000   0
314.80000000000000000000   1
314.90000000000000000000   0
315.00000000000000000000   0
315.10000000000000000000   0
315.20000000000000000000   3
315.30000000000000000000   1
315.40000000000000000000   3
315.50000000000000000000   2
315.60000000000000000000   0
315.70000000000000000000   1
315.80000000000000000000   0
315.90000000000000000000   0
316.00000000000000000000   0
316.10000000000000000000   0
316.20000000000000000000   0
316.30000000000000000000   1
316.40000000000000000000   3
316.50000000000000000000   1
316.60000000000000000000   3
316.70000000000000000000   2
316.80000000000000000000   7
316.90000000000000000000   4
317.00000000000000000000   0
317.10000000000000000000   0
317.20000000000000000000   0
317.30000000000000000000   1
317.40000000000000000000   4
317.50000000000000000000   0
317.60000000000000000000   2
317.70000000000000000000   2
317.80000000000000000000   5
317.90000000000000000000   3
318.00000000000000000000   2
318.10000000000000000000   5
318.20000000000000000000   3
318.30000000000000000000   2
318.40000000000000000000   2
318.50000000000000000000   3
318.60000000000000000000   0
318.70000000000000000000   5
318.80000000000000000000   4
318.90000000000000000000   2
319.00000000000000000000   4
319.10000000000000000000   4
319.20000000000000000000   3
319.30000000000000000000   2
319.40000000000000000000   8
319.50000000000000000000   6
319.60000000000000000000   3
319.70000000000000000000   2
319.80000000000000000000   3
319.90000000000000000000   2
320.00000000000000000000   3
320.10000000000000000000   0
320.20000000000000000000   2
320.30000000000000000000   0
320.40000000000000000000   0
320.50000000000000000000   0
320.60000000000000000000   0
320.70000000000000000000   0
320.80000000000000000000   1
320.90000000000000000000   0
321.00000000000000000000   0
321.10000000000000000000   0
321.20000000000000000000   0
321.30000000000000000000   0
321.40000000000000000000   0
321.50000000000000000000   0
321.60000000000000000000   0
321.70000000000000000000   0
321.80000000000000000000   0
321.90000000000000000000   0
322.00000000000000000000   0
322.10000000000000000000   0
322.20000000000000000000   0
322.30000000000000000000   0
322.40000000000000000000   1
322.50000000000000000000   1
322.60000000000000000000   1
322.70000000000000000000   0
322.80000000000000000000   0
322.90000000000000000000   1
323.00000000000000000000   1
323.10000000000000000000   0
323.20000000000000000000   1
323.30000000000000000000   0
323.40000000000000000000   0
323.50000000000000000000   0
323.60000000000000000000   1
323.70000000000000000000   1
323.80000000000000000000   0
323.90000000000000000000   0
324.00000000000000000000   0
324.10000000000000000000   3
324.20000000000000000000   0
324.30000000000000000000   1
324.40000000000000000000   1
324.50000000000000000000   1
324.60000000000000000000   1
324.70000000000000000000   0
324.80000000000000000000   1
324.90000000000000000000   1
325.00000000000000000000   0
325.10000000000000000000   1
325.20000000000000000000   1
325.30000000000000000000   1
325.40000000000000000000   1
325.50000000000000000000   0
325.60000000000000000000   1
325.70000000000000000000   2
325.80000000000000000000   1
325.90000000000000000000   1
326.00000000000000000000   1
326.10000000000000000000   2
326.20000000000000000000   3
326.30000000000000000000   1
326.40000000000000000000   0
326.50000000000000000000   3
326.60000000000000000000   2
326.70000000000000000000   4
326.80000000000000000000   1
326.90000000000000000000   1
327.00000000000000000000   1
327.10000000000000000000   1
327.20000000000000000000   1
327.30000000000000000000   0
327.40000000000000000000   0
327.50000000000000000000   1
327.60000000000000000000   1
327.70000000000000000000   0
327.80000000000000000000   0
327.90000000000000000000   1
328.00000000000000000000   0
328.10000000000000000000   0
328.20000000000000000000   1
328.30000000000000000000   3
328.40000000000000000000   0
328.50000000000000000000   0
328.60000000000000000000   1
328.70000000000000000000   1
328.80000000000000000000   1
328.90000000000000000000   0
329.00000000000000000000   0
329.10000000000000000000   0
329.20000000000000000000   0
329.30000000000000000000   0
329.40000000000000000000   0
329.50000000000000000000   0
329.60000000000000000000   0
329.70000000000000000000   0
329.80000000000000000000   1
329.90000000000000000000   2
330.00000000000000000000   0
330.10000000000000000000   0
330.20000000000000000000   1
330.30000000000000000000   0
330.40000000000000000000   0
330.50000000000000000000   0
330.60000000000000000000   1
330.70000000000000000000   3
330.80000000000000000000   3
330.90000000000000000000   1
331.00000000000000000000   1
331.10000000000000000000   1
331.20000000000000000000   1
331.30000000000000000000   1
331.40000000000000000000   0
331.50000000000000000000   3
331.60000000000000000000   1
331.70000000000000000000   1
331.80000000000000000000   4
331.90000000000000000000   2
332.00000000000000000000   4
332.10000000000000000000   3
332.20000000000000000000   3
332.30000000000000000000   4
332.40000000000000000000   3
332.50000000000000000000   2
332.60000000000000000000   4
332.70000000000000000000   2
332.80000000000000000000   2
332.90000000000000000000   2
333.00000000000000000000   0
333.10000000000000000000   2
333.20000000000000000000   1
333.30000000000000000000   3
333.40000000000000000000   2
333.50000000000000000000   0
333.60000000000000000000   0
333.70000000000000000000   0
333.80000000000000000000   1
333.90000000000000000000   1
334.00000000000000000000   7
334.10000000000000000000   6
334.20000000000000000000   1
334.30000000000000000000   2
334.40000000000000000000   1
334.50000000000000000000   2
334.60000000000000000000   1
334.70000000000000000000   1
334.80000000000000000000   1
334.90000000000000000000   1
335.00000000000000000000   2
335.10000000000000000000   3
335.20000000000000000000   3
335.30000000000000000000   2
335.40000000000000000000   2
335.50000000000000000000   2
335.60000000000000000000   6
335.70000000000000000000   4
335.80000000000000000000   2
335.90000000000000000000   7
336.00000000000000000000   6
336.10000000000000000000   6
336.20000000000000000000   7
336.30000000000000000000   6
336.40000000000000000000   5
336.50000000000000000000   7
336.60000000000000000000   7
336.70000000000000000000   6
336.80000000000000000000   6
336.90000000000000000000   6
337.00000000000000000000   3
337.10000000000000000000   6
337.20000000000000000000   6
337.30000000000000000000   6
337.40000000000000000000   6
337.50000000000000000000   5
337.60000000000000000000   4
337.70000000000000000000   6
337.80000000000000000000   7
337.90000000000000000000   7
338.00000000000000000000   6
338.10000000000000000000   6
338.20000000000000000000   6
338.30000000000000000000   6
338.40000000000000000000   7
338.50000000000000000000   6
338.60000000000000000000   6
338.70000000000000000000   6
338.80000000000000000000   6
338.90000000000000000000   6
339.00000000000000000000   6
339.10000000000000000000   6
339.20000000000000000000   4
339.30000000000000000000   4
339.40000000000000000000   5
339.50000000000000000000   6
339.60000000000000000000   5
339.70000000000000000000   7
339.80000000000000000000   7
339.90000000000000000000   7
340.00000000000000000000   8
340.10000000000000000000   8
340.20000000000000000000   8
340.30000000000000000000   7
340.40000000000000000000   5
340.50000000000000000000   6
340.60000000000000000000   5
340.70000000000000000000   6
340.80000000000000000000   8
340.90000000000000000000   5
341.00000000000000000000   1
341.10000000000000000000   5
341.20000000000000000000   3
341.30000000000000000000   5
341.40000000000000000000   6
341.50000000000000000000   8
341.60000000000000000000   2
341.70000000000000000000   8
341.80000000000000000000   6
341.90000000000000000000   6
342.00000000000000000000   7
342.10000000000000000000   7
342.20000000000000000000   5
342.30000000000000000000   4
342.40000000000000000000   7
342.50000000000000000000   6
342.60000000000000000000   4
342.70000000000000000000   7
342.80000000000000000000   6
342.90000000000000000000   7
343.00000000000000000000   9
343.10000000000000000000   7
343.20000000000000000000   6
343.30000000000000000000   8
343.40000000000000000000   8
343.50000000000000000000   4
343.60000000000000000000   3
343.70000000000000000000   5
343.80000000000000000000   6
343.90000000000000000000   5
344.00000000000000000000   4
344.10000000000000000000   4
344.20000000000000000000   4
344.30000000000000000000   4
344.40000000000000000000   4
344.50000000000000000000   4
344.60000000000000000000   4
344.70000000000000000000   4
344.80000000000000000000   4
344.90000000000000000000   6
345.00000000000000000000   5
345.10000000000000000000   5
345.20000000000000000000   4
345.30000000000000000000   2
345.40000000000000000000   2
345.50000000000000000000   6
345.60000000000000000000   5
345.70000000000000000000   4
345.80000000000000000000   6
345.90000000000000000000   3
346.00000000000000000000   6
346.10000000000000000000   6
346.20000000000000000000   6
346.30000000000000000000   5
346.40000000000000000000   4
346.50000000000000000000   4
346.60000000000000000000   5
346.70000000000000000000   7
346.80000000000000000000   6
346.90000000000000000000   7
347.00000000000000000000   7
347.10000000000000000000   7
347.20000000000000000000   7
347.30000000000000000000   7
347.40000000000000000000   6
347.50000000000000000000   8
347.60000000000000000000   5
347.70000000000000000000   7
347.80000000000000000000   2
347.90000000000000000000   2
348.00000000000000000000   5
348.10000000000000000000   3
348.20000000000000000000   7
348.30000000000000000000   7
348.40000000000000000000   5
348.50000000000000000000   7
348.60000000000000000000   2
348.70000000000000000000   2
348.80000000000000000000   3
348.90000000000000000000   1
349.00000000000000000000   5
349.10000000000000000000   2
349.20000000000000000000   2
349.30000000000000000000   3
349.40000000000000000000   3
349.50000000000000000000   6
349.60000000000000000000   6
349.70000000000000000000   3
349.80000000000000000000   5
349.90000000000000000000   5
350.00000000000000000000   5
350.10000000000000000000   5
350.20000000000000000000   5
350.30000000000000000000   6
350.40000000000000000000   5
350.50000000000000000000   5
350.60000000000000000000   5
350.70000000000000000000   7
350.80000000000000000000   5
350.90000000000000000000   5
351.00000000000000000000   3
351.10000000000000000000   5
351.20000000000000000000   5
351.30000000000000000000   6
351.40000000000000000000   5
351.50000000000000000000   7
351.60000000000000000000   4
351.70000000000000000000   5
351.80000000000000000000   5
351.90000000000000000000   5
352.00000000000000000000   5
352.10000000000000000000   5
352.20000000000000000000   6
352.30000000000000000000   4
352.40000000000000000000   5
352.50000000000000000000   5
352.60000000000000000000   5
352.70000000000000000000   7
352.80000000000000000000   8
352.90000000000000000000   5
353.00000000000000000000   6
353.10000000000000000000   6
353.20000000000000000000   5
353.30000000000000000000   8
353.40000000000000000000   7
353.50000000000000000000   8
353.60000000000000000000   6
353.70000000000000000000   6
353.80000000000000000000   7
353.90000000000000000000   7
354.00000000000000000000   6
354.10000000000000000000   6
354.20000000000000000000   5
354.30000000000000000000   5
354.40000000000000000000   6
354.50000000000000000000   7
354.60000000000000000000   5
354.70000000000000000000   6
354.80000000000000000000   6
354.90000000000000000000   8
355.00000000000000000000   7
355.10000000000000000000   5
355.20000000000000000000   6
355.30000000000000000000   9
355.40000000000000000000   7
355.50000000000000000000   6
355.60000000000000000000   8
355.70000000000000000000   7
355.80000000000000000000   8
355.90000000000000000000   8
356.00000000000000000000   9
356.10000000000000000000   9
356.20000000000000000000   8
356.30000000000000000000   8
356.40000000000000000000   9
356.50000000000000000000   10
356.60000000000000000000   9
356.70000000000000000000   10
356.80000000000000000000   9
356.90000000000000000000   9
357.00000000000000000000   10
357.10000000000000000000   8
357.20000000000000000000   8
357.30000000000000000000   8
357.40000000000000000000   8
357.50000000000000000000   9
357.60000000000000000000   9
357.70000000000000000000   8
357.80000000000000000000   10
357.90000000000000000000   10
358.00000000000000000000   9
358.10000000000000000000   12
358.20000000000000000000   11
358.30000000000000000000   9
358.40000000000000000000   9
358.50000000000000000000   9
358.60000000000000000000   10
358.70000000000000000000   9
358.80000000000000000000   10
358.90000000000000000000   10
359.00000000000000000000   8
359.10000000000000000000   11
359.20000000000000000000   12
359.30000000000000000000   12
359.40000000000000000000   11
359.50000000000000000000   11
359.60000000000000000000   10
359.70000000000000000000   11
359.80000000000000000000   11
359.90000000000000000000   11
360.00000000000000000000   12
360.10000000000000000000   12
360.20000000000000000000   11
360.30000000000000000000   10
360.40000000000000000000   12
360.50000000000000000000   12
360.60000000000000000000   12
360.70000000000000000000   12
360.80000000000000000000   11
360.90000000000000000000   12
361.00000000000000000000   12
361.10000000000000000000   13
361.20000000000000000000   10
361.30000000000000000000   10
361.40000000000000000000   12
361.50000000000000000000   11
361.60000000000000000000   12
361.70000000000000000000   12
361.80000000000000000000   10
361.90000000000000000000   10
362.00000000000000000000   12
362.10000000000000000000   11
362.20000000000000000000   10
362.30000000000000000000   11
362.40000000000000000000   12
362.50000000000000000000   11
362.60000000000000000000   12
362.70000000000000000000   11
362.80000000000000000000   10
362.90000000000000000000   12
363.00000000000000000000   11
363.10000000000000000000   12
363.20000000000000000000   12
363.30000000000000000000   11
363.40000000000000000000   9
363.50000000000000000000   12
363.60000000000000000000   11
363.70000000000000000000   13
363.80000000000000000000   10
363.90000000000000000000   13
364.00000000000000000000   10
364.10000000000000000000   12
364.20000000000000000000   11
364.30000000000000000000   11
364.40000000000000000000   11
364.50000000000000000000   11
364.60000000000000000000   10
364.70000000000000000000   12
364.80000000000000000000   12
364.90000000000000000000   11
365.00000000000000000000   11
365.10000000000000000000   10
365.20000000000000000000   11
365.30000000000000000000   11
365.40000000000000000000   11
365.50000000000000000000   9
365.60000000000000000000   9
365.70000000000000000000   9
365.80000000000000000000   8
365.90000000000000000000   7
366.00000000000000000000   9
366.10000000000000000000   7
366.20000000000000000000   6
366.30000000000000000000   10
366.40000000000000000000   10
366.50000000000000000000   10
366.60000000000000000000   9
366.70000000000000000000   6
366.80000000000000000000   9
366.90000000000000000000   8
367.00000000000000000000   9
367.10000000000000000000   8
367.20000000000000000000   9
367.30000000000000000000   9
367.40000000000000000000   11
367.50000000000000000000   11
367.60000000000000000000   9
367.70000000000000000000   10
367.80000000000000000000   10
367.90000000000000000000   9
368.00000000000000000000   8
368.10000000000000000000   10
368.20000000000000000000   10
368.30000000000000000000   8
368.40000000000000000000   6
368.50000000000000000000   6
368.60000000000000000000   6
368.70000000000000000000   9
368.80000000000000000000   8
368.90000000000000000000   8
369.00000000000000000000   8
369.10000000000000000000   8
369.20000000000000000000   8
369.30000000000000000000   8
369.40000000000000000000   6
369.50000000000000000000   10
369.60000000000000000000   6
369.70000000000000000000   6
369.80000000000000000000   7
369.90000000000000000000   7
370.00000000000000000000   6
370.10000000000000000000   7
370.20000000000000000000   8
370.30000000000000000000   7
370.40000000000000000000   7
370.50000000000000000000   6
370.60000000000000000000   8
370.70000000000000000000   8
370.80000000000000000000   8
370.90000000000000000000   8
371.00000000000000000000   8
371.10000000000000000000   7
371.20000000000000000000   7
371.30000000000000000000   7
371.40000000000000000000   6
371.50000000000000000000   8
371.60000000000000000000   8
371.70000000000000000000   7
371.80000000000000000000   7
371.90000000000000000000   7
372.00000000000000000000   7
372.10000000000000000000   7
372.20000000000000000000   8
372.30000000000000000000   7
372.40000000000000000000   7
372.50000000000000000000   6
372.60000000000000000000   8
372.70000000000000000000   6
372.80000000000000000000   8
372.90000000000000000000   6
373.00000000000000000000   6
373.10000000000000000000   6
373.20000000000000000000   6
373.30000000000000000000   6
373.40000000000000000000   9
373.50000000000000000000   7
373.60000000000000000000   8
373.70000000000000000000   7
373.80000000000000000000   7
373.90000000000000000000   7
374.00000000000000000000   9
374.10000000000000000000   6
374.20000000000000000000   8
374.30000000000000000000   8
374.40000000000000000000   8
374.50000000000000000000   7
374.60000000000000000000   6
374.70000000000000000000   7
374.80000000000000000000   7
374.90000000000000000000   6
375.00000000000000000000   6
375.10000000000000000000   7
375.20000000000000000000   6
375.30000000000000000000   8
375.40000000000000000000   6
375.50000000000000000000   8
375.60000000000000000000   7
375.70000000000000000000   6
375.80000000000000000000   6
375.90000000000000000000   7
376.00000000000000000000   7
376.10000000000000000000   8
376.20000000000000000000   7
376.30000000000000000000   8
376.40000000000000000000   8
376.50000000000000000000   9
376.60000000000000000000   7
376.70000000000000000000   6
376.80000000000000000000   7
376.90000000000000000000   6
377.00000000000000000000   7
377.10000000000000000000   7
377.20000000000000000000   6
377.30000000000000000000   8
377.40000000000000000000   5
377.50000000000000000000   6
377.60000000000000000000   7
377.70000000000000000000   6
377.80000000000000000000   7
377.90000000000000000000   6
378.00000000000000000000   6
378.10000000000000000000   6
378.20000000000000000000   7
378.30000000000000000000   6
378.40000000000000000000   5
378.50000000000000000000   7
378.60000000000000000000   6
378.70000000000000000000   6
378.80000000000000000000   7
378.90000000000000000000   6
379.00000000000000000000   6
379.10000000000000000000   6
379.20000000000000000000   7
379.30000000000000000000   6
379.40000000000000000000   6
379.50000000000000000000   7
379.60000000000000000000   6
379.70000000000000000000   6
379.80000000000000000000   7
379.90000000000000000000   6
380.00000000000000000000   7
380.10000000000000000000   6
380.20000000000000000000   8
380.30000000000000000000   6
380.40000000000000000000   7
380.50000000000000000000   7
380.60000000000000000000   7
380.70000000000000000000   7
380.80000000000000000000   7
380.90000000000000000000   6
381.00000000000000000000   6
381.10000000000000000000   7
381.20000000000000000000   6
381.30000000000000000000   7
381.40000000000000000000   7
381.50000000000000000000   7
381.60000000000000000000   8
381.70000000000000000000   7
381.80000000000000000000   8
381.90000000000000000000   9
382.00000000000000000000   7
382.10000000000000000000   7
382.20000000000000000000   7
382.30000000000000000000   8
382.40000000000000000000   9
382.50000000000000000000   7
382.60000000000000000000   7
382.70000000000000000000   6
382.80000000000000000000   8
382.90000000000000000000   8
383.00000000000000000000   7
383.10000000000000000000   7
383.20000000000000000000   6
383.30000000000000000000   6
383.40000000000000000000   5
383.50000000000000000000   7
383.60000000000000000000   6
383.70000000000000000000   6
383.80000000000000000000   4
383.90000000000000000000   5
384.00000000000000000000   7
384.10000000000000000000   5
384.20000000000000000000   13
384.30000000000000000000   12
384.40000000000000000000   11
384.50000000000000000000   11
384.60000000000000000000   11
384.70000000000000000000   13
384.80000000000000000000   12
384.90000000000000000000   14
385.00000000000000000000   14
385.10000000000000000000   13
385.20000000000000000000   12
385.30000000000000000000   14
385.40000000000000000000   11
385.50000000000000000000   13
385.60000000000000000000   11
385.70000000000000000000   14
385.80000000000000000000   12
385.90000000000000000000   11
386.00000000000000000000   12
386.10000000000000000000   13
386.20000000000000000000   13
386.30000000000000000000   13
386.40000000000000000000   13
386.50000000000000000000   13
386.60000000000000000000   13
386.70000000000000000000   12
386.80000000000000000000   12
386.90000000000000000000   13
387.00000000000000000000   11
387.10000000000000000000   12
387.20000000000000000000   12
387.30000000000000000000   10
387.40000000000000000000   11
387.50000000000000000000   10
387.60000000000000000000   11
387.70000000000000000000   11
387.80000000000000000000   13
387.90000000000000000000   12
388.00000000000000000000   13
388.10000000000000000000   14
388.20000000000000000000   12
388.30000000000000000000   12
388.40000000000000000000   13
388.50000000000000000000   12
388.60000000000000000000   12
388.70000000000000000000   14
388.80000000000000000000   12
388.90000000000000000000   10
389.00000000000000000000   10
389.10000000000000000000   11
389.20000000000000000000   14
389.30000000000000000000   12
389.40000000000000000000   12
389.50000000000000000000   15
389.60000000000000000000   10
389.70000000000000000000   11
389.80000000000000000000   14
389.90000000000000000000   12
390.00000000000000000000   11
390.10000000000000000000   10
390.20000000000000000000   14
390.30000000000000000000   13
390.40000000000000000000   15
390.50000000000000000000   13
390.60000000000000000000   11
390.70000000000000000000   9
390.80000000000000000000   13
390.90000000000000000000   9
391.00000000000000000000   11
391.10000000000000000000   10
391.20000000000000000000   13
391.30000000000000000000   13
391.40000000000000000000   14
391.50000000000000000000   10
391.60000000000000000000   13
391.70000000000000000000   11
391.80000000000000000000   12
391.90000000000000000000   10
392.00000000000000000000   11
392.10000000000000000000   13
392.20000000000000000000   13
392.30000000000000000000   14
392.40000000000000000000   14
392.50000000000000000000   13
392.60000000000000000000   14
392.70000000000000000000   13
392.80000000000000000000   16
392.90000000000000000000   13
393.00000000000000000000   14
393.10000000000000000000   12
393.20000000000000000000   12
393.30000000000000000000   12
393.40000000000000000000   12
393.50000000000000000000   11
393.60000000000000000000   10
393.70000000000000000000   13
393.80000000000000000000   14
393.90000000000000000000   11
394.00000000000000000000   11
394.10000000000000000000   10
394.20000000000000000000   14
394.30000000000000000000   13
394.40000000000000000000   13
394.50000000000000000000   12
394.60000000000000000000   12
394.70000000000000000000   14
394.80000000000000000000   15
394.90000000000000000000   12
395.00000000000000000000   13
395.10000000000000000000   11
395.20000000000000000000   12
395.30000000000000000000   12
395.40000000000000000000   13
395.50000000000000000000   12
395.60000000000000000000   12
395.70000000000000000000   12
395.80000000000000000000   13
395.90000000000000000000   14
396.00000000000000000000   13
396.10000000000000000000   11
396.20000000000000000000   14
396.30000000000000000000   13
396.40000000000000000000   14
396.50000000000000000000   13
396.60000000000000000000   14
396.70000000000000000000   15
396.80000000000000000000   13
396.90000000000000000000   11
397.00000000000000000000   13
397.10000000000000000000   12
397.20000000000000000000   11
397.30000000000000000000   14
397.40000000000000000000   12
397.50000000000000000000   14
397.60000000000000000000   13
397.70000000000000000000   14
397.80000000000000000000   9
397.90000000000000000000   13
398.00000000000000000000   12
398.10000000000000000000   11
398.20000000000000000000   13
398.30000000000000000000   11
398.40000000000000000000   10
398.50000000000000000000   10
398.60000000000000000000   11
398.70000000000000000000   10
398.80000000000000000000   11
398.90000000000000000000   11
399.00000000000000000000   11
399.10000000000000000000   11
399.20000000000000000000   11
399.30000000000000000000   11
399.40000000000000000000   11
399.50000000000000000000   11
399.60000000000000000000   11
399.70000000000000000000   11
