# Total_native_contacts: 528
#Frame Native_contacts
0 430
1 439
2 432
3 416
4 421
5 423
6 410
7 427
8 417
9 424
10 406
11 399
12 409
13 410
14 407
15 417
16 404
17 412
18 415
19 425
20 417
21 420
22 424
23 425
24 427
25 412
26 411
27 396
28 400
29 402
30 412
31 412
32 419
33 416
34 415
35 427
36 435
37 431
38 428
39 427
40 431
41 426
42 427
43 417
44 430
45 411
46 424
47 426
48 427
49 431
50 433
51 429
52 438
53 419
54 425
55 434
56 428
57 432
58 427
59 437
60 433
61 437
62 432
63 425
64 425
65 426
66 428
67 417
68 417
69 423
70 412
71 423
72 418
73 417
74 414
75 410
76 427
77 420
78 412
79 425
80 420
81 411
82 413
83 412
84 411
85 404
86 419
87 426
88 423
89 426
90 420
91 422
92 411
93 419
94 429
95 429
96 424
97 413
98 419
99 430
100 419
101 418
102 416
103 424
104 422
105 418
106 415
107 421
108 409
109 409
110 420
111 428
112 414
113 414
114 422
115 425
116 416
117 419
118 417
119 424
120 427
121 416
122 419
123 439
124 430
125 419
126 426
127 426
128 418
129 423
130 421
131 418
132 423
133 412
134 425
135 424
136 429
137 428
138 419
139 432
140 424
141 438
142 432
143 446
144 433
145 441
146 436
147 442
148 430
149 432
150 433
151 422
152 420
153 426
154 425
155 418
156 422
157 432
158 424
159 436
160 430
161 428
162 422
163 421
164 427
165 415
166 419
167 401
168 404
169 409
170 404
171 412
172 418
173 420
174 407
175 415
176 418
177 408
178 409
179 399
180 419
181 411
182 410
183 412
184 414
185 413
186 411
187 415
188 414
189 413
190 410
191 418
192 419
193 412
194 417
195 411
196 409
197 415
198 406
199 404
200 402
201 400
202 399
203 398
204 390
205 405
206 401
207 393
208 402
209 412
210 404
211 421
212 400
213 407
214 416
215 417
216 409
217 397
218 383
219 401
220 404
221 406
222 403
223 403
224 420
225 408
226 405
227 402
228 399
229 408
230 400
231 403
232 413
233 404
234 410
235 412
236 416
237 418
238 393
239 401
240 417
241 410
242 414
243 415
244 418
245 412
246 414
247 411
248 402
249 408
250 426
251 419
252 415
253 407
254 415
255 421
256 409
257 410
258 404
259 415
260 406
261 416
262 416
263 418
264 410
265 419
266 413
267 404
268 402
269 424
270 406
271 418
272 413
273 396
274 420
275 411
276 401
277 397
278 406
279 406
280 404
281 407
282 407
283 414
284 415
285 412
286 410
287 412
288 400
289 416
290 408
291 404
292 409
293 421
294 411
295 405
296 411
297 407
298 408
299 407
300 407
301 415
302 420
303 405
304 413
305 409
306 404
307 416
308 412
309 416
310 411
311 422
312 408
313 419
314 420
315 420
316 424
317 431
318 416
319 415
320 408
321 417
322 416
323 410
324 411
325 424
326 409
327 411
328 418
329 413
330 410
331 416
332 417
333 415
334 407
335 410
336 400
337 420
338 413
339 396
340 415
341 417
342 406
343 403
344 403
345 413
346 405
347 417
348 413
349 419
350 419
351 426
352 419
353 417
354 415
355 414
356 410
357 410
358 406
359 409
360 411
361 417
362 413
363 405
364 414
365 405
366 413
367 412
368 414
369 404
370 412
371 408
372 404
373 413
374 411
375 414
376 413
377 416
378 409
379 393
380 410
381 408
382 419
383 415
384 405
385 407
386 402
387 411
388 407
389 408
390 408
391 409
392 406
393 416
394 413
395 412
396 416
397 411
398 423
399 419
400 415
401 418
402 430
403 406
404 401
405 407
406 416
407 421
408 418
409 407
410 419
411 427
412 414
413 413
414 423
415 418
416 416
417 418
418 428
419 421
420 416
421 421
422 434
423 425
424 428
425 416
426 416
427 419
428 429
429 412
430 425
431 423
432 416
433 422
434 417
435 413
436 430
437 418
438 419
439 426
440 421
441 427
442 407
443 414
444 420
445 422
446 417
447 413
448 413
449 409
450 429
451 434
452 429
453 412
454 416
455 418
456 429
457 423
458 416
459 412
460 420
461 425
462 421
463 416
464 426
465 422
466 421
467 422
468 418
469 429
470 422
471 423
472 427
473 425
474 422
475 416
476 428
477 422
478 431
479 424
480 419
481 416
482 430
483 412
484 424
485 427
486 425
487 423
488 431
489 419
490 425
491 418
492 418
493 425
494 411
495 433
496 427
497 402
498 419
499 413
500 411
501 420
502 426
503 419
504 426
505 423
506 419
507 424
508 424
509 421
510 411
511 415
512 412
513 419
514 417
515 413
516 400
517 413
518 409
519 418
520 415
521 410
522 418
523 419
524 412
525 410
526 416
527 410
528 416
529 414
530 423
531 414
532 409
533 410
534 401
535 412
536 417
537 415
538 413
539 417
540 417
541 422
542 411
543 413
544 420
545 421
546 417
547 425
548 405
549 417
550 409
551 406
552 410
553 419
554 423
555 412
556 423
557 414
558 419
559 417
560 411
561 428
562 433
563 426
564 425
565 424
566 426
567 430
568 416
569 421
570 429
571 425
572 425
573 419
574 422
575 428
576 419
577 425
578 408
579 426
580 409
581 429
582 421
583 417
584 432
585 421
586 428
587 425
588 420
589 429
590 437
591 426
592 426
593 429
594 417
595 421
596 412
597 430
598 415
599 414
600 423
601 419
602 427
603 423
604 424
605 414
606 424
607 425
608 417
609 426
610 423
611 425
612 412
613 422
614 422
615 411
616 428
617 425
618 432
619 422
620 428
621 421
622 410
623 421
624 416
625 419
626 424
627 421
628 413
629 411
630 417
631 427
632 417
633 405
634 412
635 410
636 410
637 412
638 411
639 415
640 412
641 414
642 415
643 412
644 420
645 417
646 416
647 421
648 403
649 407
650 418
651 412
652 405
653 410
654 404
655 405
656 405
657 408
658 420
659 407
660 414
661 411
662 401
663 411
664 406
665 416
666 404
667 411
668 407
669 400
670 406
671 416
672 406
673 415
674 412
675 414
676 404
677 414
678 412
679 404
680 414
681 416
682 418
683 414
684 416
685 418
686 421
687 416
688 422
689 411
690 413
691 412
692 398
693 409
694 406
695 413
696 413
697 416
698 417
699 412
700 413
701 402
702 411
703 399
704 411
705 415
706 408
707 421
708 425
709 414
710 411
711 420
712 412
713 418
714 412
715 423
716 405
717 413
718 404
719 407
720 405
721 406
722 398
723 405
724 399
725 407
726 401
727 412
728 406
729 406
730 412
731 413
732 409
733 412
734 419
735 419
736 406
737 403
738 404
739 410
740 412
741 410
742 410
743 411
744 416
745 417
746 401
747 392
748 400
749 406
750 402
751 400
752 406
753 412
754 398
755 410
756 410
757 409
758 407
759 408
760 411
761 409
762 404
763 394
764 412
765 410
766 408
767 408
768 404
769 410
770 416
771 420
772 416
773 402
774 416
775 410
776 412
777 423
778 411
779 414
780 419
781 411
782 414
783 419
784 414
785 398
786 409
787 403
788 394
789 406
790 403
791 405
792 410
793 406
794 400
795 409
796 412
797 412
798 413
799 410
800 401
801 405
802 405
803 400
804 405
805 409
806 409
807 400
808 408
809 404
810 417
811 413
812 401
813 403
814 401
815 405
816 397
817 403
818 400
819 412
820 403
821 408
822 404
823 401
824 398
825 399
826 405
827 408
828 391
829 408
830 404
831 412
832 403
833 411
834 403
835 403
836 401
837 405
838 396
839 401
840 401
841 397
842 401
843 397
844 407
845 403
846 392
847 402
848 411
849 396
850 401
851 396
852 400
853 397
854 406
855 400
856 400
857 406
858 397
859 407
860 398
861 403
862 396
863 394
864 396
865 395
866 405
867 405
868 394
869 396
870 395
871 396
872 394
873 401
874 392
875 400
876 411
877 396
878 395
879 403
880 403
881 400
882 402
883 397
884 397
885 403
886 410
887 404
888 393
889 394
890 408
891 403
892 405
893 405
894 405
895 403
896 401
897 403
898 403
899 397
900 393
901 392
902 400
903 389
904 398
905 397
906 403
907 395
908 387
909 394
910 387
911 404
912 407
913 406
914 391
915 392
916 401
917 392
918 394
919 394
920 399
921 399
922 395
923 392
924 404
925 405
926 400
927 408
928 398
929 403
930 392
931 398
932 400
933 391
934 399
935 401
936 392
937 403
938 402
939 399
940 399
941 408
942 412
943 389
944 401
945 412
946 402
947 410
948 415
949 416
950 408
951 411
952 405
953 422
954 402
955 401
956 404
957 404
958 403
959 407
960 397
961 406
962 406
963 411
964 414
965 410
966 403
967 397
968 406
969 410
970 413
971 408
972 415
973 409
974 424
975 412
976 418
977 416
978 399
979 415
980 414
981 416
982 421
983 419
984 406
985 401
986 403
987 402
988 407
989 404
990 411
991 405
992 404
993 405
994 416
995 407
996 401
997 410
998 405
999 412
1000 411
1001 400
1002 406
1003 401
1004 407
1005 407
1006 417
1007 409
1008 413
1009 413
1010 404
1011 406
1012 398
1013 391
1014 405
1015 402
1016 402
1017 390
1018 405
1019 404
1020 402
1021 414
1022 405
1023 411
1024 415
1025 397
1026 412
1027 405
1028 404
1029 409
1030 397
1031 406
1032 406
1033 404
1034 391
1035 396
1036 392
1037 412
1038 405
1039 395
1040 391
1041 399
1042 402
1043 401
1044 405
1045 406
1046 401
1047 417
1048 407
1049 412
1050 416
1051 420
1052 414
1053 416
1054 416
1055 411
1056 407
1057 410
1058 414
1059 411
1060 406
1061 406
1062 396
1063 405
1064 398
1065 409
1066 391
1067 401
1068 403
1069 402
1070 404
1071 406
1072 407
1073 408
1074 397
1075 393
1076 400
1077 401
1078 402
1079 398
1080 408
1081 404
1082 404
1083 403
1084 403
1085 402
1086 409
1087 401
1088 399
1089 394
1090 401
1091 397
1092 405
1093 408
1094 407
1095 406
1096 396
1097 399
1098 409
1099 406
1100 399
1101 413
1102 402
1103 401
1104 399
1105 407
1106 405
1107 404
1108 400
1109 398
1110 405
1111 402
1112 404
1113 404
1114 405
1115 405
1116 400
1117 402
1118 401
1119 401
1120 407
1121 402
1122 411
1123 410
1124 413
1125 403
1126 408
1127 402
1128 408
1129 401
1130 416
1131 408
1132 398
1133 401
1134 401
1135 398
1136 406
1137 406
1138 402
1139 403
1140 402
1141 397
1142 391
1143 403
1144 404
1145 396
1146 402
1147 420
1148 412
1149 407
1150 415
1151 401
1152 413
1153 401
1154 414
1155 415
1156 411
1157 412
1158 411
1159 404
1160 415
1161 414
1162 416
1163 421
1164 421
1165 413
1166 417
1167 412
1168 428
1169 406
1170 427
1171 415
1172 416
1173 417
1174 414
1175 413
1176 407
1177 417
1178 425
1179 419
1180 417
1181 421
1182 416
1183 413
1184 422
1185 419
1186 425
1187 411
1188 420
1189 414
1190 413
1191 412
1192 412
1193 416
1194 412
1195 409
1196 415
1197 413
1198 419
1199 413
1200 409
1201 414
1202 409
1203 416
1204 417
1205 413
1206 418
1207 410
1208 406
1209 420
1210 413
1211 411
1212 419
1213 420
1214 410
1215 410
1216 412
1217 414
1218 415
1219 415
1220 416
1221 408
1222 413
1223 414
1224 408
1225 408
1226 410
1227 412
1228 417
1229 410
1230 414
1231 418
1232 413
1233 413
1234 414
1235 414
1236 410
1237 418
1238 414
1239 418
1240 410
1241 412
1242 409
1243 408
1244 414
1245 416
1246 408
1247 421
1248 411
1249 417
1250 410
1251 414
1252 415
1253 401
1254 411
1255 413
1256 410
1257 404
1258 411
1259 407
1260 414
1261 408
1262 412
1263 410
1264 405
1265 412
1266 412
1267 411
1268 418
1269 405
1270 406
1271 406
1272 411
1273 415
1274 417
1275 414
1276 414
1277 414
1278 414
1279 413
1280 414
1281 411
1282 409
1283 416
1284 416
1285 416
1286 415
1287 407
1288 410
1289 412
1290 418
1291 411
1292 413
1293 404
1294 411
1295 411
1296 416
1297 414
1298 407
1299 415
1300 414
1301 413
1302 412
1303 416
1304 420
1305 416
1306 410
1307 421
1308 411
1309 412
1310 405
1311 414
1312 419
1313 411
1314 413
1315 411
1316 405
1317 412
1318 403
1319 417
1320 408
1321 418
1322 410
1323 402
1324 415
1325 415
1326 414
1327 410
1328 411
1329 416
1330 410
1331 404
1332 412
1333 409
1334 409
1335 409
1336 408
1337 406
1338 418
1339 414
1340 411
1341 414
1342 407
1343 417
1344 404
1345 404
1346 410
1347 411
1348 400
1349 419
1350 408
1351 411
1352 411
1353 412
1354 419
1355 405
1356 415
1357 421
1358 413
1359 415
1360 412
1361 412
1362 411
1363 408
1364 413
1365 408
1366 407
1367 414
1368 412
1369 410
1370 414
1371 408
1372 414
1373 417
1374 419
1375 408
1376 403
1377 410
1378 409
1379 420
1380 422
1381 419
1382 411
1383 413
1384 416
1385 419
1386 415
1387 422
1388 413
1389 415
1390 424
1391 421
1392 420
1393 413
1394 410
1395 419
1396 420
1397 415
1398 411
1399 414
1400 419
1401 417
1402 409
1403 416
1404 407
1405 412
1406 404
1407 411
1408 418
1409 413
1410 416
1411 418
1412 413
1413 409
1414 407
1415 406
1416 415
1417 415
1418 413
1419 405
1420 406
1421 412
1422 410
1423 410
1424 416
1425 413
1426 414
1427 415
1428 414
1429 412
1430 408
1431 406
1432 400
1433 413
1434 408
1435 395
1436 399
1437 406
1438 403
1439 415
1440 407
1441 414
1442 413
1443 404
1444 403
1445 407
1446 410
1447 413
1448 420
1449 415
1450 419
1451 409
1452 417
1453 409
1454 410
1455 417
1456 418
1457 418
1458 417
1459 418
1460 418
1461 414
1462 409
1463 413
1464 415
1465 414
1466 413
1467 409
1468 412
1469 399
1470 409
1471 398
1472 402
1473 408
1474 417
1475 420
1476 406
1477 417
1478 406
1479 410
1480 405
1481 405
1482 402
1483 404
1484 400
1485 407
1486 404
1487 411
1488 409
1489 404
1490 409
1491 405
1492 395
1493 398
1494 403
1495 408
1496 398
1497 407
1498 402
1499 406
1500 406
1501 395
1502 401
1503 409
1504 397
1505 402
1506 424
1507 412
1508 413
1509 400
1510 422
1511 415
1512 391
1513 413
1514 409
1515 403
1516 410
1517 404
1518 416
1519 414
1520 415
1521 412
1522 417
1523 414
1524 408
1525 413
1526 404
1527 414
1528 413
1529 407
1530 414
1531 424
1532 418
1533 415
1534 417
1535 411
1536 418
1537 421
1538 420
1539 419
1540 420
1541 416
1542 414
1543 415
1544 414
1545 415
1546 417
1547 411
1548 413
1549 408
1550 417
1551 412
1552 401
1553 417
1554 417
1555 414
1556 421
1557 408
1558 412
1559 423
1560 413
1561 418
1562 409
1563 418
1564 410
1565 413
1566 416
1567 413
1568 414
1569 409
1570 406
1571 399
1572 412
1573 399
1574 417
1575 415
1576 404
1577 417
1578 419
1579 413
1580 418
1581 415
1582 412
1583 412
1584 412
1585 414
1586 416
1587 417
1588 421
1589 409
1590 404
1591 412
1592 405
1593 414
1594 409
1595 415
1596 410
1597 412
1598 420
1599 412
1600 418
1601 405
1602 408
1603 404
1604 410
1605 407
1606 398
1607 396
1608 414
1609 405
1610 408
1611 404
1612 409
1613 406
1614 411
1615 416
1616 412
1617 413
1618 399
1619 410
1620 408
1621 394
1622 403
1623 406
1624 402
1625 411
1626 410
1627 415
1628 405
1629 416
1630 422
1631 416
1632 414
1633 400
1634 413
1635 409
1636 410
1637 412
1638 415
1639 413
1640 410
1641 412
1642 414
1643 417
1644 418
1645 416
1646 410
1647 413
1648 414
1649 408
1650 406
1651 413
1652 417
1653 411
1654 411
1655 414
1656 420
1657 410
1658 417
1659 411
1660 407
1661 406
1662 410
1663 406
1664 411
1665 413
1666 409
1667 411
1668 417
1669 409
1670 410
1671 399
1672 405
1673 402
1674 413
1675 421
1676 414
1677 407
1678 410
1679 410
1680 407
1681 415
1682 412
1683 414
1684 413
1685 417
1686 411
1687 409
1688 414
1689 408
1690 410
1691 402
1692 410
1693 409
1694 409
1695 396
1696 420
1697 395
1698 412
1699 396
1700 403
1701 394
1702 403
1703 393
1704 402
1705 403
1706 414
1707 403
1708 402
1709 407
1710 407
1711 405
1712 399
1713 411
1714 399
1715 404
1716 407
1717 402
1718 413
1719 400
1720 406
1721 399
1722 406
1723 402
1724 415
1725 404
1726 412
1727 410
1728 411
1729 419
1730 409
1731 409
1732 412
1733 414
1734 409
1735 406
1736 411
1737 414
1738 414
1739 413
1740 418
1741 422
1742 412
1743 408
1744 422
1745 421
1746 406
1747 416
1748 414
1749 415
1750 416
1751 413
1752 419
1753 421
1754 414
1755 408
1756 413
1757 418
1758 414
1759 414
1760 421
1761 419
1762 414
1763 416
1764 417
1765 417
1766 409
1767 405
1768 408
1769 414
1770 411
1771 413
1772 410
1773 408
1774 408
1775 406
1776 407
1777 412
1778 408
1779 407
1780 415
1781 412
1782 411
1783 414
1784 410
1785 415
1786 412
1787 405
1788 412
1789 408
1790 409
1791 414
1792 415
1793 404
1794 407
1795 409
1796 405
1797 398
1798 406
1799 404
1800 409
1801 409
1802 410
1803 413
1804 413
1805 407
1806 412
1807 414
1808 411
1809 403
1810 413
1811 405
1812 415
1813 415
1814 420
1815 413
1816 409
1817 408
1818 405
1819 407
1820 405
1821 408
1822 413
1823 410
1824 405
1825 410
1826 404
1827 398
1828 398
1829 402
1830 399
1831 400
1832 406
1833 403
1834 410
1835 411
1836 405
1837 397
1838 395
1839 399
1840 398
1841 403
1842 403
1843 386
1844 403
1845 404
1846 396
1847 402
1848 401
1849 402
1850 400
1851 395
1852 396
1853 399
1854 398
1855 404
1856 396
1857 396
1858 399
1859 398
1860 407
1861 400
1862 404
1863 407
1864 395
1865 398
1866 405
1867 397
1868 401
1869 397
1870 391
1871 401
1872 395
1873 393
1874 403
1875 389
1876 404
1877 392
1878 391
1879 398
1880 403
1881 397
1882 392
1883 390
1884 395
1885 396
1886 397
1887 394
1888 396
1889 390
1890 383
1891 399
1892 394
1893 391
1894 392
1895 405
1896 400
1897 395
1898 389
1899 398
1900 391
1901 388
1902 388
1903 390
1904 401
1905 403
1906 404
1907 399
1908 406
1909 391
1910 404
1911 394
1912 408
1913 404
1914 409
1915 397
1916 398
1917 410
1918 405
1919 398
1920 410
1921 404
1922 400
1923 410
1924 402
1925 397
1926 402
1927 401
1928 410
1929 396
1930 403
1931 396
1932 404
1933 397
1934 405
1935 402
1936 392
1937 392
1938 405
1939 405
1940 393
1941 402
1942 394
1943 394
1944 404
1945 391
1946 390
1947 381
1948 393
1949 395
1950 392
1951 401
1952 393
1953 390
1954 383
1955 393
1956 380
1957 379
1958 387
1959 384
1960 383
1961 385
1962 390
1963 399
1964 392
1965 387
1966 391
1967 394
1968 388
1969 386
1970 379
1971 382
1972 388
1973 385
1974 386
1975 378
1976 375
1977 386
1978 385
1979 390
1980 389
1981 385
1982 390
1983 385
1984 390
1985 379
1986 382
1987 377
1988 371
1989 381
1990 385
1991 390
1992 386
1993 383
1994 384
1995 384
1996 379
1997 374
1998 380
1999 372
2000 385
2001 379
2002 375
2003 381
2004 381
2005 385
2006 379
2007 386
2008 392
2009 385
2010 378
2011 380
2012 384
2013 376
2014 387
2015 383
2016 393
2017 378
2018 383
2019 387
2020 389
2021 384
2022 375
2023 382
2024 376
2025 377
2026 387
2027 386
2028 393
2029 399
2030 383
2031 383
2032 388
2033 391
2034 388
2035 384
2036 389
2037 387
2038 383
2039 387
2040 368
2041 386
2042 386
2043 384
2044 392
2045 385
2046 389
2047 380
2048 379
2049 383
2050 381
2051 393
2052 393
2053 379
2054 392
2055 374
2056 376
2057 383
2058 390
2059 395
2060 397
2061 394
2062 392
2063 379
2064 390
2065 387
2066 381
2067 386
2068 387
2069 399
2070 387
2071 384
2072 389
2073 388
2074 390
2075 388
2076 390
2077 392
2078 393
2079 386
2080 400
2081 388
2082 379
2083 389
2084 381
2085 388
2086 389
2087 402
2088 381
2089 392
2090 394
2091 386
2092 390
2093 383
2094 390
2095 386
2096 390
2097 387
2098 392
2099 391
2100 395
2101 395
2102 388
2103 378
2104 381
2105 389
2106 393
2107 395
2108 397
2109 387
2110 393
2111 393
2112 377
2113 388
2114 396
2115 388
2116 391
2117 386
2118 397
2119 394
2120 396
2121 396
2122 381
2123 387
2124 388
2125 391
2126 397
2127 391
2128 382
2129 385
2130 393
2131 388
2132 395
2133 394
2134 390
2135 388
2136 390
2137 389
2138 396
2139 393
2140 389
2141 385
2142 395
2143 394
2144 386
2145 397
2146 391
2147 400
2148 385
2149 400
2150 396
2151 393
2152 406
2153 398
2154 393
2155 391
2156 394
2157 392
2158 394
2159 397
2160 396
2161 392
2162 390
2163 387
2164 386
2165 393
2166 384
2167 390
2168 378
2169 393
2170 380
2171 383
2172 394
2173 389
2174 397
2175 395
2176 397
2177 399
2178 391
2179 400
2180 396
2181 398
2182 388
2183 385
2184 390
2185 386
2186 387
2187 377
2188 379
2189 380
2190 384
2191 381
2192 391
2193 377
2194 385
2195 398
2196 377
2197 397
2198 396
2199 405
2200 390
2201 399
2202 393
2203 386
2204 383
2205 379
2206 385
2207 391
2208 380
2209 377
2210 386
2211 389
2212 388
2213 383
2214 394
2215 380
2216 386
2217 387
2218 392
2219 383
2220 388
2221 377
2222 387
2223 385
2224 385
2225 394
2226 387
2227 380
2228 386
2229 387
2230 378
2231 381
2232 385
2233 384
2234 395
2235 378
2236 377
2237 390
2238 384
2239 392
2240 392
2241 389
2242 387
2243 390
2244 388
2245 382
2246 386
2247 386
2248 385
2249 386
2250 378
2251 385
2252 380
2253 388
2254 386
2255 393
2256 389
2257 384
2258 378
2259 377
2260 388
2261 391
2262 388
2263 380
2264 392
2265 391
2266 392
2267 395
2268 384
2269 388
2270 391
2271 384
2272 391
2273 401
2274 393
2275 390
2276 386
2277 379
2278 389
2279 380
2280 393
2281 389
2282 393
2283 398
2284 385
2285 393
2286 390
2287 399
2288 393
2289 393
2290 403
2291 400
2292 401
2293 400
2294 401
2295 397
2296 394
2297 397
2298 388
2299 396
2300 396
2301 398
2302 396
2303 401
2304 389
2305 398
2306 403
2307 392
2308 392
2309 388
2310 400
2311 398
2312 389
2313 394
2314 394
2315 390
2316 399
2317 399
2318 394
2319 395
2320 387
2321 392
2322 386
2323 397
2324 392
2325 390
2326 381
2327 382
2328 389
2329 385
2330 380
2331 382
2332 378
2333 386
2334 383
2335 389
2336 381
2337 383
2338 383
2339 394
2340 393
2341 383
2342 389
2343 401
2344 390
2345 387
2346 399
2347 391
2348 392
2349 400
2350 389
2351 392
2352 384
2353 393
2354 394
2355 390
2356 397
2357 395
2358 395
2359 403
2360 390
2361 393
2362 392
2363 391
2364 383
2365 389
2366 393
2367 397
2368 396
2369 394
2370 390
2371 400
2372 390
2373 389
2374 385
2375 381
2376 392
2377 395
2378 389
2379 388
2380 394
2381 388
2382 383
2383 385
2384 390
2385 384
2386 386
2387 388
2388 389
2389 379
2390 383
2391 379
2392 384
2393 381
2394 391
2395 390
2396 386
2397 382
2398 387
2399 392
2400 382
2401 390
2402 379
2403 380
2404 380
2405 384
2406 385
2407 383
2408 379
2409 384
2410 381
2411 394
2412 388
2413 387
2414 393
2415 397
2416 392
2417 387
2418 392
2419 402
2420 389
2421 393
2422 391
2423 393
2424 393
2425 389
2426 389
2427 385
2428 390
2429 387
2430 387
2431 388
2432 388
2433 393
2434 402
2435 397
2436 399
2437 380
2438 395
2439 393
2440 381
2441 393
2442 377
2443 381
2444 388
2445 390
2446 384
2447 386
2448 376
2449 384
2450 384
2451 385
2452 381
2453 389
2454 395
2455 391
2456 394
2457 392
2458 391
2459 385
2460 393
2461 388
2462 390
2463 389
2464 386
2465 398
2466 383
2467 395
2468 394
2469 389
2470 394
2471 396
2472 390
2473 383
2474 387
2475 389
2476 382
2477 373
2478 382
2479 379
2480 381
2481 378
2482 390
2483 383
2484 381
2485 391
2486 389
2487 382
2488 387
2489 382
2490 387
2491 382
2492 390
2493 381
2494 400
2495 385
2496 385
2497 387
2498 386
2499 377
2500 386
2501 382
2502 378
2503 389
2504 388
2505 387
2506 393
2507 387
2508 378
2509 381
2510 384
2511 384
2512 387
2513 395
2514 384
2515 381
2516 382
2517 390
2518 390
2519 392
2520 396
2521 397
2522 397
2523 390
2524 383
2525 384
2526 385
2527 385
2528 384
2529 384
2530 391
2531 392
2532 392
2533 393
2534 385
2535 394
2536 386
2537 388
2538 392
2539 388
2540 387
2541 382
2542 380
2543 385
2544 382
2545 377
2546 382
2547 384
2548 382
2549 389
2550 382
2551 382
2552 389
2553 393
2554 382
2555 388
2556 396
2557 387
2558 388
2559 397
2560 389
2561 389
2562 383
2563 385
2564 387
2565 383
2566 380
2567 390
2568 384
2569 385
2570 383
2571 391
2572 376
2573 379
2574 388
2575 388
2576 387
2577 398
2578 377
2579 378
2580 379
2581 378
2582 384
2583 387
2584 382
2585 389
2586 387
2587 372
2588 389
2589 383
2590 378
2591 386
2592 389
2593 387
2594 388
2595 387
2596 392
2597 387
2598 379
2599 375
2600 380
2601 377
2602 379
2603 387
2604 374
2605 381
2606 385
2607 385
2608 377
2609 379
2610 373
2611 376
2612 377
2613 383
2614 375
2615 376
2616 381
2617 382
2618 377
2619 382
2620 382
2621 378
2622 381
2623 377
2624 381
2625 383
2626 370
2627 377
2628 381
2629 385
2630 371
2631 377
2632 379
2633 372
2634 377
2635 390
2636 379
2637 374
2638 381
2639 386
2640 388
2641 390
2642 382
2643 381
2644 379
2645 363
2646 368
2647 370
2648 386
2649 376
2650 387
2651 391
2652 385
2653 382
2654 379
2655 386
2656 380
2657 384
2658 383
2659 382
2660 378
2661 383
2662 382
2663 387
2664 380
2665 386
2666 376
2667 381
2668 379
2669 382
2670 387
2671 382
2672 386
2673 384
2674 379
2675 383
2676 379
2677 386
2678 380
2679 384
2680 382
2681 380
2682 391
2683 380
2684 385
2685 377
2686 384
2687 377
2688 373
2689 380
2690 381
2691 383
2692 382
2693 374
2694 368
2695 382
2696 381
2697 379
2698 374
2699 378
2700 386
2701 379
2702 383
2703 384
2704 376
2705 389
2706 390
2707 389
2708 386
2709 381
2710 388
2711 379
2712 382
2713 393
2714 395
2715 394
2716 393
2717 394
2718 389
2719 390
2720 387
2721 379
2722 391
2723 388
2724 389
2725 385
2726 384
2727 385
2728 397
2729 392
2730 376
2731 371
2732 386
2733 391
2734 391
2735 396
2736 392
2737 391
2738 381
2739 387
2740 377
2741 385
2742 380
2743 379
2744 383
2745 388
2746 389
2747 369
2748 374
2749 386
2750 377
2751 379
2752 376
2753 376
2754 375
2755 369
2756 381
2757 364
2758 367
2759 366
2760 366
2761 376
2762 379
2763 381
2764 380
2765 375
2766 381
2767 381
2768 376
2769 377
2770 380
2771 367
2772 378
2773 378
2774 376
2775 378
2776 381
2777 381
2778 382
2779 370
2780 374
2781 372
2782 377
2783 382
2784 383
2785 374
2786 374
2787 380
2788 373
2789 376
2790 372
2791 370
2792 366
2793 371
2794 380
2795 372
2796 362
2797 374
2798 371
2799 378
2800 379
2801 386
2802 393
2803 384
2804 378
2805 380
2806 371
2807 381
2808 376
2809 378
2810 389
2811 387
2812 383
2813 384
2814 386
2815 376
2816 379
2817 375
2818 381
2819 386
2820 381
2821 374
2822 378
2823 378
2824 375
2825 365
2826 380
2827 371
2828 376
2829 382
2830 381
2831 382
2832 380
2833 374
2834 379
2835 383
2836 373
2837 369
2838 387
2839 380
2840 370
2841 378
2842 372
2843 374
2844 368
2845 371
2846 363
2847 365
2848 364
2849 374
2850 376
2851 384
2852 373
2853 363
2854 364
2855 365
2856 362
2857 363
2858 374
2859 369
2860 370
2861 357
2862 362
2863 373
2864 365
2865 370
2866 376
2867 368
2868 369
2869 375
2870 363
2871 368
2872 371
2873 370
2874 370
2875 371
2876 387
2877 384
2878 379
2879 371
2880 386
2881 385
2882 372
2883 392
2884 387
2885 382
2886 384
2887 381
2888 385
2889 374
2890 379
2891 380
2892 376
2893 380
2894 375
2895 394
2896 387
2897 388
2898 378
2899 382
2900 377
2901 388
2902 382
2903 379
2904 384
2905 390
2906 378
2907 379
2908 376
2909 376
2910 390
2911 379
2912 380
2913 375
2914 380
2915 385
2916 381
2917 381
2918 375
2919 379
2920 376
2921 386
2922 387
2923 388
2924 399
2925 379
2926 386
2927 386
2928 397
2929 391
2930 393
2931 389
2932 387
2933 390
2934 389
2935 383
2936 392
2937 380
2938 376
2939 391
2940 388
2941 387
2942 378
2943 390
2944 393
2945 388
2946 379
2947 389
2948 380
2949 384
2950 386
2951 388
2952 391
2953 387
2954 381
2955 391
2956 388
2957 385
2958 389
2959 381
2960 386
2961 392
2962 387
2963 392
2964 383
2965 382
2966 386
2967 384
2968 390
2969 395
2970 385
2971 392
2972 390
2973 383
2974 383
2975 391
2976 387
2977 381
2978 390
2979 386
2980 380
2981 385
2982 383
2983 389
2984 385
2985 394
2986 396
2987 388
2988 389
2989 394
2990 386
2991 392
2992 387
2993 390
2994 386
2995 392
2996 387
2997 387
2998 393
2999 379
3000 395
3001 384
3002 374
3003 379
3004 377
3005 386
3006 381
3007 386
3008 383
3009 392
3010 394
3011 390
3012 391
3013 390
3014 383
3015 383
3016 395
3017 394
3018 393
3019 394
3020 394
3021 392
3022 395
3023 392
3024 393
3025 391
3026 395
3027 386
3028 395
3029 385
3030 384
3031 390
3032 387
3033 387
3034 386
3035 375
3036 373
3037 385
3038 380
3039 382
3040 393
3041 383
3042 393
3043 382
3044 397
3045 394
3046 383
3047 388
3048 389
3049 390
3050 386
3051 379
3052 379
3053 378
3054 381
3055 386
3056 381
3057 381
3058 376
3059 377
3060 380
3061 377
3062 387
3063 393
3064 377
3065 397
3066 378
3067 381
3068 379
3069 381
3070 372
3071 376
3072 383
3073 378
3074 381
3075 381
3076 391
3077 389
3078 389
3079 379
3080 375
3081 373
3082 381
3083 389
3084 386
3085 389
3086 389
3087 385
3088 389
3089 384
3090 383
3091 374
3092 379
3093 381
3094 378
3095 383
3096 385
3097 381
3098 381
3099 389
3100 381
3101 378
3102 391
3103 381
3104 396
3105 381
3106 387
3107 380
3108 377
3109 384
3110 386
3111 379
3112 386
3113 380
3114 378
3115 384
3116 378
3117 393
3118 383
3119 374
3120 384
3121 382
3122 378
3123 386
3124 385
3125 386
3126 383
3127 386
3128 389
3129 392
3130 387
3131 397
3132 389
3133 382
3134 386
3135 385
3136 390
3137 381
3138 378
3139 375
3140 379
3141 379
3142 378
3143 379
3144 379
3145 383
3146 382
3147 378
3148 384
3149 379
3150 378
3151 378
3152 381
3153 386
3154 381
3155 373
3156 375
3157 381
3158 372
3159 381
3160 373
3161 376
3162 372
3163 371
3164 379
3165 383
3166 367
3167 371
3168 364
3169 370
3170 369
3171 375
3172 372
3173 374
3174 370
3175 370
3176 384
3177 377
3178 372
3179 375
3180 373
3181 379
3182 381
3183 385
3184 382
3185 381
3186 383
3187 381
3188 373
3189 376
3190 384
3191 378
3192 368
3193 377
3194 376
3195 379
3196 384
3197 382
3198 378
3199 379
3200 385
3201 385
3202 370
3203 377
3204 373
3205 378
3206 379
3207 373
3208 369
3209 375
3210 388
3211 377
3212 381
3213 377
3214 380
3215 379
3216 385
3217 379
3218 383
3219 381
3220 384
3221 392
3222 381
3223 385
3224 387
3225 390
3226 384
3227 386
3228 378
3229 378
3230 378
3231 382
3232 386
3233 389
3234 385
3235 383
3236 387
3237 388
3238 388
3239 381
3240 380
3241 387
3242 380
3243 385
3244 389
3245 389
3246 389
3247 386
3248 382
3249 384
3250 380
3251 387
3252 391
3253 383
3254 381
3255 387
3256 379
3257 381
3258 383
3259 386
3260 383
3261 388
3262 381
3263 385
3264 383
3265 389
3266 386
3267 390
3268 382
3269 381
3270 380
3271 391
3272 391
3273 387
3274 383
3275 383
3276 388
3277 394
3278 382
3279 381
3280 387
3281 390
3282 381
3283 387
3284 382
3285 383
3286 380
3287 392
3288 382
3289 381
3290 380
3291 388
3292 385
3293 381
3294 382
3295 387
3296 387
3297 388
3298 388
3299 380
3300 384
3301 380
3302 385
3303 392
3304 384
3305 386
3306 382
3307 391
3308 384
3309 385
3310 384
3311 387
3312 386
3313 387
3314 379
3315 379
3316 387
3317 385
3318 388
3319 385
3320 380
3321 384
3322 376
3323 377
3324 386
3325 384
3326 386
3327 386
3328 393
3329 390
3330 380
3331 391
3332 379
3333 375
3334 381
3335 388
3336 382
3337 386
3338 381
3339 387
3340 388
3341 380
3342 390
3343 377
3344 384
3345 377
3346 386
3347 373
3348 375
3349 386
3350 373
3351 379
3352 374
3353 375
3354 386
3355 382
3356 374
3357 379
3358 378
3359 390
3360 380
3361 379
3362 377
3363 377
3364 383
3365 379
3366 382
3367 377
3368 388
3369 378
3370 388
3371 382
3372 379
3373 381
3374 385
3375 389
3376 378
3377 386
3378 388
3379 376
3380 380
3381 387
3382 381
3383 376
3384 371
3385 374
3386 384
3387 383
3388 370
3389 383
3390 383
3391 382
3392 382
3393 375
3394 378
3395 376
3396 386
3397 376
3398 384
3399 379
3400 385
3401 378
3402 370
3403 385
3404 380
3405 384
3406 384
3407 372
3408 376
3409 383
3410 382
3411 372
3412 379
3413 384
3414 372
3415 385
3416 378
3417 385
3418 381
3419 385
3420 385
3421 385
3422 379
3423 378
3424 382
3425 379
3426 381
3427 388
3428 380
3429 377
3430 383
3431 377
3432 379
3433 373
3434 379
3435 378
3436 382
3437 374
3438 383
3439 380
3440 375
3441 375
3442 371
3443 376
3444 374
3445 381
3446 379
3447 385
3448 380
3449 382
3450 380
3451 380
3452 380
3453 374
3454 374
3455 379
3456 379
3457 381
3458 374
3459 376
3460 383
3461 384
3462 387
3463 385
3464 385
3465 386
3466 388
3467 383
3468 381
3469 384
3470 387
3471 381
3472 383
3473 379
3474 365
3475 379
3476 373
3477 377
3478 374
3479 382
3480 379
3481 378
3482 375
3483 373
3484 371
3485 371
3486 380
3487 380
3488 381
3489 383
3490 383
3491 385
3492 385
3493 382
3494 388
3495 385
3496 379
3497 388
3498 379
3499 376
3500 385
3501 381
3502 391
3503 380
3504 383
3505 387
3506 387
3507 374
3508 384
3509 379
3510 382
3511 387
3512 383
3513 383
3514 385
3515 384
3516 378
3517 381
3518 385
3519 371
3520 369
3521 366
3522 367
3523 368
3524 377
3525 373
3526 370
3527 368
3528 371
3529 376
3530 373
3531 381
3532 373
3533 367
3534 374
3535 375
3536 374
3537 370
3538 373
3539 373
3540 381
3541 375
3542 381
3543 378
3544 363
3545 379
3546 380
3547 379
3548 377
3549 377
3550 384
3551 382
3552 371
3553 376
3554 382
3555 377
3556 380
3557 383
3558 379
3559 385
3560 371
3561 388
3562 383
3563 378
3564 383
3565 383
3566 388
3567 381
3568 381
3569 383
3570 380
3571 388
3572 375
3573 385
3574 380
3575 380
3576 381
3577 380
3578 379
3579 378
3580 389
3581 380
3582 383
3583 379
3584 383
3585 380
3586 388
3587 382
3588 373
3589 385
3590 380
3591 378
3592 376
3593 385
3594 372
3595 365
3596 380
3597 376
3598 375
3599 379
3600 383
3601 380
3602 377
3603 379
3604 382
3605 383
3606 376
3607 384
3608 377
3609 377
3610 384
3611 380
3612 374
3613 367
3614 367
3615 364
3616 367
3617 369
3618 369
3619 366
3620 373
3621 363
3622 368
3623 362
3624 361
3625 371
3626 372
3627 358
3628 365
3629 363
3630 371
3631 370
3632 369
3633 364
3634 357
3635 367
3636 378
3637 373
3638 377
3639 367
3640 371
3641 367
3642 373
3643 367
3644 363
3645 369
3646 370
3647 359
3648 355
3649 367
3650 370
3651 367
3652 376
3653 368
3654 360
3655 364
3656 371
3657 369
3658 367
3659 368
3660 365
3661 369
3662 368
3663 369
3664 371
3665 375
3666 362
3667 372
3668 360
3669 372
3670 369
3671 369
3672 361
3673 375
3674 364
3675 361
3676 364
3677 368
3678 367
3679 365
3680 359
3681 359
3682 354
3683 365
3684 361
3685 368
3686 364
3687 361
3688 362
3689 360
3690 359
3691 366
3692 358
3693 356
3694 372
3695 358
3696 369
3697 364
3698 361
3699 361
3700 358
3701 366
3702 356
3703 366
3704 369
3705 364
3706 364
3707 374
3708 370
3709 371
3710 367
3711 365
3712 378
3713 372
3714 363
3715 371
3716 372
3717 372
3718 374
3719 367
3720 360
3721 366
3722 369
3723 365
3724 364
3725 369
3726 359
3727 370
3728 372
3729 359
3730 368
3731 370
3732 366
3733 354
3734 363
3735 365
3736 355
3737 369
3738 364
3739 364
3740 365
3741 370
3742 362
3743 353
3744 362
3745 363
3746 364
3747 363
3748 363
3749 369
3750 366
3751 360
3752 357
3753 361
3754 370
3755 360
3756 358
3757 369
3758 361
3759 349
3760 364
3761 363
3762 360
3763 360
3764 354
3765 353
3766 360
3767 356
3768 358
3769 354
3770 357
3771 358
3772 357
3773 353
3774 348
3775 362
3776 360
3777 365
3778 360
3779 362
3780 354
3781 358
3782 362
3783 354
3784 360
3785 351
3786 354
3787 350
3788 362
3789 350
3790 357
3791 349
3792 351
3793 353
3794 349
3795 355
3796 355
3797 354
3798 359
3799 344
3800 356
3801 353
3802 360
3803 353
3804 360
3805 356
3806 366
3807 348
3808 354
3809 352
3810 358
3811 360
3812 365
3813 363
3814 362
3815 357
3816 357
3817 356
3818 364
3819 362
3820 356
3821 363
3822 355
3823 364
3824 360
3825 364
3826 351
3827 354
3828 360
3829 358
3830 358
3831 354
3832 357
3833 359
3834 357
3835 356
3836 360
3837 358
3838 354
3839 358
3840 353
3841 356
3842 360
3843 356
3844 349
3845 352
3846 351
3847 353
3848 356
3849 354
3850 354
3851 350
3852 360
3853 368
3854 356
3855 355
3856 354
3857 364
3858 360
3859 365
3860 363
3861 352
3862 357
3863 355
3864 363
3865 356
3866 353
3867 355
3868 358
3869 359
3870 351
3871 348
3872 353
3873 360
3874 357
3875 347
3876 356
3877 351
3878 349
3879 359
3880 359
3881 353
3882 356
3883 358
3884 356
3885 367
3886 360
3887 360
3888 353
3889 368
3890 354
3891 356
3892 366
3893 368
3894 372
3895 362
3896 360
3897 365
3898 367
3899 360
3900 352
3901 354
3902 359
3903 362
3904 362
3905 361
3906 360
3907 357
3908 361
3909 347
3910 350
3911 352
3912 359
3913 359
3914 359
3915 357
3916 355
3917 353
3918 354
3919 359
3920 354
3921 355
3922 366
3923 357
3924 362
3925 352
3926 355
3927 350
3928 357
3929 358
3930 355
3931 353
3932 358
3933 368
3934 361
3935 362
3936 359
3937 359
3938 366
3939 366
3940 363
3941 359
3942 363
3943 358
3944 365
3945 368
3946 366
3947 352
3948 356
3949 362
3950 350
3951 357
3952 351
3953 362
3954 359
3955 354
3956 364
3957 357
3958 362
3959 354
3960 356
3961 355
3962 361
3963 364
3964 364
3965 359
3966 360
3967 361
3968 351
3969 355
3970 359
3971 356
3972 352
3973 360
3974 351
3975 353
3976 359
3977 357
3978 356
3979 349
3980 348
3981 359
3982 353
3983 356
3984 352
3985 354
3986 360
3987 361
3988 367
3989 360
3990 359
3991 358
3992 366
3993 356
3994 365
3995 357
3996 356
3997 360
