200.00000000000000000000   10
200.10000000000000000000   12
200.20000000000000000000   10
200.30000000000000000000   11
200.40000000000000000000   9
200.50000000000000000000   11
200.60000000000000000000   9
200.70000000000000000000   11
200.80000000000000000000   11
200.90000000000000000000   8
201.00000000000000000000   9
201.10000000000000000000   10
201.20000000000000000000   9
201.30000000000000000000   9
201.40000000000000000000   8
201.50000000000000000000   7
201.60000000000000000000   5
201.70000000000000000000   4
201.80000000000000000000   5
201.90000000000000000000   5
202.00000000000000000000   4
202.10000000000000000000   6
202.20000000000000000000   12
202.30000000000000000000   8
202.40000000000000000000   15
202.50000000000000000000   11
202.60000000000000000000   10
202.70000000000000000000   12
202.80000000000000000000   9
202.90000000000000000000   15
203.00000000000000000000   16
203.10000000000000000000   13
203.20000000000000000000   12
203.30000000000000000000   13
203.40000000000000000000   15
203.50000000000000000000   12
203.60000000000000000000   13
203.70000000000000000000   9
203.80000000000000000000   11
203.90000000000000000000   12
204.00000000000000000000   12
204.10000000000000000000   13
204.20000000000000000000   12
204.30000000000000000000   14
204.40000000000000000000   13
204.50000000000000000000   11
204.60000000000000000000   9
204.70000000000000000000   11
204.80000000000000000000   10
204.90000000000000000000   11
205.00000000000000000000   11
205.10000000000000000000   11
205.20000000000000000000   11
205.30000000000000000000   10
205.40000000000000000000   10
205.50000000000000000000   13
205.60000000000000000000   12
205.70000000000000000000   11
205.80000000000000000000   11
205.90000000000000000000   10
206.00000000000000000000   11
206.10000000000000000000   11
206.20000000000000000000   11
206.30000000000000000000   11
206.40000000000000000000   12
206.50000000000000000000   12
206.60000000000000000000   11
206.70000000000000000000   12
206.80000000000000000000   15
206.90000000000000000000   13
207.00000000000000000000   11
207.10000000000000000000   12
207.20000000000000000000   14
207.30000000000000000000   13
207.40000000000000000000   14
207.50000000000000000000   12
207.60000000000000000000   16
207.70000000000000000000   12
207.80000000000000000000   12
207.90000000000000000000   12
208.00000000000000000000   12
208.10000000000000000000   9
208.20000000000000000000   14
208.30000000000000000000   15
208.40000000000000000000   12
208.50000000000000000000   9
208.60000000000000000000   11
208.70000000000000000000   9
208.80000000000000000000   7
208.90000000000000000000   8
209.00000000000000000000   7
209.10000000000000000000   9
209.20000000000000000000   7
209.30000000000000000000   6
209.40000000000000000000   7
209.50000000000000000000   8
209.60000000000000000000   6
209.70000000000000000000   5
209.80000000000000000000   6
209.90000000000000000000   6
210.00000000000000000000   6
210.10000000000000000000   9
210.20000000000000000000   13
210.30000000000000000000   9
210.40000000000000000000   9
210.50000000000000000000   11
210.60000000000000000000   11
210.70000000000000000000   11
210.80000000000000000000   13
210.90000000000000000000   14
211.00000000000000000000   12
211.10000000000000000000   7
211.20000000000000000000   11
211.30000000000000000000   10
211.40000000000000000000   11
211.50000000000000000000   6
211.60000000000000000000   6
211.70000000000000000000   7
211.80000000000000000000   10
211.90000000000000000000   10
212.00000000000000000000   9
212.10000000000000000000   11
212.20000000000000000000   6
212.30000000000000000000   8
212.40000000000000000000   8
212.50000000000000000000   8
212.60000000000000000000   7
212.70000000000000000000   8
212.80000000000000000000   10
212.90000000000000000000   7
213.00000000000000000000   9
213.10000000000000000000   15
213.20000000000000000000   12
213.30000000000000000000   12
213.40000000000000000000   10
213.50000000000000000000   11
213.60000000000000000000   13
213.70000000000000000000   9
213.80000000000000000000   13
213.90000000000000000000   12
214.00000000000000000000   12
214.10000000000000000000   11
214.20000000000000000000   9
214.30000000000000000000   11
214.40000000000000000000   13
214.50000000000000000000   9
214.60000000000000000000   9
214.70000000000000000000   10
214.80000000000000000000   11
214.90000000000000000000   13
215.00000000000000000000   13
215.10000000000000000000   13
215.20000000000000000000   11
215.30000000000000000000   11
215.40000000000000000000   12
215.50000000000000000000   12
215.60000000000000000000   15
215.70000000000000000000   15
215.80000000000000000000   9
215.90000000000000000000   12
216.00000000000000000000   8
216.10000000000000000000   11
216.20000000000000000000   10
216.30000000000000000000   6
216.40000000000000000000   14
216.50000000000000000000   11
216.60000000000000000000   10
216.70000000000000000000   14
216.80000000000000000000   11
216.90000000000000000000   11
217.00000000000000000000   15
217.10000000000000000000   11
217.20000000000000000000   11
217.30000000000000000000   13
217.40000000000000000000   11
217.50000000000000000000   13
217.60000000000000000000   8
217.70000000000000000000   13
217.80000000000000000000   13
217.90000000000000000000   11
218.00000000000000000000   11
218.10000000000000000000   9
218.20000000000000000000   13
218.30000000000000000000   13
218.40000000000000000000   13
218.50000000000000000000   14
218.60000000000000000000   8
218.70000000000000000000   7
218.80000000000000000000   7
218.90000000000000000000   10
219.00000000000000000000   9
219.10000000000000000000   6
219.20000000000000000000   12
219.30000000000000000000   10
219.40000000000000000000   9
219.50000000000000000000   9
219.60000000000000000000   7
219.70000000000000000000   12
219.80000000000000000000   12
219.90000000000000000000   13
220.00000000000000000000   12
220.10000000000000000000   12
220.20000000000000000000   11
220.30000000000000000000   11
220.40000000000000000000   11
220.50000000000000000000   15
220.60000000000000000000   8
220.70000000000000000000   10
220.80000000000000000000   13
220.90000000000000000000   12
221.00000000000000000000   13
221.10000000000000000000   11
221.20000000000000000000   13
221.30000000000000000000   12
221.40000000000000000000   10
221.50000000000000000000   8
221.60000000000000000000   12
221.70000000000000000000   10
221.80000000000000000000   13
221.90000000000000000000   10
222.00000000000000000000   14
222.10000000000000000000   8
222.20000000000000000000   11
222.30000000000000000000   9
222.40000000000000000000   10
222.50000000000000000000   10
222.60000000000000000000   10
222.70000000000000000000   7
222.80000000000000000000   8
222.90000000000000000000   9
223.00000000000000000000   9
223.10000000000000000000   8
223.20000000000000000000   13
223.30000000000000000000   12
223.40000000000000000000   11
223.50000000000000000000   10
223.60000000000000000000   12
223.70000000000000000000   11
223.80000000000000000000   10
223.90000000000000000000   9
224.00000000000000000000   6
224.10000000000000000000   9
224.20000000000000000000   9
224.30000000000000000000   10
224.40000000000000000000   10
224.50000000000000000000   7
224.60000000000000000000   10
224.70000000000000000000   10
224.80000000000000000000   9
224.90000000000000000000   10
225.00000000000000000000   5
225.10000000000000000000   8
225.20000000000000000000   8
225.30000000000000000000   8
225.40000000000000000000   10
225.50000000000000000000   11
225.60000000000000000000   8
225.70000000000000000000   12
225.80000000000000000000   8
225.90000000000000000000   8
226.00000000000000000000   11
226.10000000000000000000   9
226.20000000000000000000   10
226.30000000000000000000   9
226.40000000000000000000   8
226.50000000000000000000   10
226.60000000000000000000   9
226.70000000000000000000   9
226.80000000000000000000   13
226.90000000000000000000   9
227.00000000000000000000   12
227.10000000000000000000   9
227.20000000000000000000   8
227.30000000000000000000   12
227.40000000000000000000   9
227.50000000000000000000   7
227.60000000000000000000   7
227.70000000000000000000   10
227.80000000000000000000   10
227.90000000000000000000   12
228.00000000000000000000   11
228.10000000000000000000   8
228.20000000000000000000   9
228.30000000000000000000   9
228.40000000000000000000   7
228.50000000000000000000   13
228.60000000000000000000   10
228.70000000000000000000   12
228.80000000000000000000   10
228.90000000000000000000   10
229.00000000000000000000   8
229.10000000000000000000   8
229.20000000000000000000   8
229.30000000000000000000   5
229.40000000000000000000   7
229.50000000000000000000   11
229.60000000000000000000   9
229.70000000000000000000   14
229.80000000000000000000   10
229.90000000000000000000   11
230.00000000000000000000   7
230.10000000000000000000   8
230.20000000000000000000   7
230.30000000000000000000   7
230.40000000000000000000   8
230.50000000000000000000   9
230.60000000000000000000   11
230.70000000000000000000   8
230.80000000000000000000   10
230.90000000000000000000   5
231.00000000000000000000   9
231.10000000000000000000   7
231.20000000000000000000   7
231.30000000000000000000   9
231.40000000000000000000   8
231.50000000000000000000   7
231.60000000000000000000   9
231.70000000000000000000   9
231.80000000000000000000   9
231.90000000000000000000   9
232.00000000000000000000   10
232.10000000000000000000   10
232.20000000000000000000   8
232.30000000000000000000   10
232.40000000000000000000   12
232.50000000000000000000   13
232.60000000000000000000   12
232.70000000000000000000   11
232.80000000000000000000   14
232.90000000000000000000   14
233.00000000000000000000   14
233.10000000000000000000   15
233.20000000000000000000   18
233.30000000000000000000   15
233.40000000000000000000   17
233.50000000000000000000   15
233.60000000000000000000   9
233.70000000000000000000   10
233.80000000000000000000   6
233.90000000000000000000   6
234.00000000000000000000   7
234.10000000000000000000   13
234.20000000000000000000   16
234.30000000000000000000   16
234.40000000000000000000   12
234.50000000000000000000   11
234.60000000000000000000   16
234.70000000000000000000   17
234.80000000000000000000   15
234.90000000000000000000   16
235.00000000000000000000   18
235.10000000000000000000   20
235.20000000000000000000   18
235.30000000000000000000   17
235.40000000000000000000   17
235.50000000000000000000   18
235.60000000000000000000   17
235.70000000000000000000   22
235.80000000000000000000   16
235.90000000000000000000   17
236.00000000000000000000   17
236.10000000000000000000   19
236.20000000000000000000   18
236.30000000000000000000   15
236.40000000000000000000   17
236.50000000000000000000   14
236.60000000000000000000   17
236.70000000000000000000   16
236.80000000000000000000   17
236.90000000000000000000   16
237.00000000000000000000   18
237.10000000000000000000   11
237.20000000000000000000   12
237.30000000000000000000   14
237.40000000000000000000   13
237.50000000000000000000   11
237.60000000000000000000   11
237.70000000000000000000   11
237.80000000000000000000   12
237.90000000000000000000   11
238.00000000000000000000   12
238.10000000000000000000   12
238.20000000000000000000   10
238.30000000000000000000   14
238.40000000000000000000   12
238.50000000000000000000   14
238.60000000000000000000   12
238.70000000000000000000   11
238.80000000000000000000   11
238.90000000000000000000   8
239.00000000000000000000   7
239.10000000000000000000   8
239.20000000000000000000   9
239.30000000000000000000   9
239.40000000000000000000   9
239.50000000000000000000   9
239.60000000000000000000   9
239.70000000000000000000   12
239.80000000000000000000   13
239.90000000000000000000   12
240.00000000000000000000   16
240.10000000000000000000   8
240.20000000000000000000   8
240.30000000000000000000   10
240.40000000000000000000   7
240.50000000000000000000   10
240.60000000000000000000   10
240.70000000000000000000   8
240.80000000000000000000   7
240.90000000000000000000   8
241.00000000000000000000   9
241.10000000000000000000   3
241.20000000000000000000   10
241.30000000000000000000   10
241.40000000000000000000   8
241.50000000000000000000   10
241.60000000000000000000   9
241.70000000000000000000   9
241.80000000000000000000   9
241.90000000000000000000   6
242.00000000000000000000   8
242.10000000000000000000   10
242.20000000000000000000   13
242.30000000000000000000   9
242.40000000000000000000   14
242.50000000000000000000   17
242.60000000000000000000   11
242.70000000000000000000   11
242.80000000000000000000   12
242.90000000000000000000   13
243.00000000000000000000   16
243.10000000000000000000   12
243.20000000000000000000   12
243.30000000000000000000   9
243.40000000000000000000   9
243.50000000000000000000   10
243.60000000000000000000   12
243.70000000000000000000   12
243.80000000000000000000   12
243.90000000000000000000   16
244.00000000000000000000   12
244.10000000000000000000   18
244.20000000000000000000   16
244.30000000000000000000   17
244.40000000000000000000   15
244.50000000000000000000   16
244.60000000000000000000   14
244.70000000000000000000   14
244.80000000000000000000   17
244.90000000000000000000   13
245.00000000000000000000   15
245.10000000000000000000   17
245.20000000000000000000   18
245.30000000000000000000   16
245.40000000000000000000   17
245.50000000000000000000   16
245.60000000000000000000   12
245.70000000000000000000   17
245.80000000000000000000   19
245.90000000000000000000   17
246.00000000000000000000   19
246.10000000000000000000   16
246.20000000000000000000   18
246.30000000000000000000   12
246.40000000000000000000   19
246.50000000000000000000   17
246.60000000000000000000   16
246.70000000000000000000   19
246.80000000000000000000   14
246.90000000000000000000   18
247.00000000000000000000   16
247.10000000000000000000   16
247.20000000000000000000   13
247.30000000000000000000   14
247.40000000000000000000   15
247.50000000000000000000   16
247.60000000000000000000   17
247.70000000000000000000   15
247.80000000000000000000   15
247.90000000000000000000   14
248.00000000000000000000   14
248.10000000000000000000   13
248.20000000000000000000   14
248.30000000000000000000   14
248.40000000000000000000   15
248.50000000000000000000   17
248.60000000000000000000   15
248.70000000000000000000   20
248.80000000000000000000   14
248.90000000000000000000   15
249.00000000000000000000   16
249.10000000000000000000   15
249.20000000000000000000   14
249.30000000000000000000   17
249.40000000000000000000   17
249.50000000000000000000   16
249.60000000000000000000   17
249.70000000000000000000   17
249.80000000000000000000   17
249.90000000000000000000   16
250.00000000000000000000   15
250.10000000000000000000   17
250.20000000000000000000   13
250.30000000000000000000   14
250.40000000000000000000   18
250.50000000000000000000   18
250.60000000000000000000   14
250.70000000000000000000   16
250.80000000000000000000   18
250.90000000000000000000   18
251.00000000000000000000   16
251.10000000000000000000   17
251.20000000000000000000   17
251.30000000000000000000   14
251.40000000000000000000   16
251.50000000000000000000   16
251.60000000000000000000   16
251.70000000000000000000   14
251.80000000000000000000   15
251.90000000000000000000   14
252.00000000000000000000   18
252.10000000000000000000   19
252.20000000000000000000   18
252.30000000000000000000   20
252.40000000000000000000   22
252.50000000000000000000   20
252.60000000000000000000   18
252.70000000000000000000   24
252.80000000000000000000   20
252.90000000000000000000   21
253.00000000000000000000   22
253.10000000000000000000   19
253.20000000000000000000   24
253.30000000000000000000   21
253.40000000000000000000   20
253.50000000000000000000   20
253.60000000000000000000   22
253.70000000000000000000   21
253.80000000000000000000   21
253.90000000000000000000   21
254.00000000000000000000   20
254.10000000000000000000   18
254.20000000000000000000   21
254.30000000000000000000   22
254.40000000000000000000   21
254.50000000000000000000   23
254.60000000000000000000   19
254.70000000000000000000   17
254.80000000000000000000   19
254.90000000000000000000   20
255.00000000000000000000   15
255.10000000000000000000   15
255.20000000000000000000   17
255.30000000000000000000   12
255.40000000000000000000   15
255.50000000000000000000   15
255.60000000000000000000   13
255.70000000000000000000   12
255.80000000000000000000   12
255.90000000000000000000   14
256.00000000000000000000   16
256.10000000000000000000   13
256.20000000000000000000   16
256.30000000000000000000   14
256.40000000000000000000   15
256.50000000000000000000   12
256.60000000000000000000   12
256.70000000000000000000   13
256.80000000000000000000   14
256.90000000000000000000   14
257.00000000000000000000   15
257.10000000000000000000   13
257.20000000000000000000   14
257.30000000000000000000   17
257.40000000000000000000   12
257.50000000000000000000   12
257.60000000000000000000   13
257.70000000000000000000   12
257.80000000000000000000   13
257.90000000000000000000   13
258.00000000000000000000   15
258.10000000000000000000   14
258.20000000000000000000   15
258.30000000000000000000   14
258.40000000000000000000   13
258.50000000000000000000   11
258.60000000000000000000   12
258.70000000000000000000   9
258.80000000000000000000   11
258.90000000000000000000   13
259.00000000000000000000   11
259.10000000000000000000   9
259.20000000000000000000   6
259.30000000000000000000   10
259.40000000000000000000   10
259.50000000000000000000   11
259.60000000000000000000   10
259.70000000000000000000   10
259.80000000000000000000   12
259.90000000000000000000   10
260.00000000000000000000   8
260.10000000000000000000   7
260.20000000000000000000   8
260.30000000000000000000   7
260.40000000000000000000   10
260.50000000000000000000   11
260.60000000000000000000   6
260.70000000000000000000   9
260.80000000000000000000   8
260.90000000000000000000   9
261.00000000000000000000   11
261.10000000000000000000   10
261.20000000000000000000   10
261.30000000000000000000   12
261.40000000000000000000   12
261.50000000000000000000   11
261.60000000000000000000   11
261.70000000000000000000   7
261.80000000000000000000   8
261.90000000000000000000   11
262.00000000000000000000   8
262.10000000000000000000   12
262.20000000000000000000   12
262.30000000000000000000   10
262.40000000000000000000   12
262.50000000000000000000   12
262.60000000000000000000   9
262.70000000000000000000   11
262.80000000000000000000   10
262.90000000000000000000   12
263.00000000000000000000   14
263.10000000000000000000   12
263.20000000000000000000   12
263.30000000000000000000   12
263.40000000000000000000   10
263.50000000000000000000   8
263.60000000000000000000   12
263.70000000000000000000   13
263.80000000000000000000   11
263.90000000000000000000   13
264.00000000000000000000   12
264.10000000000000000000   15
264.20000000000000000000   20
264.30000000000000000000   13
264.40000000000000000000   12
264.50000000000000000000   16
264.60000000000000000000   17
264.70000000000000000000   13
264.80000000000000000000   16
264.90000000000000000000   18
265.00000000000000000000   15
265.10000000000000000000   15
265.20000000000000000000   15
265.30000000000000000000   14
265.40000000000000000000   13
265.50000000000000000000   17
265.60000000000000000000   18
265.70000000000000000000   20
265.80000000000000000000   12
265.90000000000000000000   14
266.00000000000000000000   17
266.10000000000000000000   18
266.20000000000000000000   14
266.30000000000000000000   15
266.40000000000000000000   18
266.50000000000000000000   11
266.60000000000000000000   13
266.70000000000000000000   15
266.80000000000000000000   12
266.90000000000000000000   13
267.00000000000000000000   15
267.10000000000000000000   13
267.20000000000000000000   14
267.30000000000000000000   15
267.40000000000000000000   15
267.50000000000000000000   16
267.60000000000000000000   13
267.70000000000000000000   15
267.80000000000000000000   15
267.90000000000000000000   13
268.00000000000000000000   18
268.10000000000000000000   16
268.20000000000000000000   15
268.30000000000000000000   20
268.40000000000000000000   16
268.50000000000000000000   17
268.60000000000000000000   16
268.70000000000000000000   14
268.80000000000000000000   16
268.90000000000000000000   15
269.00000000000000000000   17
269.10000000000000000000   16
269.20000000000000000000   14
269.30000000000000000000   17
269.40000000000000000000   18
269.50000000000000000000   18
269.60000000000000000000   16
269.70000000000000000000   16
269.80000000000000000000   18
269.90000000000000000000   19
270.00000000000000000000   19
270.10000000000000000000   19
270.20000000000000000000   20
270.30000000000000000000   19
270.40000000000000000000   18
270.50000000000000000000   15
270.60000000000000000000   17
270.70000000000000000000   20
270.80000000000000000000   14
270.90000000000000000000   11
271.00000000000000000000   13
271.10000000000000000000   7
271.20000000000000000000   8
271.30000000000000000000   9
271.40000000000000000000   13
271.50000000000000000000   16
271.60000000000000000000   12
271.70000000000000000000   12
271.80000000000000000000   10
271.90000000000000000000   9
272.00000000000000000000   14
272.10000000000000000000   12
272.20000000000000000000   9
272.30000000000000000000   10
272.40000000000000000000   12
272.50000000000000000000   12
272.60000000000000000000   9
272.70000000000000000000   8
272.80000000000000000000   6
272.90000000000000000000   9
273.00000000000000000000   7
273.10000000000000000000   9
273.20000000000000000000   6
273.30000000000000000000   9
273.40000000000000000000   10
273.50000000000000000000   9
273.60000000000000000000   11
273.70000000000000000000   11
273.80000000000000000000   11
273.90000000000000000000   8
274.00000000000000000000   6
274.10000000000000000000   6
274.20000000000000000000   12
274.30000000000000000000   7
274.40000000000000000000   6
274.50000000000000000000   6
274.60000000000000000000   8
274.70000000000000000000   6
274.80000000000000000000   6
274.90000000000000000000   8
275.00000000000000000000   10
275.10000000000000000000   6
275.20000000000000000000   5
275.30000000000000000000   5
275.40000000000000000000   8
275.50000000000000000000   6
275.60000000000000000000   7
275.70000000000000000000   5
275.80000000000000000000   5
275.90000000000000000000   9
276.00000000000000000000   4
276.10000000000000000000   5
276.20000000000000000000   6
276.30000000000000000000   5
276.40000000000000000000   11
276.50000000000000000000   11
276.60000000000000000000   11
276.70000000000000000000   10
276.80000000000000000000   11
276.90000000000000000000   9
277.00000000000000000000   13
277.10000000000000000000   11
277.20000000000000000000   14
277.30000000000000000000   12
277.40000000000000000000   15
277.50000000000000000000   15
277.60000000000000000000   14
277.70000000000000000000   16
277.80000000000000000000   11
277.90000000000000000000   18
278.00000000000000000000   14
278.10000000000000000000   14
278.20000000000000000000   11
278.30000000000000000000   13
278.40000000000000000000   10
278.50000000000000000000   11
278.60000000000000000000   12
278.70000000000000000000   12
278.80000000000000000000   15
278.90000000000000000000   14
279.00000000000000000000   11
279.10000000000000000000   11
279.20000000000000000000   12
279.30000000000000000000   11
279.40000000000000000000   12
279.50000000000000000000   12
279.60000000000000000000   11
279.70000000000000000000   10
279.80000000000000000000   7
279.90000000000000000000   8
280.00000000000000000000   7
280.10000000000000000000   7
280.20000000000000000000   11
280.30000000000000000000   10
280.40000000000000000000   9
280.50000000000000000000   7
280.60000000000000000000   6
280.70000000000000000000   7
280.80000000000000000000   10
280.90000000000000000000   10
281.00000000000000000000   10
281.10000000000000000000   13
281.20000000000000000000   10
281.30000000000000000000   12
281.40000000000000000000   10
281.50000000000000000000   9
281.60000000000000000000   8
281.70000000000000000000   6
281.80000000000000000000   2
281.90000000000000000000   5
282.00000000000000000000   9
282.10000000000000000000   12
282.20000000000000000000   12
282.30000000000000000000   12
282.40000000000000000000   15
282.50000000000000000000   13
282.60000000000000000000   13
282.70000000000000000000   13
282.80000000000000000000   10
282.90000000000000000000   12
283.00000000000000000000   10
283.10000000000000000000   12
283.20000000000000000000   11
283.30000000000000000000   6
283.40000000000000000000   11
283.50000000000000000000   10
283.60000000000000000000   9
283.70000000000000000000   10
283.80000000000000000000   10
283.90000000000000000000   8
284.00000000000000000000   10
284.10000000000000000000   7
284.20000000000000000000   5
284.30000000000000000000   8
284.40000000000000000000   11
284.50000000000000000000   12
284.60000000000000000000   11
284.70000000000000000000   8
284.80000000000000000000   8
284.90000000000000000000   6
285.00000000000000000000   7
285.10000000000000000000   6
285.20000000000000000000   5
285.30000000000000000000   10
285.40000000000000000000   11
285.50000000000000000000   10
285.60000000000000000000   8
285.70000000000000000000   6
285.80000000000000000000   8
285.90000000000000000000   8
286.00000000000000000000   8
286.10000000000000000000   7
286.20000000000000000000   8
286.30000000000000000000   6
286.40000000000000000000   8
286.50000000000000000000   7
286.60000000000000000000   10
286.70000000000000000000   7
286.80000000000000000000   6
286.90000000000000000000   7
287.00000000000000000000   9
287.10000000000000000000   9
287.20000000000000000000   5
287.30000000000000000000   3
287.40000000000000000000   4
287.50000000000000000000   4
287.60000000000000000000   4
287.70000000000000000000   6
287.80000000000000000000   5
287.90000000000000000000   5
288.00000000000000000000   6
288.10000000000000000000   3
288.20000000000000000000   6
288.30000000000000000000   4
288.40000000000000000000   7
288.50000000000000000000   8
288.60000000000000000000   6
288.70000000000000000000   8
288.80000000000000000000   10
288.90000000000000000000   9
289.00000000000000000000   13
289.10000000000000000000   12
289.20000000000000000000   13
289.30000000000000000000   11
289.40000000000000000000   16
289.50000000000000000000   15
289.60000000000000000000   17
289.70000000000000000000   16
289.80000000000000000000   16
289.90000000000000000000   15
290.00000000000000000000   16
290.10000000000000000000   16
290.20000000000000000000   14
290.30000000000000000000   14
290.40000000000000000000   11
290.50000000000000000000   12
290.60000000000000000000   13
290.70000000000000000000   14
290.80000000000000000000   14
290.90000000000000000000   14
291.00000000000000000000   13
291.10000000000000000000   14
291.20000000000000000000   15
291.30000000000000000000   15
291.40000000000000000000   12
291.50000000000000000000   15
291.60000000000000000000   14
291.70000000000000000000   14
291.80000000000000000000   14
291.90000000000000000000   15
292.00000000000000000000   11
292.10000000000000000000   17
292.20000000000000000000   13
292.30000000000000000000   16
292.40000000000000000000   17
292.50000000000000000000   15
292.60000000000000000000   14
292.70000000000000000000   13
292.80000000000000000000   12
292.90000000000000000000   13
293.00000000000000000000   13
293.10000000000000000000   11
293.20000000000000000000   11
293.30000000000000000000   17
293.40000000000000000000   14
293.50000000000000000000   17
293.60000000000000000000   15
293.70000000000000000000   17
293.80000000000000000000   14
293.90000000000000000000   15
294.00000000000000000000   13
294.10000000000000000000   14
294.20000000000000000000   16
294.30000000000000000000   15
294.40000000000000000000   13
294.50000000000000000000   17
294.60000000000000000000   16
294.70000000000000000000   20
294.80000000000000000000   23
294.90000000000000000000   20
295.00000000000000000000   21
295.10000000000000000000   20
295.20000000000000000000   18
295.30000000000000000000   17
295.40000000000000000000   17
295.50000000000000000000   18
295.60000000000000000000   14
295.70000000000000000000   14
295.80000000000000000000   20
295.90000000000000000000   17
296.00000000000000000000   18
296.10000000000000000000   17
296.20000000000000000000   14
296.30000000000000000000   13
296.40000000000000000000   14
296.50000000000000000000   16
296.60000000000000000000   20
296.70000000000000000000   13
296.80000000000000000000   17
296.90000000000000000000   15
297.00000000000000000000   16
297.10000000000000000000   14
297.20000000000000000000   15
297.30000000000000000000   17
297.40000000000000000000   14
297.50000000000000000000   12
297.60000000000000000000   14
297.70000000000000000000   12
297.80000000000000000000   16
297.90000000000000000000   16
298.00000000000000000000   16
298.10000000000000000000   13
298.20000000000000000000   15
298.30000000000000000000   14
298.40000000000000000000   12
298.50000000000000000000   13
298.60000000000000000000   12
298.70000000000000000000   13
298.80000000000000000000   15
298.90000000000000000000   14
299.00000000000000000000   15
299.10000000000000000000   12
299.20000000000000000000   14
299.30000000000000000000   15
299.40000000000000000000   15
299.50000000000000000000   15
299.60000000000000000000   14
299.70000000000000000000   15
299.80000000000000000000   13
299.90000000000000000000   13
300.00000000000000000000   17
300.10000000000000000000   15
300.20000000000000000000   14
300.30000000000000000000   14
300.40000000000000000000   13
300.50000000000000000000   16
300.60000000000000000000   13
300.70000000000000000000   13
300.80000000000000000000   13
300.90000000000000000000   14
301.00000000000000000000   12
301.10000000000000000000   13
301.20000000000000000000   13
301.30000000000000000000   14
301.40000000000000000000   13
301.50000000000000000000   14
301.60000000000000000000   13
301.70000000000000000000   11
301.80000000000000000000   13
301.90000000000000000000   13
302.00000000000000000000   16
302.10000000000000000000   16
302.20000000000000000000   16
302.30000000000000000000   13
302.40000000000000000000   16
302.50000000000000000000   14
302.60000000000000000000   14
302.70000000000000000000   12
302.80000000000000000000   12
302.90000000000000000000   15
303.00000000000000000000   15
303.10000000000000000000   14
303.20000000000000000000   12
303.30000000000000000000   13
303.40000000000000000000   13
303.50000000000000000000   14
303.60000000000000000000   14
303.70000000000000000000   13
303.80000000000000000000   14
303.90000000000000000000   15
304.00000000000000000000   15
304.10000000000000000000   16
304.20000000000000000000   16
304.30000000000000000000   17
304.40000000000000000000   14
304.50000000000000000000   17
304.60000000000000000000   13
304.70000000000000000000   14
304.80000000000000000000   15
304.90000000000000000000   17
305.00000000000000000000   17
305.10000000000000000000   18
305.20000000000000000000   21
305.30000000000000000000   17
305.40000000000000000000   17
305.50000000000000000000   19
305.60000000000000000000   18
305.70000000000000000000   15
305.80000000000000000000   19
305.90000000000000000000   17
306.00000000000000000000   15
306.10000000000000000000   13
306.20000000000000000000   15
306.30000000000000000000   15
306.40000000000000000000   14
306.50000000000000000000   14
306.60000000000000000000   19
306.70000000000000000000   14
306.80000000000000000000   16
306.90000000000000000000   15
307.00000000000000000000   16
307.10000000000000000000   17
307.20000000000000000000   19
307.30000000000000000000   19
307.40000000000000000000   18
307.50000000000000000000   16
307.60000000000000000000   16
307.70000000000000000000   16
307.80000000000000000000   15
307.90000000000000000000   18
308.00000000000000000000   16
308.10000000000000000000   16
308.20000000000000000000   17
308.30000000000000000000   17
308.40000000000000000000   19
308.50000000000000000000   20
308.60000000000000000000   19
308.70000000000000000000   16
308.80000000000000000000   16
308.90000000000000000000   15
309.00000000000000000000   16
309.10000000000000000000   18
309.20000000000000000000   18
309.30000000000000000000   19
309.40000000000000000000   22
309.50000000000000000000   18
309.60000000000000000000   22
309.70000000000000000000   22
309.80000000000000000000   20
309.90000000000000000000   17
310.00000000000000000000   18
310.10000000000000000000   21
310.20000000000000000000   16
310.30000000000000000000   18
310.40000000000000000000   19
310.50000000000000000000   16
310.60000000000000000000   17
310.70000000000000000000   18
310.80000000000000000000   17
310.90000000000000000000   16
311.00000000000000000000   18
311.10000000000000000000   20
311.20000000000000000000   18
311.30000000000000000000   20
311.40000000000000000000   23
311.50000000000000000000   22
311.60000000000000000000   20
311.70000000000000000000   19
311.80000000000000000000   16
311.90000000000000000000   19
312.00000000000000000000   17
312.10000000000000000000   19
312.20000000000000000000   19
312.30000000000000000000   19
312.40000000000000000000   18
312.50000000000000000000   18
312.60000000000000000000   16
312.70000000000000000000   15
312.80000000000000000000   17
312.90000000000000000000   17
313.00000000000000000000   16
313.10000000000000000000   15
313.20000000000000000000   17
313.30000000000000000000   16
313.40000000000000000000   19
313.50000000000000000000   19
313.60000000000000000000   21
313.70000000000000000000   21
313.80000000000000000000   21
313.90000000000000000000   19
314.00000000000000000000   21
314.10000000000000000000   20
314.20000000000000000000   17
314.30000000000000000000   16
314.40000000000000000000   16
314.50000000000000000000   16
314.60000000000000000000   17
314.70000000000000000000   14
314.80000000000000000000   19
314.90000000000000000000   15
315.00000000000000000000   17
315.10000000000000000000   15
315.20000000000000000000   20
315.30000000000000000000   17
315.40000000000000000000   18
315.50000000000000000000   19
315.60000000000000000000   18
315.70000000000000000000   16
315.80000000000000000000   16
315.90000000000000000000   20
316.00000000000000000000   15
316.10000000000000000000   19
316.20000000000000000000   19
316.30000000000000000000   17
316.40000000000000000000   16
316.50000000000000000000   17
316.60000000000000000000   17
316.70000000000000000000   18
316.80000000000000000000   19
316.90000000000000000000   15
317.00000000000000000000   13
317.10000000000000000000   13
317.20000000000000000000   14
317.30000000000000000000   14
317.40000000000000000000   15
317.50000000000000000000   16
317.60000000000000000000   14
317.70000000000000000000   14
317.80000000000000000000   14
317.90000000000000000000   13
318.00000000000000000000   13
318.10000000000000000000   13
318.20000000000000000000   12
318.30000000000000000000   12
318.40000000000000000000   12
318.50000000000000000000   14
318.60000000000000000000   13
318.70000000000000000000   12
318.80000000000000000000   13
318.90000000000000000000   12
319.00000000000000000000   12
319.10000000000000000000   12
319.20000000000000000000   12
319.30000000000000000000   14
319.40000000000000000000   13
319.50000000000000000000   15
319.60000000000000000000   14
319.70000000000000000000   15
319.80000000000000000000   16
319.90000000000000000000   16
320.00000000000000000000   18
320.10000000000000000000   16
320.20000000000000000000   12
320.30000000000000000000   17
320.40000000000000000000   14
320.50000000000000000000   12
320.60000000000000000000   17
320.70000000000000000000   14
320.80000000000000000000   16
320.90000000000000000000   17
321.00000000000000000000   15
321.10000000000000000000   14
321.20000000000000000000   15
321.30000000000000000000   14
321.40000000000000000000   16
321.50000000000000000000   16
321.60000000000000000000   14
321.70000000000000000000   13
321.80000000000000000000   11
321.90000000000000000000   18
322.00000000000000000000   18
322.10000000000000000000   15
322.20000000000000000000   18
322.30000000000000000000   12
322.40000000000000000000   13
322.50000000000000000000   11
322.60000000000000000000   18
322.70000000000000000000   18
322.80000000000000000000   19
322.90000000000000000000   17
323.00000000000000000000   19
323.10000000000000000000   18
323.20000000000000000000   18
323.30000000000000000000   17
323.40000000000000000000   14
323.50000000000000000000   16
323.60000000000000000000   12
323.70000000000000000000   18
323.80000000000000000000   20
323.90000000000000000000   19
324.00000000000000000000   15
324.10000000000000000000   15
324.20000000000000000000   15
324.30000000000000000000   15
324.40000000000000000000   10
324.50000000000000000000   13
324.60000000000000000000   14
324.70000000000000000000   12
324.80000000000000000000   17
324.90000000000000000000   14
325.00000000000000000000   11
325.10000000000000000000   10
325.20000000000000000000   8
325.30000000000000000000   8
325.40000000000000000000   8
325.50000000000000000000   7
325.60000000000000000000   10
325.70000000000000000000   12
325.80000000000000000000   8
325.90000000000000000000   10
326.00000000000000000000   12
326.10000000000000000000   9
326.20000000000000000000   9
326.30000000000000000000   9
326.40000000000000000000   9
326.50000000000000000000   10
326.60000000000000000000   10
326.70000000000000000000   11
326.80000000000000000000   10
326.90000000000000000000   12
327.00000000000000000000   8
327.10000000000000000000   9
327.20000000000000000000   10
327.30000000000000000000   9
327.40000000000000000000   11
327.50000000000000000000   10
327.60000000000000000000   9
327.70000000000000000000   9
327.80000000000000000000   10
327.90000000000000000000   9
328.00000000000000000000   9
328.10000000000000000000   9
328.20000000000000000000   12
328.30000000000000000000   8
328.40000000000000000000   8
328.50000000000000000000   8
328.60000000000000000000   10
328.70000000000000000000   9
328.80000000000000000000   9
328.90000000000000000000   9
329.00000000000000000000   9
329.10000000000000000000   8
329.20000000000000000000   8
329.30000000000000000000   8
329.40000000000000000000   8
329.50000000000000000000   5
329.60000000000000000000   8
329.70000000000000000000   10
329.80000000000000000000   8
329.90000000000000000000   10
330.00000000000000000000   9
330.10000000000000000000   10
330.20000000000000000000   10
330.30000000000000000000   13
330.40000000000000000000   12
330.50000000000000000000   11
330.60000000000000000000   11
330.70000000000000000000   10
330.80000000000000000000   11
330.90000000000000000000   8
331.00000000000000000000   9
331.10000000000000000000   10
331.20000000000000000000   10
331.30000000000000000000   10
331.40000000000000000000   10
331.50000000000000000000   10
331.60000000000000000000   10
331.70000000000000000000   6
331.80000000000000000000   7
331.90000000000000000000   9
332.00000000000000000000   8
332.10000000000000000000   8
332.20000000000000000000   9
332.30000000000000000000   10
332.40000000000000000000   9
332.50000000000000000000   9
332.60000000000000000000   9
332.70000000000000000000   11
332.80000000000000000000   9
332.90000000000000000000   9
333.00000000000000000000   10
333.10000000000000000000   11
333.20000000000000000000   7
333.30000000000000000000   6
333.40000000000000000000   6
333.50000000000000000000   7
333.60000000000000000000   7
333.70000000000000000000   9
333.80000000000000000000   8
333.90000000000000000000   7
334.00000000000000000000   11
334.10000000000000000000   11
334.20000000000000000000   6
334.30000000000000000000   11
334.40000000000000000000   8
334.50000000000000000000   7
334.60000000000000000000   9
334.70000000000000000000   11
334.80000000000000000000   6
334.90000000000000000000   7
335.00000000000000000000   11
335.10000000000000000000   9
335.20000000000000000000   8
335.30000000000000000000   9
335.40000000000000000000   8
335.50000000000000000000   8
335.60000000000000000000   6
335.70000000000000000000   9
335.80000000000000000000   1
335.90000000000000000000   3
336.00000000000000000000   7
336.10000000000000000000   6
336.20000000000000000000   4
336.30000000000000000000   10
336.40000000000000000000   7
336.50000000000000000000   6
336.60000000000000000000   5
336.70000000000000000000   6
336.80000000000000000000   4
336.90000000000000000000   5
337.00000000000000000000   5
337.10000000000000000000   6
337.20000000000000000000   5
337.30000000000000000000   6
337.40000000000000000000   10
337.50000000000000000000   7
337.60000000000000000000   3
337.70000000000000000000   4
337.80000000000000000000   6
337.90000000000000000000   5
338.00000000000000000000   7
338.10000000000000000000   11
338.20000000000000000000   9
338.30000000000000000000   12
338.40000000000000000000   12
338.50000000000000000000   10
338.60000000000000000000   6
338.70000000000000000000   7
338.80000000000000000000   7
338.90000000000000000000   9
339.00000000000000000000   9
339.10000000000000000000   18
339.20000000000000000000   13
339.30000000000000000000   14
339.40000000000000000000   12
339.50000000000000000000   18
339.60000000000000000000   16
339.70000000000000000000   10
339.80000000000000000000   8
339.90000000000000000000   9
340.00000000000000000000   6
340.10000000000000000000   6
340.20000000000000000000   7
340.30000000000000000000   2
340.40000000000000000000   1
340.50000000000000000000   2
340.60000000000000000000   5
340.70000000000000000000   6
340.80000000000000000000   6
340.90000000000000000000   6
341.00000000000000000000   5
341.10000000000000000000   5
341.20000000000000000000   5
341.30000000000000000000   6
341.40000000000000000000   6
341.50000000000000000000   11
341.60000000000000000000   12
341.70000000000000000000   9
341.80000000000000000000   9
341.90000000000000000000   12
342.00000000000000000000   9
342.10000000000000000000   13
342.20000000000000000000   10
342.30000000000000000000   10
342.40000000000000000000   11
342.50000000000000000000   10
342.60000000000000000000   9
342.70000000000000000000   9
342.80000000000000000000   8
342.90000000000000000000   9
343.00000000000000000000   7
343.10000000000000000000   9
343.20000000000000000000   7
343.30000000000000000000   3
343.40000000000000000000   1
343.50000000000000000000   3
343.60000000000000000000   3
343.70000000000000000000   6
343.80000000000000000000   7
343.90000000000000000000   6
344.00000000000000000000   6
344.10000000000000000000   3
344.20000000000000000000   5
344.30000000000000000000   5
344.40000000000000000000   6
344.50000000000000000000   7
344.60000000000000000000   6
344.70000000000000000000   12
344.80000000000000000000   9
344.90000000000000000000   8
345.00000000000000000000   10
345.10000000000000000000   13
345.20000000000000000000   4
345.30000000000000000000   5
345.40000000000000000000   6
345.50000000000000000000   6
345.60000000000000000000   7
345.70000000000000000000   8
345.80000000000000000000   11
345.90000000000000000000   5
346.00000000000000000000   6
346.10000000000000000000   7
346.20000000000000000000   9
346.30000000000000000000   8
346.40000000000000000000   10
346.50000000000000000000   12
346.60000000000000000000   7
346.70000000000000000000   10
346.80000000000000000000   10
346.90000000000000000000   8
347.00000000000000000000   10
347.10000000000000000000   6
347.20000000000000000000   4
347.30000000000000000000   8
347.40000000000000000000   5
347.50000000000000000000   5
347.60000000000000000000   10
347.70000000000000000000   12
347.80000000000000000000   12
347.90000000000000000000   18
348.00000000000000000000   13
348.10000000000000000000   17
348.20000000000000000000   14
348.30000000000000000000   10
348.40000000000000000000   11
348.50000000000000000000   11
348.60000000000000000000   18
348.70000000000000000000   14
348.80000000000000000000   16
348.90000000000000000000   16
349.00000000000000000000   12
349.10000000000000000000   13
349.20000000000000000000   12
349.30000000000000000000   6
349.40000000000000000000   7
349.50000000000000000000   9
349.60000000000000000000   10
349.70000000000000000000   10
349.80000000000000000000   12
349.90000000000000000000   10
350.00000000000000000000   11
350.10000000000000000000   8
350.20000000000000000000   10
350.30000000000000000000   9
350.40000000000000000000   9
350.50000000000000000000   5
350.60000000000000000000   5
350.70000000000000000000   3
350.80000000000000000000   10
350.90000000000000000000   10
351.00000000000000000000   10
351.10000000000000000000   5
351.20000000000000000000   5
351.30000000000000000000   7
351.40000000000000000000   13
351.50000000000000000000   8
351.60000000000000000000   10
351.70000000000000000000   8
351.80000000000000000000   5
351.90000000000000000000   8
352.00000000000000000000   10
352.10000000000000000000   11
352.20000000000000000000   9
352.30000000000000000000   9
352.40000000000000000000   9
352.50000000000000000000   8
352.60000000000000000000   7
352.70000000000000000000   11
352.80000000000000000000   7
352.90000000000000000000   9
353.00000000000000000000   11
353.10000000000000000000   11
353.20000000000000000000   6
353.30000000000000000000   9
353.40000000000000000000   7
353.50000000000000000000   9
353.60000000000000000000   8
353.70000000000000000000   12
353.80000000000000000000   8
353.90000000000000000000   6
354.00000000000000000000   10
354.10000000000000000000   7
354.20000000000000000000   6
354.30000000000000000000   7
354.40000000000000000000   6
354.50000000000000000000   6
354.60000000000000000000   9
354.70000000000000000000   11
354.80000000000000000000   4
354.90000000000000000000   10
355.00000000000000000000   6
355.10000000000000000000   7
355.20000000000000000000   10
355.30000000000000000000   9
355.40000000000000000000   5
355.50000000000000000000   3
355.60000000000000000000   5
355.70000000000000000000   7
355.80000000000000000000   9
355.90000000000000000000   8
356.00000000000000000000   7
356.10000000000000000000   8
356.20000000000000000000   8
356.30000000000000000000   4
356.40000000000000000000   5
356.50000000000000000000   8
356.60000000000000000000   7
356.70000000000000000000   7
356.80000000000000000000   6
356.90000000000000000000   10
357.00000000000000000000   10
357.10000000000000000000   11
357.20000000000000000000   10
357.30000000000000000000   9
357.40000000000000000000   10
357.50000000000000000000   13
357.60000000000000000000   12
357.70000000000000000000   14
357.80000000000000000000   15
357.90000000000000000000   12
358.00000000000000000000   13
358.10000000000000000000   8
358.20000000000000000000   10
358.30000000000000000000   10
358.40000000000000000000   10
358.50000000000000000000   13
358.60000000000000000000   11
358.70000000000000000000   10
358.80000000000000000000   12
358.90000000000000000000   11
359.00000000000000000000   10
359.10000000000000000000   11
359.20000000000000000000   8
359.30000000000000000000   7
359.40000000000000000000   8
359.50000000000000000000   11
359.60000000000000000000   15
359.70000000000000000000   13
359.80000000000000000000   12
359.90000000000000000000   12
360.00000000000000000000   11
360.10000000000000000000   12
360.20000000000000000000   15
360.30000000000000000000   16
360.40000000000000000000   15
360.50000000000000000000   18
360.60000000000000000000   15
360.70000000000000000000   14
360.80000000000000000000   13
360.90000000000000000000   12
361.00000000000000000000   14
361.10000000000000000000   18
361.20000000000000000000   15
361.30000000000000000000   13
361.40000000000000000000   17
361.50000000000000000000   21
361.60000000000000000000   17
361.70000000000000000000   20
361.80000000000000000000   18
361.90000000000000000000   14
362.00000000000000000000   14
362.10000000000000000000   16
362.20000000000000000000   18
362.30000000000000000000   13
362.40000000000000000000   11
362.50000000000000000000   15
362.60000000000000000000   14
362.70000000000000000000   14
362.80000000000000000000   13
362.90000000000000000000   11
363.00000000000000000000   12
363.10000000000000000000   14
363.20000000000000000000   14
363.30000000000000000000   8
363.40000000000000000000   9
363.50000000000000000000   9
363.60000000000000000000   14
363.70000000000000000000   10
363.80000000000000000000   11
363.90000000000000000000   13
364.00000000000000000000   9
364.10000000000000000000   9
364.20000000000000000000   11
364.30000000000000000000   12
364.40000000000000000000   10
364.50000000000000000000   8
364.60000000000000000000   6
364.70000000000000000000   9
364.80000000000000000000   14
364.90000000000000000000   15
365.00000000000000000000   12
365.10000000000000000000   16
365.20000000000000000000   14
365.30000000000000000000   13
365.40000000000000000000   15
365.50000000000000000000   9
365.60000000000000000000   12
365.70000000000000000000   8
365.80000000000000000000   7
365.90000000000000000000   7
366.00000000000000000000   6
366.10000000000000000000   9
366.20000000000000000000   10
366.30000000000000000000   11
366.40000000000000000000   10
366.50000000000000000000   10
366.60000000000000000000   17
366.70000000000000000000   15
366.80000000000000000000   16
366.90000000000000000000   12
367.00000000000000000000   14
367.10000000000000000000   19
367.20000000000000000000   21
367.30000000000000000000   13
367.40000000000000000000   12
367.50000000000000000000   9
367.60000000000000000000   14
367.70000000000000000000   12
367.80000000000000000000   14
367.90000000000000000000   13
368.00000000000000000000   15
368.10000000000000000000   13
368.20000000000000000000   14
368.30000000000000000000   13
368.40000000000000000000   17
368.50000000000000000000   20
368.60000000000000000000   13
368.70000000000000000000   16
368.80000000000000000000   13
368.90000000000000000000   14
369.00000000000000000000   17
369.10000000000000000000   16
369.20000000000000000000   19
369.30000000000000000000   17
369.40000000000000000000   21
369.50000000000000000000   20
369.60000000000000000000   16
369.70000000000000000000   16
369.80000000000000000000   16
369.90000000000000000000   19
370.00000000000000000000   14
370.10000000000000000000   13
370.20000000000000000000   14
370.30000000000000000000   14
370.40000000000000000000   13
370.50000000000000000000   16
370.60000000000000000000   13
370.70000000000000000000   12
370.80000000000000000000   10
370.90000000000000000000   10
371.00000000000000000000   16
371.10000000000000000000   10
371.20000000000000000000   11
371.30000000000000000000   10
371.40000000000000000000   11
371.50000000000000000000   15
371.60000000000000000000   10
371.70000000000000000000   10
371.80000000000000000000   7
371.90000000000000000000   8
372.00000000000000000000   10
372.10000000000000000000   8
372.20000000000000000000   5
372.30000000000000000000   7
372.40000000000000000000   6
372.50000000000000000000   6
372.60000000000000000000   6
372.70000000000000000000   9
372.80000000000000000000   6
372.90000000000000000000   8
373.00000000000000000000   7
373.10000000000000000000   10
373.20000000000000000000   7
373.30000000000000000000   10
373.40000000000000000000   10
373.50000000000000000000   8
373.60000000000000000000   7
373.70000000000000000000   8
373.80000000000000000000   8
373.90000000000000000000   5
374.00000000000000000000   10
374.10000000000000000000   11
374.20000000000000000000   10
374.30000000000000000000   4
374.40000000000000000000   8
374.50000000000000000000   10
374.60000000000000000000   9
374.70000000000000000000   8
374.80000000000000000000   13
374.90000000000000000000   10
375.00000000000000000000   13
375.10000000000000000000   8
375.20000000000000000000   11
375.30000000000000000000   13
375.40000000000000000000   13
375.50000000000000000000   12
375.60000000000000000000   8
375.70000000000000000000   7
375.80000000000000000000   6
375.90000000000000000000   6
376.00000000000000000000   12
376.10000000000000000000   5
376.20000000000000000000   9
376.30000000000000000000   6
376.40000000000000000000   12
376.50000000000000000000   11
376.60000000000000000000   7
376.70000000000000000000   4
376.80000000000000000000   3
376.90000000000000000000   3
377.00000000000000000000   5
377.10000000000000000000   7
377.20000000000000000000   7
377.30000000000000000000   13
377.40000000000000000000   10
377.50000000000000000000   5
377.60000000000000000000   10
377.70000000000000000000   10
377.80000000000000000000   11
377.90000000000000000000   10
378.00000000000000000000   5
378.10000000000000000000   10
378.20000000000000000000   9
378.30000000000000000000   6
378.40000000000000000000   5
378.50000000000000000000   10
378.60000000000000000000   10
378.70000000000000000000   11
378.80000000000000000000   13
378.90000000000000000000   10
379.00000000000000000000   10
379.10000000000000000000   9
379.20000000000000000000   10
379.30000000000000000000   13
379.40000000000000000000   14
379.50000000000000000000   14
379.60000000000000000000   13
379.70000000000000000000   14
379.80000000000000000000   15
379.90000000000000000000   10
380.00000000000000000000   10
380.10000000000000000000   13
380.20000000000000000000   12
380.30000000000000000000   15
380.40000000000000000000   13
380.50000000000000000000   10
380.60000000000000000000   13
380.70000000000000000000   12
380.80000000000000000000   13
380.90000000000000000000   11
381.00000000000000000000   9
381.10000000000000000000   10
381.20000000000000000000   9
381.30000000000000000000   7
381.40000000000000000000   12
381.50000000000000000000   10
381.60000000000000000000   11
381.70000000000000000000   11
381.80000000000000000000   5
381.90000000000000000000   5
382.00000000000000000000   6
382.10000000000000000000   5
382.20000000000000000000   9
382.30000000000000000000   10
382.40000000000000000000   15
382.50000000000000000000   15
382.60000000000000000000   13
382.70000000000000000000   15
382.80000000000000000000   12
382.90000000000000000000   13
383.00000000000000000000   14
383.10000000000000000000   13
383.20000000000000000000   15
383.30000000000000000000   16
383.40000000000000000000   16
383.50000000000000000000   11
383.60000000000000000000   12
383.70000000000000000000   7
383.80000000000000000000   10
383.90000000000000000000   11
384.00000000000000000000   16
384.10000000000000000000   15
384.20000000000000000000   14
384.30000000000000000000   12
384.40000000000000000000   17
384.50000000000000000000   16
384.60000000000000000000   15
384.70000000000000000000   13
384.80000000000000000000   15
384.90000000000000000000   16
385.00000000000000000000   15
385.10000000000000000000   9
385.20000000000000000000   14
385.30000000000000000000   13
385.40000000000000000000   11
385.50000000000000000000   13
385.60000000000000000000   12
385.70000000000000000000   10
385.80000000000000000000   12
385.90000000000000000000   10
386.00000000000000000000   10
386.10000000000000000000   9
386.20000000000000000000   11
386.30000000000000000000   8
386.40000000000000000000   11
386.50000000000000000000   13
386.60000000000000000000   13
386.70000000000000000000   13
386.80000000000000000000   13
386.90000000000000000000   14
387.00000000000000000000   15
387.10000000000000000000   14
387.20000000000000000000   13
387.30000000000000000000   11
387.40000000000000000000   12
387.50000000000000000000   14
387.60000000000000000000   12
387.70000000000000000000   11
387.80000000000000000000   12
387.90000000000000000000   12
388.00000000000000000000   11
388.10000000000000000000   11
388.20000000000000000000   11
388.30000000000000000000   10
388.40000000000000000000   9
388.50000000000000000000   11
388.60000000000000000000   8
388.70000000000000000000   9
388.80000000000000000000   7
388.90000000000000000000   10
389.00000000000000000000   7
389.10000000000000000000   8
389.20000000000000000000   8
389.30000000000000000000   9
389.40000000000000000000   7
389.50000000000000000000   9
389.60000000000000000000   9
389.70000000000000000000   9
389.80000000000000000000   8
389.90000000000000000000   11
390.00000000000000000000   11
390.10000000000000000000   11
390.20000000000000000000   10
390.30000000000000000000   4
390.40000000000000000000   4
390.50000000000000000000   11
390.60000000000000000000   7
390.70000000000000000000   8
390.80000000000000000000   8
390.90000000000000000000   9
391.00000000000000000000   12
391.10000000000000000000   6
391.20000000000000000000   7
391.30000000000000000000   4
391.40000000000000000000   17
391.50000000000000000000   14
391.60000000000000000000   12
391.70000000000000000000   9
391.80000000000000000000   10
391.90000000000000000000   13
392.00000000000000000000   10
392.10000000000000000000   11
392.20000000000000000000   10
392.30000000000000000000   14
392.40000000000000000000   13
392.50000000000000000000   12
392.60000000000000000000   13
392.70000000000000000000   13
392.80000000000000000000   13
392.90000000000000000000   14
393.00000000000000000000   14
393.10000000000000000000   12
393.20000000000000000000   10
393.30000000000000000000   13
393.40000000000000000000   16
393.50000000000000000000   15
393.60000000000000000000   12
393.70000000000000000000   12
393.80000000000000000000   10
393.90000000000000000000   9
394.00000000000000000000   11
394.10000000000000000000   8
394.20000000000000000000   14
394.30000000000000000000   12
394.40000000000000000000   15
394.50000000000000000000   19
394.60000000000000000000   13
394.70000000000000000000   17
394.80000000000000000000   13
394.90000000000000000000   10
395.00000000000000000000   14
395.10000000000000000000   9
395.20000000000000000000   7
395.30000000000000000000   9
395.40000000000000000000   10
395.50000000000000000000   11
395.60000000000000000000   11
395.70000000000000000000   9
395.80000000000000000000   11
395.90000000000000000000   9
396.00000000000000000000   13
396.10000000000000000000   13
396.20000000000000000000   8
396.30000000000000000000   17
396.40000000000000000000   13
396.50000000000000000000   13
396.60000000000000000000   16
396.70000000000000000000   13
396.80000000000000000000   13
396.90000000000000000000   13
397.00000000000000000000   13
397.10000000000000000000   12
397.20000000000000000000   12
397.30000000000000000000   14
397.40000000000000000000   16
397.50000000000000000000   14
397.60000000000000000000   10
397.70000000000000000000   13
397.80000000000000000000   12
397.90000000000000000000   7
398.00000000000000000000   9
398.10000000000000000000   13
398.20000000000000000000   8
398.30000000000000000000   15
398.40000000000000000000   10
398.50000000000000000000   9
398.60000000000000000000   12
398.70000000000000000000   9
398.80000000000000000000   11
398.90000000000000000000   12
399.00000000000000000000   9
399.10000000000000000000   13
399.20000000000000000000   8
399.30000000000000000000   10
399.40000000000000000000   11
399.50000000000000000000   13
399.60000000000000000000   11
399.70000000000000000000   8
