200.00000000000000000000   15
200.10000000000000000000   18
200.20000000000000000000   17
200.30000000000000000000   15
200.40000000000000000000   16
200.50000000000000000000   18
200.60000000000000000000   11
200.70000000000000000000   10
200.80000000000000000000   17
200.90000000000000000000   17
201.00000000000000000000   13
201.10000000000000000000   15
201.20000000000000000000   15
201.30000000000000000000   14
201.40000000000000000000   14
201.50000000000000000000   12
201.60000000000000000000   16
201.70000000000000000000   15
201.80000000000000000000   13
201.90000000000000000000   15
202.00000000000000000000   13
202.10000000000000000000   14
202.20000000000000000000   18
202.30000000000000000000   17
202.40000000000000000000   18
202.50000000000000000000   13
202.60000000000000000000   10
202.70000000000000000000   16
202.80000000000000000000   16
202.90000000000000000000   18
203.00000000000000000000   14
203.10000000000000000000   14
203.20000000000000000000   18
203.30000000000000000000   15
203.40000000000000000000   16
203.50000000000000000000   15
203.60000000000000000000   21
203.70000000000000000000   14
203.80000000000000000000   17
203.90000000000000000000   13
204.00000000000000000000   16
204.10000000000000000000   21
204.20000000000000000000   18
204.30000000000000000000   21
204.40000000000000000000   22
204.50000000000000000000   16
204.60000000000000000000   17
204.70000000000000000000   22
204.80000000000000000000   18
204.90000000000000000000   22
205.00000000000000000000   13
205.10000000000000000000   18
205.20000000000000000000   22
205.30000000000000000000   20
205.40000000000000000000   21
205.50000000000000000000   19
205.60000000000000000000   14
205.70000000000000000000   16
205.80000000000000000000   12
205.90000000000000000000   10
206.00000000000000000000   10
206.10000000000000000000   10
206.20000000000000000000   18
206.30000000000000000000   17
206.40000000000000000000   21
206.50000000000000000000   20
206.60000000000000000000   18
206.70000000000000000000   19
206.80000000000000000000   22
206.90000000000000000000   20
207.00000000000000000000   21
207.10000000000000000000   18
207.20000000000000000000   16
207.30000000000000000000   18
207.40000000000000000000   17
207.50000000000000000000   20
207.60000000000000000000   19
207.70000000000000000000   19
207.80000000000000000000   18
207.90000000000000000000   19
208.00000000000000000000   18
208.10000000000000000000   17
208.20000000000000000000   13
208.30000000000000000000   17
208.40000000000000000000   20
208.50000000000000000000   18
208.60000000000000000000   17
208.70000000000000000000   17
208.80000000000000000000   17
208.90000000000000000000   20
209.00000000000000000000   20
209.10000000000000000000   21
209.20000000000000000000   17
209.30000000000000000000   22
209.40000000000000000000   19
209.50000000000000000000   18
209.60000000000000000000   18
209.70000000000000000000   20
209.80000000000000000000   20
209.90000000000000000000   18
210.00000000000000000000   17
210.10000000000000000000   17
210.20000000000000000000   16
210.30000000000000000000   15
210.40000000000000000000   17
210.50000000000000000000   18
210.60000000000000000000   15
210.70000000000000000000   15
210.80000000000000000000   18
210.90000000000000000000   16
211.00000000000000000000   19
211.10000000000000000000   16
211.20000000000000000000   18
211.30000000000000000000   18
211.40000000000000000000   17
211.50000000000000000000   18
211.60000000000000000000   18
211.70000000000000000000   18
211.80000000000000000000   16
211.90000000000000000000   16
212.00000000000000000000   19
212.10000000000000000000   14
212.20000000000000000000   17
212.30000000000000000000   18
212.40000000000000000000   14
212.50000000000000000000   16
212.60000000000000000000   17
212.70000000000000000000   16
212.80000000000000000000   17
212.90000000000000000000   18
213.00000000000000000000   17
213.10000000000000000000   17
213.20000000000000000000   17
213.30000000000000000000   18
213.40000000000000000000   18
213.50000000000000000000   15
213.60000000000000000000   19
213.70000000000000000000   17
213.80000000000000000000   18
213.90000000000000000000   17
214.00000000000000000000   20
214.10000000000000000000   22
214.20000000000000000000   19
214.30000000000000000000   20
214.40000000000000000000   19
214.50000000000000000000   21
214.60000000000000000000   18
214.70000000000000000000   15
214.80000000000000000000   16
214.90000000000000000000   17
215.00000000000000000000   10
215.10000000000000000000   15
215.20000000000000000000   15
215.30000000000000000000   19
215.40000000000000000000   18
215.50000000000000000000   19
215.60000000000000000000   18
215.70000000000000000000   18
215.80000000000000000000   18
215.90000000000000000000   18
216.00000000000000000000   19
216.10000000000000000000   20
216.20000000000000000000   20
216.30000000000000000000   19
216.40000000000000000000   17
216.50000000000000000000   18
216.60000000000000000000   17
216.70000000000000000000   14
216.80000000000000000000   18
216.90000000000000000000   18
217.00000000000000000000   18
217.10000000000000000000   15
217.20000000000000000000   16
217.30000000000000000000   19
217.40000000000000000000   17
217.50000000000000000000   19
217.60000000000000000000   16
217.70000000000000000000   18
217.80000000000000000000   17
217.90000000000000000000   19
218.00000000000000000000   20
218.10000000000000000000   19
218.20000000000000000000   17
218.30000000000000000000   17
218.40000000000000000000   16
218.50000000000000000000   17
218.60000000000000000000   18
218.70000000000000000000   20
218.80000000000000000000   18
218.90000000000000000000   19
219.00000000000000000000   19
219.10000000000000000000   17
219.20000000000000000000   17
219.30000000000000000000   18
219.40000000000000000000   15
219.50000000000000000000   14
219.60000000000000000000   19
219.70000000000000000000   20
219.80000000000000000000   19
219.90000000000000000000   18
220.00000000000000000000   16
220.10000000000000000000   21
220.20000000000000000000   14
220.30000000000000000000   23
220.40000000000000000000   16
220.50000000000000000000   20
220.60000000000000000000   19
220.70000000000000000000   19
220.80000000000000000000   18
220.90000000000000000000   20
221.00000000000000000000   23
221.10000000000000000000   18
221.20000000000000000000   20
221.30000000000000000000   16
221.40000000000000000000   19
221.50000000000000000000   18
221.60000000000000000000   12
221.70000000000000000000   18
221.80000000000000000000   19
221.90000000000000000000   23
222.00000000000000000000   23
222.10000000000000000000   21
222.20000000000000000000   20
222.30000000000000000000   19
222.40000000000000000000   13
222.50000000000000000000   16
222.60000000000000000000   17
222.70000000000000000000   16
222.80000000000000000000   13
222.90000000000000000000   11
223.00000000000000000000   14
223.10000000000000000000   18
223.20000000000000000000   15
223.30000000000000000000   14
223.40000000000000000000   13
223.50000000000000000000   14
223.60000000000000000000   12
223.70000000000000000000   13
223.80000000000000000000   19
223.90000000000000000000   20
224.00000000000000000000   12
224.10000000000000000000   15
224.20000000000000000000   14
224.30000000000000000000   13
224.40000000000000000000   15
224.50000000000000000000   14
224.60000000000000000000   13
224.70000000000000000000   17
224.80000000000000000000   21
224.90000000000000000000   11
225.00000000000000000000   17
225.10000000000000000000   17
225.20000000000000000000   16
225.30000000000000000000   16
225.40000000000000000000   15
225.50000000000000000000   18
225.60000000000000000000   19
225.70000000000000000000   19
225.80000000000000000000   17
225.90000000000000000000   18
226.00000000000000000000   17
226.10000000000000000000   17
226.20000000000000000000   13
226.30000000000000000000   16
226.40000000000000000000   16
226.50000000000000000000   14
226.60000000000000000000   15
226.70000000000000000000   16
226.80000000000000000000   16
226.90000000000000000000   14
227.00000000000000000000   14
227.10000000000000000000   15
227.20000000000000000000   19
227.30000000000000000000   17
227.40000000000000000000   16
227.50000000000000000000   17
227.60000000000000000000   13
227.70000000000000000000   18
227.80000000000000000000   19
227.90000000000000000000   17
228.00000000000000000000   18
228.10000000000000000000   20
228.20000000000000000000   19
228.30000000000000000000   19
228.40000000000000000000   20
228.50000000000000000000   21
228.60000000000000000000   18
228.70000000000000000000   20
228.80000000000000000000   21
228.90000000000000000000   20
229.00000000000000000000   20
229.10000000000000000000   17
229.20000000000000000000   20
229.30000000000000000000   14
229.40000000000000000000   15
229.50000000000000000000   15
229.60000000000000000000   15
229.70000000000000000000   14
229.80000000000000000000   15
229.90000000000000000000   15
230.00000000000000000000   15
230.10000000000000000000   14
230.20000000000000000000   15
230.30000000000000000000   15
230.40000000000000000000   14
230.50000000000000000000   15
230.60000000000000000000   19
230.70000000000000000000   18
230.80000000000000000000   17
230.90000000000000000000   16
231.00000000000000000000   16
231.10000000000000000000   23
231.20000000000000000000   11
231.30000000000000000000   17
231.40000000000000000000   17
231.50000000000000000000   18
231.60000000000000000000   18
231.70000000000000000000   15
231.80000000000000000000   17
231.90000000000000000000   14
232.00000000000000000000   14
232.10000000000000000000   13
232.20000000000000000000   15
232.30000000000000000000   17
232.40000000000000000000   16
232.50000000000000000000   17
232.60000000000000000000   18
232.70000000000000000000   17
232.80000000000000000000   16
232.90000000000000000000   17
233.00000000000000000000   15
233.10000000000000000000   15
233.20000000000000000000   17
233.30000000000000000000   16
233.40000000000000000000   11
233.50000000000000000000   13
233.60000000000000000000   16
233.70000000000000000000   14
233.80000000000000000000   18
233.90000000000000000000   16
234.00000000000000000000   15
234.10000000000000000000   16
234.20000000000000000000   18
234.30000000000000000000   20
234.40000000000000000000   19
234.50000000000000000000   18
234.60000000000000000000   18
234.70000000000000000000   18
234.80000000000000000000   17
234.90000000000000000000   16
235.00000000000000000000   14
235.10000000000000000000   16
235.20000000000000000000   16
235.30000000000000000000   15
235.40000000000000000000   16
235.50000000000000000000   10
235.60000000000000000000   14
235.70000000000000000000   17
235.80000000000000000000   17
235.90000000000000000000   15
236.00000000000000000000   20
236.10000000000000000000   15
236.20000000000000000000   17
236.30000000000000000000   15
236.40000000000000000000   17
236.50000000000000000000   15
236.60000000000000000000   16
236.70000000000000000000   15
236.80000000000000000000   15
236.90000000000000000000   17
237.00000000000000000000   17
237.10000000000000000000   17
237.20000000000000000000   18
237.30000000000000000000   13
237.40000000000000000000   17
237.50000000000000000000   16
237.60000000000000000000   16
237.70000000000000000000   18
237.80000000000000000000   17
237.90000000000000000000   16
238.00000000000000000000   16
238.10000000000000000000   16
238.20000000000000000000   15
238.30000000000000000000   16
238.40000000000000000000   17
238.50000000000000000000   15
238.60000000000000000000   16
238.70000000000000000000   16
238.80000000000000000000   15
238.90000000000000000000   18
239.00000000000000000000   19
239.10000000000000000000   19
239.20000000000000000000   12
239.30000000000000000000   15
239.40000000000000000000   16
239.50000000000000000000   19
239.60000000000000000000   20
239.70000000000000000000   19
239.80000000000000000000   16
239.90000000000000000000   13
240.00000000000000000000   16
240.10000000000000000000   14
240.20000000000000000000   10
240.30000000000000000000   14
240.40000000000000000000   13
240.50000000000000000000   14
240.60000000000000000000   10
240.70000000000000000000   10
240.80000000000000000000   12
240.90000000000000000000   7
241.00000000000000000000   13
241.10000000000000000000   13
241.20000000000000000000   12
241.30000000000000000000   11
241.40000000000000000000   16
241.50000000000000000000   13
241.60000000000000000000   13
241.70000000000000000000   10
241.80000000000000000000   10
241.90000000000000000000   13
242.00000000000000000000   11
242.10000000000000000000   13
242.20000000000000000000   12
242.30000000000000000000   12
242.40000000000000000000   17
242.50000000000000000000   20
242.60000000000000000000   16
242.70000000000000000000   18
242.80000000000000000000   13
242.90000000000000000000   15
243.00000000000000000000   14
243.10000000000000000000   18
243.20000000000000000000   16
243.30000000000000000000   17
243.40000000000000000000   13
243.50000000000000000000   19
243.60000000000000000000   15
243.70000000000000000000   12
243.80000000000000000000   14
243.90000000000000000000   13
244.00000000000000000000   17
244.10000000000000000000   18
244.20000000000000000000   16
244.30000000000000000000   17
244.40000000000000000000   16
244.50000000000000000000   18
244.60000000000000000000   19
244.70000000000000000000   18
244.80000000000000000000   17
244.90000000000000000000   16
245.00000000000000000000   15
245.10000000000000000000   16
245.20000000000000000000   23
245.30000000000000000000   17
245.40000000000000000000   18
245.50000000000000000000   16
245.60000000000000000000   15
245.70000000000000000000   17
245.80000000000000000000   17
245.90000000000000000000   16
246.00000000000000000000   19
246.10000000000000000000   14
246.20000000000000000000   19
246.30000000000000000000   17
246.40000000000000000000   16
246.50000000000000000000   16
246.60000000000000000000   15
246.70000000000000000000   18
246.80000000000000000000   18
246.90000000000000000000   17
247.00000000000000000000   19
247.10000000000000000000   19
247.20000000000000000000   18
247.30000000000000000000   18
247.40000000000000000000   19
247.50000000000000000000   18
247.60000000000000000000   17
247.70000000000000000000   17
247.80000000000000000000   17
247.90000000000000000000   18
248.00000000000000000000   20
248.10000000000000000000   17
248.20000000000000000000   21
248.30000000000000000000   20
248.40000000000000000000   19
248.50000000000000000000   18
248.60000000000000000000   19
248.70000000000000000000   19
248.80000000000000000000   18
248.90000000000000000000   18
249.00000000000000000000   18
249.10000000000000000000   18
249.20000000000000000000   18
249.30000000000000000000   17
249.40000000000000000000   19
249.50000000000000000000   17
249.60000000000000000000   18
249.70000000000000000000   18
249.80000000000000000000   19
249.90000000000000000000   19
250.00000000000000000000   21
250.10000000000000000000   16
250.20000000000000000000   17
250.30000000000000000000   17
250.40000000000000000000   15
250.50000000000000000000   15
250.60000000000000000000   16
250.70000000000000000000   15
250.80000000000000000000   18
250.90000000000000000000   16
251.00000000000000000000   19
251.10000000000000000000   17
251.20000000000000000000   15
251.30000000000000000000   18
251.40000000000000000000   17
251.50000000000000000000   19
251.60000000000000000000   12
251.70000000000000000000   18
251.80000000000000000000   16
251.90000000000000000000   19
252.00000000000000000000   17
252.10000000000000000000   14
252.20000000000000000000   14
252.30000000000000000000   16
252.40000000000000000000   17
252.50000000000000000000   15
252.60000000000000000000   14
252.70000000000000000000   15
252.80000000000000000000   13
252.90000000000000000000   15
253.00000000000000000000   17
253.10000000000000000000   16
253.20000000000000000000   16
253.30000000000000000000   13
253.40000000000000000000   19
253.50000000000000000000   16
253.60000000000000000000   18
253.70000000000000000000   17
253.80000000000000000000   15
253.90000000000000000000   15
254.00000000000000000000   13
254.10000000000000000000   17
254.20000000000000000000   14
254.30000000000000000000   18
254.40000000000000000000   15
254.50000000000000000000   14
254.60000000000000000000   18
254.70000000000000000000   18
254.80000000000000000000   17
254.90000000000000000000   20
255.00000000000000000000   17
255.10000000000000000000   18
255.20000000000000000000   18
255.30000000000000000000   19
255.40000000000000000000   16
255.50000000000000000000   15
255.60000000000000000000   18
255.70000000000000000000   18
255.80000000000000000000   18
255.90000000000000000000   16
256.00000000000000000000   16
256.10000000000000000000   14
256.20000000000000000000   18
256.30000000000000000000   12
256.40000000000000000000   17
256.50000000000000000000   14
256.60000000000000000000   18
256.70000000000000000000   18
256.80000000000000000000   19
256.90000000000000000000   19
257.00000000000000000000   18
257.10000000000000000000   17
257.20000000000000000000   18
257.30000000000000000000   15
257.40000000000000000000   18
257.50000000000000000000   14
257.60000000000000000000   18
257.70000000000000000000   18
257.80000000000000000000   17
257.90000000000000000000   15
258.00000000000000000000   14
258.10000000000000000000   14
258.20000000000000000000   18
258.30000000000000000000   16
258.40000000000000000000   14
258.50000000000000000000   15
258.60000000000000000000   16
258.70000000000000000000   17
258.80000000000000000000   18
258.90000000000000000000   17
259.00000000000000000000   19
259.10000000000000000000   18
259.20000000000000000000   18
259.30000000000000000000   19
259.40000000000000000000   18
259.50000000000000000000   18
259.60000000000000000000   18
259.70000000000000000000   18
259.80000000000000000000   20
259.90000000000000000000   18
260.00000000000000000000   18
260.10000000000000000000   17
260.20000000000000000000   18
260.30000000000000000000   18
260.40000000000000000000   18
260.50000000000000000000   16
260.60000000000000000000   17
260.70000000000000000000   20
260.80000000000000000000   18
260.90000000000000000000   17
261.00000000000000000000   18
261.10000000000000000000   19
261.20000000000000000000   19
261.30000000000000000000   19
261.40000000000000000000   18
261.50000000000000000000   13
261.60000000000000000000   15
261.70000000000000000000   12
261.80000000000000000000   17
261.90000000000000000000   17
262.00000000000000000000   17
262.10000000000000000000   16
262.20000000000000000000   14
262.30000000000000000000   18
262.40000000000000000000   20
262.50000000000000000000   13
262.60000000000000000000   18
262.70000000000000000000   18
262.80000000000000000000   18
262.90000000000000000000   17
263.00000000000000000000   19
263.10000000000000000000   17
263.20000000000000000000   18
263.30000000000000000000   14
263.40000000000000000000   14
263.50000000000000000000   17
263.60000000000000000000   16
263.70000000000000000000   18
263.80000000000000000000   17
263.90000000000000000000   15
264.00000000000000000000   15
264.10000000000000000000   18
264.20000000000000000000   13
264.30000000000000000000   17
264.40000000000000000000   15
264.50000000000000000000   18
264.60000000000000000000   18
264.70000000000000000000   17
264.80000000000000000000   18
264.90000000000000000000   17
265.00000000000000000000   15
265.10000000000000000000   11
265.20000000000000000000   18
265.30000000000000000000   15
265.40000000000000000000   12
265.50000000000000000000   14
265.60000000000000000000   15
265.70000000000000000000   16
265.80000000000000000000   14
265.90000000000000000000   13
266.00000000000000000000   13
266.10000000000000000000   18
266.20000000000000000000   16
266.30000000000000000000   16
266.40000000000000000000   15
266.50000000000000000000   14
266.60000000000000000000   17
266.70000000000000000000   15
266.80000000000000000000   16
266.90000000000000000000   13
267.00000000000000000000   16
267.10000000000000000000   15
267.20000000000000000000   16
267.30000000000000000000   16
267.40000000000000000000   18
267.50000000000000000000   13
267.60000000000000000000   19
267.70000000000000000000   19
267.80000000000000000000   18
267.90000000000000000000   15
268.00000000000000000000   20
268.10000000000000000000   20
268.20000000000000000000   19
268.30000000000000000000   20
268.40000000000000000000   19
268.50000000000000000000   17
268.60000000000000000000   18
268.70000000000000000000   22
268.80000000000000000000   18
268.90000000000000000000   20
269.00000000000000000000   18
269.10000000000000000000   19
269.20000000000000000000   17
269.30000000000000000000   19
269.40000000000000000000   20
269.50000000000000000000   19
269.60000000000000000000   15
269.70000000000000000000   19
269.80000000000000000000   19
269.90000000000000000000   21
270.00000000000000000000   20
270.10000000000000000000   18
270.20000000000000000000   18
270.30000000000000000000   18
270.40000000000000000000   15
270.50000000000000000000   18
270.60000000000000000000   14
270.70000000000000000000   16
270.80000000000000000000   17
270.90000000000000000000   16
271.00000000000000000000   16
271.10000000000000000000   16
271.20000000000000000000   11
271.30000000000000000000   14
271.40000000000000000000   16
271.50000000000000000000   16
271.60000000000000000000   11
271.70000000000000000000   9
271.80000000000000000000   16
271.90000000000000000000   20
272.00000000000000000000   21
272.10000000000000000000   21
272.20000000000000000000   17
272.30000000000000000000   20
272.40000000000000000000   16
272.50000000000000000000   17
272.60000000000000000000   20
272.70000000000000000000   18
272.80000000000000000000   20
272.90000000000000000000   23
273.00000000000000000000   21
273.10000000000000000000   20
273.20000000000000000000   27
273.30000000000000000000   23
273.40000000000000000000   29
273.50000000000000000000   26
273.60000000000000000000   30
273.70000000000000000000   26
273.80000000000000000000   27
273.90000000000000000000   33
274.00000000000000000000   29
274.10000000000000000000   26
274.20000000000000000000   26
274.30000000000000000000   25
274.40000000000000000000   27
274.50000000000000000000   25
274.60000000000000000000   25
274.70000000000000000000   24
274.80000000000000000000   27
274.90000000000000000000   21
275.00000000000000000000   28
275.10000000000000000000   22
275.20000000000000000000   25
275.30000000000000000000   23
275.40000000000000000000   25
275.50000000000000000000   23
275.60000000000000000000   30
275.70000000000000000000   24
275.80000000000000000000   26
275.90000000000000000000   29
276.00000000000000000000   27
276.10000000000000000000   29
276.20000000000000000000   30
276.30000000000000000000   25
276.40000000000000000000   30
276.50000000000000000000   29
276.60000000000000000000   28
276.70000000000000000000   29
276.80000000000000000000   30
276.90000000000000000000   28
277.00000000000000000000   28
277.10000000000000000000   29
277.20000000000000000000   25
277.30000000000000000000   28
277.40000000000000000000   28
277.50000000000000000000   30
277.60000000000000000000   29
277.70000000000000000000   25
277.80000000000000000000   25
277.90000000000000000000   31
278.00000000000000000000   30
278.10000000000000000000   30
278.20000000000000000000   26
278.30000000000000000000   24
278.40000000000000000000   31
278.50000000000000000000   29
278.60000000000000000000   27
278.70000000000000000000   29
278.80000000000000000000   26
278.90000000000000000000   26
279.00000000000000000000   27
279.10000000000000000000   28
279.20000000000000000000   27
279.30000000000000000000   27
279.40000000000000000000   29
279.50000000000000000000   30
279.60000000000000000000   30
279.70000000000000000000   30
279.80000000000000000000   27
279.90000000000000000000   32
280.00000000000000000000   29
280.10000000000000000000   26
280.20000000000000000000   27
280.30000000000000000000   29
280.40000000000000000000   29
280.50000000000000000000   29
280.60000000000000000000   28
280.70000000000000000000   29
280.80000000000000000000   26
280.90000000000000000000   31
281.00000000000000000000   28
281.10000000000000000000   27
281.20000000000000000000   30
281.30000000000000000000   33
281.40000000000000000000   27
281.50000000000000000000   31
281.60000000000000000000   32
281.70000000000000000000   24
281.80000000000000000000   23
281.90000000000000000000   23
282.00000000000000000000   26
282.10000000000000000000   25
282.20000000000000000000   28
282.30000000000000000000   25
282.40000000000000000000   24
282.50000000000000000000   26
282.60000000000000000000   24
282.70000000000000000000   25
282.80000000000000000000   27
282.90000000000000000000   26
283.00000000000000000000   24
283.10000000000000000000   26
283.20000000000000000000   28
283.30000000000000000000   26
283.40000000000000000000   27
283.50000000000000000000   24
283.60000000000000000000   28
283.70000000000000000000   26
283.80000000000000000000   27
283.90000000000000000000   25
284.00000000000000000000   29
284.10000000000000000000   26
284.20000000000000000000   21
284.30000000000000000000   21
284.40000000000000000000   27
284.50000000000000000000   28
284.60000000000000000000   27
284.70000000000000000000   24
284.80000000000000000000   23
284.90000000000000000000   26
285.00000000000000000000   26
285.10000000000000000000   24
285.20000000000000000000   26
285.30000000000000000000   23
285.40000000000000000000   25
285.50000000000000000000   26
285.60000000000000000000   25
285.70000000000000000000   21
285.80000000000000000000   21
285.90000000000000000000   23
286.00000000000000000000   22
286.10000000000000000000   20
286.20000000000000000000   25
286.30000000000000000000   25
286.40000000000000000000   22
286.50000000000000000000   24
286.60000000000000000000   23
286.70000000000000000000   24
286.80000000000000000000   25
286.90000000000000000000   25
287.00000000000000000000   24
287.10000000000000000000   24
287.20000000000000000000   26
287.30000000000000000000   24
287.40000000000000000000   26
287.50000000000000000000   29
287.60000000000000000000   23
287.70000000000000000000   23
287.80000000000000000000   21
287.90000000000000000000   22
288.00000000000000000000   24
288.10000000000000000000   22
288.20000000000000000000   19
288.30000000000000000000   25
288.40000000000000000000   25
288.50000000000000000000   25
288.60000000000000000000   23
288.70000000000000000000   23
288.80000000000000000000   26
288.90000000000000000000   24
289.00000000000000000000   25
289.10000000000000000000   24
289.20000000000000000000   25
289.30000000000000000000   19
289.40000000000000000000   21
289.50000000000000000000   26
289.60000000000000000000   25
289.70000000000000000000   26
289.80000000000000000000   26
289.90000000000000000000   26
290.00000000000000000000   24
290.10000000000000000000   24
290.20000000000000000000   24
290.30000000000000000000   25
290.40000000000000000000   23
290.50000000000000000000   22
290.60000000000000000000   23
290.70000000000000000000   22
290.80000000000000000000   22
290.90000000000000000000   21
291.00000000000000000000   24
291.10000000000000000000   23
291.20000000000000000000   26
291.30000000000000000000   22
291.40000000000000000000   24
291.50000000000000000000   25
291.60000000000000000000   20
291.70000000000000000000   23
291.80000000000000000000   20
291.90000000000000000000   25
292.00000000000000000000   20
292.10000000000000000000   20
292.20000000000000000000   22
292.30000000000000000000   22
292.40000000000000000000   18
292.50000000000000000000   22
292.60000000000000000000   24
292.70000000000000000000   25
292.80000000000000000000   27
292.90000000000000000000   26
293.00000000000000000000   18
293.10000000000000000000   27
293.20000000000000000000   22
293.30000000000000000000   21
293.40000000000000000000   21
293.50000000000000000000   24
293.60000000000000000000   21
293.70000000000000000000   24
293.80000000000000000000   17
293.90000000000000000000   21
294.00000000000000000000   22
294.10000000000000000000   26
294.20000000000000000000   25
294.30000000000000000000   20
294.40000000000000000000   22
294.50000000000000000000   28
294.60000000000000000000   23
294.70000000000000000000   24
294.80000000000000000000   23
294.90000000000000000000   20
295.00000000000000000000   25
295.10000000000000000000   26
295.20000000000000000000   25
295.30000000000000000000   22
295.40000000000000000000   25
295.50000000000000000000   27
295.60000000000000000000   18
295.70000000000000000000   20
295.80000000000000000000   27
295.90000000000000000000   26
296.00000000000000000000   24
296.10000000000000000000   28
296.20000000000000000000   28
296.30000000000000000000   22
296.40000000000000000000   24
296.50000000000000000000   25
296.60000000000000000000   26
296.70000000000000000000   28
296.80000000000000000000   28
296.90000000000000000000   24
297.00000000000000000000   22
297.10000000000000000000   23
297.20000000000000000000   26
297.30000000000000000000   21
297.40000000000000000000   27
297.50000000000000000000   25
297.60000000000000000000   27
297.70000000000000000000   22
297.80000000000000000000   25
297.90000000000000000000   29
298.00000000000000000000   23
298.10000000000000000000   22
298.20000000000000000000   25
298.30000000000000000000   19
298.40000000000000000000   24
298.50000000000000000000   26
298.60000000000000000000   18
298.70000000000000000000   22
298.80000000000000000000   21
298.90000000000000000000   22
299.00000000000000000000   21
299.10000000000000000000   23
299.20000000000000000000   26
299.30000000000000000000   24
299.40000000000000000000   26
299.50000000000000000000   23
299.60000000000000000000   23
299.70000000000000000000   23
299.80000000000000000000   21
299.90000000000000000000   21
300.00000000000000000000   20
300.10000000000000000000   22
300.20000000000000000000   20
300.30000000000000000000   21
300.40000000000000000000   24
300.50000000000000000000   19
300.60000000000000000000   25
300.70000000000000000000   25
300.80000000000000000000   25
300.90000000000000000000   20
301.00000000000000000000   23
301.10000000000000000000   27
301.20000000000000000000   19
301.30000000000000000000   25
301.40000000000000000000   22
301.50000000000000000000   21
301.60000000000000000000   19
301.70000000000000000000   21
301.80000000000000000000   19
301.90000000000000000000   22
302.00000000000000000000   22
302.10000000000000000000   19
302.20000000000000000000   21
302.30000000000000000000   22
302.40000000000000000000   24
302.50000000000000000000   23
302.60000000000000000000   23
302.70000000000000000000   25
302.80000000000000000000   24
302.90000000000000000000   23
303.00000000000000000000   19
303.10000000000000000000   19
303.20000000000000000000   21
303.30000000000000000000   22
303.40000000000000000000   21
303.50000000000000000000   19
303.60000000000000000000   17
303.70000000000000000000   19
303.80000000000000000000   23
303.90000000000000000000   20
304.00000000000000000000   19
304.10000000000000000000   22
304.20000000000000000000   24
304.30000000000000000000   21
304.40000000000000000000   19
304.50000000000000000000   19
304.60000000000000000000   18
304.70000000000000000000   24
304.80000000000000000000   23
304.90000000000000000000   22
305.00000000000000000000   23
305.10000000000000000000   22
305.20000000000000000000   24
305.30000000000000000000   23
305.40000000000000000000   23
305.50000000000000000000   21
305.60000000000000000000   24
305.70000000000000000000   22
305.80000000000000000000   23
305.90000000000000000000   23
306.00000000000000000000   25
306.10000000000000000000   23
306.20000000000000000000   23
306.30000000000000000000   25
306.40000000000000000000   23
306.50000000000000000000   26
306.60000000000000000000   24
306.70000000000000000000   27
306.80000000000000000000   26
306.90000000000000000000   23
307.00000000000000000000   24
307.10000000000000000000   19
307.20000000000000000000   25
307.30000000000000000000   23
307.40000000000000000000   24
307.50000000000000000000   22
307.60000000000000000000   27
307.70000000000000000000   23
307.80000000000000000000   23
307.90000000000000000000   19
308.00000000000000000000   21
308.10000000000000000000   28
308.20000000000000000000   25
308.30000000000000000000   23
308.40000000000000000000   24
308.50000000000000000000   26
308.60000000000000000000   24
308.70000000000000000000   25
308.80000000000000000000   28
308.90000000000000000000   26
309.00000000000000000000   27
309.10000000000000000000   27
309.20000000000000000000   25
309.30000000000000000000   27
309.40000000000000000000   23
309.50000000000000000000   22
309.60000000000000000000   18
309.70000000000000000000   19
309.80000000000000000000   20
309.90000000000000000000   19
310.00000000000000000000   20
310.10000000000000000000   22
310.20000000000000000000   19
310.30000000000000000000   23
310.40000000000000000000   21
310.50000000000000000000   20
310.60000000000000000000   20
310.70000000000000000000   22
310.80000000000000000000   23
310.90000000000000000000   26
311.00000000000000000000   20
311.10000000000000000000   22
311.20000000000000000000   20
311.30000000000000000000   20
311.40000000000000000000   19
311.50000000000000000000   25
311.60000000000000000000   20
311.70000000000000000000   22
311.80000000000000000000   23
311.90000000000000000000   24
312.00000000000000000000   21
312.10000000000000000000   22
312.20000000000000000000   22
312.30000000000000000000   22
312.40000000000000000000   25
312.50000000000000000000   21
312.60000000000000000000   23
312.70000000000000000000   25
312.80000000000000000000   26
312.90000000000000000000   24
313.00000000000000000000   24
313.10000000000000000000   23
313.20000000000000000000   20
313.30000000000000000000   16
313.40000000000000000000   24
313.50000000000000000000   18
313.60000000000000000000   20
313.70000000000000000000   26
313.80000000000000000000   21
313.90000000000000000000   21
314.00000000000000000000   21
314.10000000000000000000   19
314.20000000000000000000   25
314.30000000000000000000   20
314.40000000000000000000   20
314.50000000000000000000   23
314.60000000000000000000   22
314.70000000000000000000   21
314.80000000000000000000   20
314.90000000000000000000   20
315.00000000000000000000   24
315.10000000000000000000   23
315.20000000000000000000   23
315.30000000000000000000   20
315.40000000000000000000   20
315.50000000000000000000   19
315.60000000000000000000   24
315.70000000000000000000   19
315.80000000000000000000   19
315.90000000000000000000   18
316.00000000000000000000   22
316.10000000000000000000   20
316.20000000000000000000   16
316.30000000000000000000   22
316.40000000000000000000   20
316.50000000000000000000   19
316.60000000000000000000   19
316.70000000000000000000   21
316.80000000000000000000   20
316.90000000000000000000   20
317.00000000000000000000   24
317.10000000000000000000   23
317.20000000000000000000   22
317.30000000000000000000   23
317.40000000000000000000   25
317.50000000000000000000   27
317.60000000000000000000   22
317.70000000000000000000   21
317.80000000000000000000   22
317.90000000000000000000   23
318.00000000000000000000   23
318.10000000000000000000   22
318.20000000000000000000   24
318.30000000000000000000   23
318.40000000000000000000   27
318.50000000000000000000   25
318.60000000000000000000   28
318.70000000000000000000   27
318.80000000000000000000   27
318.90000000000000000000   32
319.00000000000000000000   25
319.10000000000000000000   25
319.20000000000000000000   28
319.30000000000000000000   29
319.40000000000000000000   30
319.50000000000000000000   29
319.60000000000000000000   28
319.70000000000000000000   31
319.80000000000000000000   28
319.90000000000000000000   27
320.00000000000000000000   27
320.10000000000000000000   25
320.20000000000000000000   23
320.30000000000000000000   24
320.40000000000000000000   24
320.50000000000000000000   25
320.60000000000000000000   23
320.70000000000000000000   26
320.80000000000000000000   25
320.90000000000000000000   24
321.00000000000000000000   22
321.10000000000000000000   25
321.20000000000000000000   27
321.30000000000000000000   22
321.40000000000000000000   25
321.50000000000000000000   25
321.60000000000000000000   25
321.70000000000000000000   25
321.80000000000000000000   23
321.90000000000000000000   23
322.00000000000000000000   26
322.10000000000000000000   26
322.20000000000000000000   21
322.30000000000000000000   21
322.40000000000000000000   21
322.50000000000000000000   22
322.60000000000000000000   19
322.70000000000000000000   19
322.80000000000000000000   19
322.90000000000000000000   20
323.00000000000000000000   19
323.10000000000000000000   19
323.20000000000000000000   19
323.30000000000000000000   22
323.40000000000000000000   25
323.50000000000000000000   22
323.60000000000000000000   23
323.70000000000000000000   19
323.80000000000000000000   25
323.90000000000000000000   24
324.00000000000000000000   27
324.10000000000000000000   32
324.20000000000000000000   29
324.30000000000000000000   31
324.40000000000000000000   31
324.50000000000000000000   27
324.60000000000000000000   30
324.70000000000000000000   31
324.80000000000000000000   24
324.90000000000000000000   28
325.00000000000000000000   31
325.10000000000000000000   31
325.20000000000000000000   32
325.30000000000000000000   29
325.40000000000000000000   26
325.50000000000000000000   26
325.60000000000000000000   29
325.70000000000000000000   31
325.80000000000000000000   28
325.90000000000000000000   31
326.00000000000000000000   28
326.10000000000000000000   26
326.20000000000000000000   27
326.30000000000000000000   27
326.40000000000000000000   31
326.50000000000000000000   23
326.60000000000000000000   21
326.70000000000000000000   23
326.80000000000000000000   25
326.90000000000000000000   27
327.00000000000000000000   22
327.10000000000000000000   27
327.20000000000000000000   28
327.30000000000000000000   30
327.40000000000000000000   31
327.50000000000000000000   28
327.60000000000000000000   29
327.70000000000000000000   30
327.80000000000000000000   25
327.90000000000000000000   27
328.00000000000000000000   29
328.10000000000000000000   28
328.20000000000000000000   30
328.30000000000000000000   29
328.40000000000000000000   24
328.50000000000000000000   23
328.60000000000000000000   30
328.70000000000000000000   27
328.80000000000000000000   28
328.90000000000000000000   27
329.00000000000000000000   27
329.10000000000000000000   26
329.20000000000000000000   27
329.30000000000000000000   27
329.40000000000000000000   23
329.50000000000000000000   30
329.60000000000000000000   26
329.70000000000000000000   29
329.80000000000000000000   29
329.90000000000000000000   25
330.00000000000000000000   29
330.10000000000000000000   22
330.20000000000000000000   22
330.30000000000000000000   23
330.40000000000000000000   22
330.50000000000000000000   18
330.60000000000000000000   23
330.70000000000000000000   22
330.80000000000000000000   23
330.90000000000000000000   22
331.00000000000000000000   26
331.10000000000000000000   24
331.20000000000000000000   26
331.30000000000000000000   29
331.40000000000000000000   22
331.50000000000000000000   26
331.60000000000000000000   28
331.70000000000000000000   19
331.80000000000000000000   25
331.90000000000000000000   22
332.00000000000000000000   25
332.10000000000000000000   22
332.20000000000000000000   20
332.30000000000000000000   16
332.40000000000000000000   17
332.50000000000000000000   17
332.60000000000000000000   19
332.70000000000000000000   26
332.80000000000000000000   26
332.90000000000000000000   26
333.00000000000000000000   23
333.10000000000000000000   23
333.20000000000000000000   28
333.30000000000000000000   26
333.40000000000000000000   23
333.50000000000000000000   24
333.60000000000000000000   24
333.70000000000000000000   26
333.80000000000000000000   23
333.90000000000000000000   25
334.00000000000000000000   25
334.10000000000000000000   20
334.20000000000000000000   26
334.30000000000000000000   25
334.40000000000000000000   25
334.50000000000000000000   21
334.60000000000000000000   17
334.70000000000000000000   21
334.80000000000000000000   18
334.90000000000000000000   24
335.00000000000000000000   18
335.10000000000000000000   18
335.20000000000000000000   19
335.30000000000000000000   18
335.40000000000000000000   21
335.50000000000000000000   17
335.60000000000000000000   19
335.70000000000000000000   17
335.80000000000000000000   20
335.90000000000000000000   20
336.00000000000000000000   20
336.10000000000000000000   20
336.20000000000000000000   18
336.30000000000000000000   19
336.40000000000000000000   19
336.50000000000000000000   18
336.60000000000000000000   19
336.70000000000000000000   18
336.80000000000000000000   21
336.90000000000000000000   17
337.00000000000000000000   21
337.10000000000000000000   21
337.20000000000000000000   21
337.30000000000000000000   20
337.40000000000000000000   20
337.50000000000000000000   19
337.60000000000000000000   19
337.70000000000000000000   22
337.80000000000000000000   19
337.90000000000000000000   23
338.00000000000000000000   20
338.10000000000000000000   17
338.20000000000000000000   19
338.30000000000000000000   21
338.40000000000000000000   19
338.50000000000000000000   20
338.60000000000000000000   21
338.70000000000000000000   20
338.80000000000000000000   20
338.90000000000000000000   19
339.00000000000000000000   20
339.10000000000000000000   20
339.20000000000000000000   21
339.30000000000000000000   18
339.40000000000000000000   18
339.50000000000000000000   19
339.60000000000000000000   19
339.70000000000000000000   20
339.80000000000000000000   20
339.90000000000000000000   20
340.00000000000000000000   20
340.10000000000000000000   20
340.20000000000000000000   19
340.30000000000000000000   19
340.40000000000000000000   19
340.50000000000000000000   20
340.60000000000000000000   18
340.70000000000000000000   20
340.80000000000000000000   19
340.90000000000000000000   17
341.00000000000000000000   17
341.10000000000000000000   20
341.20000000000000000000   17
341.30000000000000000000   17
341.40000000000000000000   18
341.50000000000000000000   21
341.60000000000000000000   19
341.70000000000000000000   22
341.80000000000000000000   18
341.90000000000000000000   20
342.00000000000000000000   21
342.10000000000000000000   19
342.20000000000000000000   18
342.30000000000000000000   20
342.40000000000000000000   19
342.50000000000000000000   20
342.60000000000000000000   19
342.70000000000000000000   18
342.80000000000000000000   16
342.90000000000000000000   18
343.00000000000000000000   21
343.10000000000000000000   18
343.20000000000000000000   19
343.30000000000000000000   17
343.40000000000000000000   16
343.50000000000000000000   20
343.60000000000000000000   21
343.70000000000000000000   17
343.80000000000000000000   19
343.90000000000000000000   19
344.00000000000000000000   18
344.10000000000000000000   20
344.20000000000000000000   17
344.30000000000000000000   18
344.40000000000000000000   20
344.50000000000000000000   18
344.60000000000000000000   19
344.70000000000000000000   19
344.80000000000000000000   21
344.90000000000000000000   19
345.00000000000000000000   20
345.10000000000000000000   17
345.20000000000000000000   19
345.30000000000000000000   17
345.40000000000000000000   21
345.50000000000000000000   16
345.60000000000000000000   19
345.70000000000000000000   18
345.80000000000000000000   18
345.90000000000000000000   18
346.00000000000000000000   20
346.10000000000000000000   20
346.20000000000000000000   18
346.30000000000000000000   16
346.40000000000000000000   23
346.50000000000000000000   22
346.60000000000000000000   23
346.70000000000000000000   19
346.80000000000000000000   19
346.90000000000000000000   18
347.00000000000000000000   20
347.10000000000000000000   21
347.20000000000000000000   19
347.30000000000000000000   19
347.40000000000000000000   20
347.50000000000000000000   19
347.60000000000000000000   20
347.70000000000000000000   20
347.80000000000000000000   21
347.90000000000000000000   20
348.00000000000000000000   21
348.10000000000000000000   21
348.20000000000000000000   21
348.30000000000000000000   22
348.40000000000000000000   20
348.50000000000000000000   19
348.60000000000000000000   18
348.70000000000000000000   21
348.80000000000000000000   18
348.90000000000000000000   24
349.00000000000000000000   24
349.10000000000000000000   25
349.20000000000000000000   23
349.30000000000000000000   22
349.40000000000000000000   21
349.50000000000000000000   21
349.60000000000000000000   21
349.70000000000000000000   21
349.80000000000000000000   20
349.90000000000000000000   19
350.00000000000000000000   18
350.10000000000000000000   19
350.20000000000000000000   18
350.30000000000000000000   20
350.40000000000000000000   22
350.50000000000000000000   20
350.60000000000000000000   19
350.70000000000000000000   19
350.80000000000000000000   20
350.90000000000000000000   18
351.00000000000000000000   18
351.10000000000000000000   21
351.20000000000000000000   17
351.30000000000000000000   24
351.40000000000000000000   22
351.50000000000000000000   20
351.60000000000000000000   19
351.70000000000000000000   19
351.80000000000000000000   19
351.90000000000000000000   16
352.00000000000000000000   16
352.10000000000000000000   19
352.20000000000000000000   16
352.30000000000000000000   20
352.40000000000000000000   20
352.50000000000000000000   19
352.60000000000000000000   19
352.70000000000000000000   19
352.80000000000000000000   18
352.90000000000000000000   20
353.00000000000000000000   22
353.10000000000000000000   20
353.20000000000000000000   19
353.30000000000000000000   19
353.40000000000000000000   19
353.50000000000000000000   19
353.60000000000000000000   24
353.70000000000000000000   22
353.80000000000000000000   21
353.90000000000000000000   22
354.00000000000000000000   19
354.10000000000000000000   23
354.20000000000000000000   25
354.30000000000000000000   23
354.40000000000000000000   22
354.50000000000000000000   23
354.60000000000000000000   22
354.70000000000000000000   22
354.80000000000000000000   20
354.90000000000000000000   23
355.00000000000000000000   20
355.10000000000000000000   19
355.20000000000000000000   19
355.30000000000000000000   19
355.40000000000000000000   21
355.50000000000000000000   19
355.60000000000000000000   18
355.70000000000000000000   20
355.80000000000000000000   20
355.90000000000000000000   19
356.00000000000000000000   19
356.10000000000000000000   19
356.20000000000000000000   21
356.30000000000000000000   20
356.40000000000000000000   19
356.50000000000000000000   20
356.60000000000000000000   20
356.70000000000000000000   22
356.80000000000000000000   21
356.90000000000000000000   20
357.00000000000000000000   20
357.10000000000000000000   20
357.20000000000000000000   19
357.30000000000000000000   18
357.40000000000000000000   19
357.50000000000000000000   18
357.60000000000000000000   18
357.70000000000000000000   16
357.80000000000000000000   22
357.90000000000000000000   22
358.00000000000000000000   20
358.10000000000000000000   20
358.20000000000000000000   20
358.30000000000000000000   18
358.40000000000000000000   20
358.50000000000000000000   17
358.60000000000000000000   17
358.70000000000000000000   19
358.80000000000000000000   19
358.90000000000000000000   18
359.00000000000000000000   19
359.10000000000000000000   18
359.20000000000000000000   18
359.30000000000000000000   21
359.40000000000000000000   20
359.50000000000000000000   19
359.60000000000000000000   19
359.70000000000000000000   19
359.80000000000000000000   21
359.90000000000000000000   20
360.00000000000000000000   19
360.10000000000000000000   19
360.20000000000000000000   21
360.30000000000000000000   22
360.40000000000000000000   24
360.50000000000000000000   24
360.60000000000000000000   22
360.70000000000000000000   24
360.80000000000000000000   23
360.90000000000000000000   23
361.00000000000000000000   22
361.10000000000000000000   25
361.20000000000000000000   21
361.30000000000000000000   22
361.40000000000000000000   21
361.50000000000000000000   24
361.60000000000000000000   19
361.70000000000000000000   18
361.80000000000000000000   18
361.90000000000000000000   22
362.00000000000000000000   20
362.10000000000000000000   23
362.20000000000000000000   20
362.30000000000000000000   22
362.40000000000000000000   23
362.50000000000000000000   20
362.60000000000000000000   19
362.70000000000000000000   25
362.80000000000000000000   26
362.90000000000000000000   25
363.00000000000000000000   24
363.10000000000000000000   23
363.20000000000000000000   22
363.30000000000000000000   23
363.40000000000000000000   23
363.50000000000000000000   22
363.60000000000000000000   23
363.70000000000000000000   23
363.80000000000000000000   21
363.90000000000000000000   21
364.00000000000000000000   18
364.10000000000000000000   19
364.20000000000000000000   19
364.30000000000000000000   20
364.40000000000000000000   21
364.50000000000000000000   23
364.60000000000000000000   21
364.70000000000000000000   25
364.80000000000000000000   22
364.90000000000000000000   20
365.00000000000000000000   19
365.10000000000000000000   22
365.20000000000000000000   19
365.30000000000000000000   20
365.40000000000000000000   23
365.50000000000000000000   26
365.60000000000000000000   23
365.70000000000000000000   21
365.80000000000000000000   29
365.90000000000000000000   24
366.00000000000000000000   24
366.10000000000000000000   22
366.20000000000000000000   22
366.30000000000000000000   22
366.40000000000000000000   24
366.50000000000000000000   19
366.60000000000000000000   19
366.70000000000000000000   21
366.80000000000000000000   19
366.90000000000000000000   20
367.00000000000000000000   17
367.10000000000000000000   18
367.20000000000000000000   19
367.30000000000000000000   21
367.40000000000000000000   20
367.50000000000000000000   18
367.60000000000000000000   20
367.70000000000000000000   21
367.80000000000000000000   19
367.90000000000000000000   19
368.00000000000000000000   19
368.10000000000000000000   20
368.20000000000000000000   20
368.30000000000000000000   19
368.40000000000000000000   21
368.50000000000000000000   19
368.60000000000000000000   17
368.70000000000000000000   22
368.80000000000000000000   23
368.90000000000000000000   22
369.00000000000000000000   22
369.10000000000000000000   20
369.20000000000000000000   20
369.30000000000000000000   19
369.40000000000000000000   17
369.50000000000000000000   21
369.60000000000000000000   18
369.70000000000000000000   22
369.80000000000000000000   19
369.90000000000000000000   20
370.00000000000000000000   19
370.10000000000000000000   17
370.20000000000000000000   22
370.30000000000000000000   17
370.40000000000000000000   17
370.50000000000000000000   18
370.60000000000000000000   21
370.70000000000000000000   21
370.80000000000000000000   22
370.90000000000000000000   19
371.00000000000000000000   20
371.10000000000000000000   18
371.20000000000000000000   22
371.30000000000000000000   19
371.40000000000000000000   20
371.50000000000000000000   19
371.60000000000000000000   19
371.70000000000000000000   18
371.80000000000000000000   19
371.90000000000000000000   19
372.00000000000000000000   21
372.10000000000000000000   18
372.20000000000000000000   22
372.30000000000000000000   21
372.40000000000000000000   20
372.50000000000000000000   20
372.60000000000000000000   18
372.70000000000000000000   23
372.80000000000000000000   22
372.90000000000000000000   22
373.00000000000000000000   19
373.10000000000000000000   19
373.20000000000000000000   21
373.30000000000000000000   20
373.40000000000000000000   20
373.50000000000000000000   19
373.60000000000000000000   19
373.70000000000000000000   18
373.80000000000000000000   23
373.90000000000000000000   20
374.00000000000000000000   20
374.10000000000000000000   18
374.20000000000000000000   18
374.30000000000000000000   19
374.40000000000000000000   19
374.50000000000000000000   16
374.60000000000000000000   18
374.70000000000000000000   18
374.80000000000000000000   19
374.90000000000000000000   20
375.00000000000000000000   22
375.10000000000000000000   22
375.20000000000000000000   23
375.30000000000000000000   22
375.40000000000000000000   24
375.50000000000000000000   25
375.60000000000000000000   22
375.70000000000000000000   22
375.80000000000000000000   22
375.90000000000000000000   19
376.00000000000000000000   20
376.10000000000000000000   19
376.20000000000000000000   20
376.30000000000000000000   23
376.40000000000000000000   24
376.50000000000000000000   19
376.60000000000000000000   25
376.70000000000000000000   23
376.80000000000000000000   21
376.90000000000000000000   24
377.00000000000000000000   20
377.10000000000000000000   22
377.20000000000000000000   20
377.30000000000000000000   19
377.40000000000000000000   19
377.50000000000000000000   20
377.60000000000000000000   19
377.70000000000000000000   19
377.80000000000000000000   20
377.90000000000000000000   18
378.00000000000000000000   19
378.10000000000000000000   23
378.20000000000000000000   20
378.30000000000000000000   19
378.40000000000000000000   21
378.50000000000000000000   20
378.60000000000000000000   20
378.70000000000000000000   19
378.80000000000000000000   17
378.90000000000000000000   20
379.00000000000000000000   21
379.10000000000000000000   18
379.20000000000000000000   17
379.30000000000000000000   24
379.40000000000000000000   24
379.50000000000000000000   23
379.60000000000000000000   19
379.70000000000000000000   21
379.80000000000000000000   18
379.90000000000000000000   19
380.00000000000000000000   19
380.10000000000000000000   22
380.20000000000000000000   18
380.30000000000000000000   21
380.40000000000000000000   23
380.50000000000000000000   23
380.60000000000000000000   18
380.70000000000000000000   20
380.80000000000000000000   15
380.90000000000000000000   21
381.00000000000000000000   22
381.10000000000000000000   25
381.20000000000000000000   21
381.30000000000000000000   19
381.40000000000000000000   18
381.50000000000000000000   19
381.60000000000000000000   22
381.70000000000000000000   17
381.80000000000000000000   20
381.90000000000000000000   21
382.00000000000000000000   22
382.10000000000000000000   24
382.20000000000000000000   22
382.30000000000000000000   22
382.40000000000000000000   20
382.50000000000000000000   22
382.60000000000000000000   21
382.70000000000000000000   22
382.80000000000000000000   19
382.90000000000000000000   21
383.00000000000000000000   17
383.10000000000000000000   19
383.20000000000000000000   17
383.30000000000000000000   16
383.40000000000000000000   19
383.50000000000000000000   22
383.60000000000000000000   26
383.70000000000000000000   22
383.80000000000000000000   24
383.90000000000000000000   21
384.00000000000000000000   24
384.10000000000000000000   18
384.20000000000000000000   21
384.30000000000000000000   22
384.40000000000000000000   25
384.50000000000000000000   18
384.60000000000000000000   18
384.70000000000000000000   22
384.80000000000000000000   23
384.90000000000000000000   23
385.00000000000000000000   23
385.10000000000000000000   21
385.20000000000000000000   20
385.30000000000000000000   26
385.40000000000000000000   19
385.50000000000000000000   22
385.60000000000000000000   21
385.70000000000000000000   23
385.80000000000000000000   22
385.90000000000000000000   18
386.00000000000000000000   16
386.10000000000000000000   21
386.20000000000000000000   17
386.30000000000000000000   20
386.40000000000000000000   23
386.50000000000000000000   24
386.60000000000000000000   25
386.70000000000000000000   28
386.80000000000000000000   24
386.90000000000000000000   26
387.00000000000000000000   22
387.10000000000000000000   23
387.20000000000000000000   21
387.30000000000000000000   23
387.40000000000000000000   20
387.50000000000000000000   26
387.60000000000000000000   28
387.70000000000000000000   21
387.80000000000000000000   22
387.90000000000000000000   22
388.00000000000000000000   23
388.10000000000000000000   23
388.20000000000000000000   22
388.30000000000000000000   22
388.40000000000000000000   23
388.50000000000000000000   24
388.60000000000000000000   24
388.70000000000000000000   20
388.80000000000000000000   24
388.90000000000000000000   22
389.00000000000000000000   22
389.10000000000000000000   27
389.20000000000000000000   25
389.30000000000000000000   22
389.40000000000000000000   19
389.50000000000000000000   24
389.60000000000000000000   17
389.70000000000000000000   19
389.80000000000000000000   17
389.90000000000000000000   17
390.00000000000000000000   18
390.10000000000000000000   17
390.20000000000000000000   17
390.30000000000000000000   17
390.40000000000000000000   18
390.50000000000000000000   19
390.60000000000000000000   18
390.70000000000000000000   17
390.80000000000000000000   19
390.90000000000000000000   18
391.00000000000000000000   21
391.10000000000000000000   23
391.20000000000000000000   23
391.30000000000000000000   23
391.40000000000000000000   17
391.50000000000000000000   21
391.60000000000000000000   21
391.70000000000000000000   20
391.80000000000000000000   20
391.90000000000000000000   21
392.00000000000000000000   22
392.10000000000000000000   19
392.20000000000000000000   24
392.30000000000000000000   22
392.40000000000000000000   23
392.50000000000000000000   22
392.60000000000000000000   19
392.70000000000000000000   22
392.80000000000000000000   24
392.90000000000000000000   21
393.00000000000000000000   28
393.10000000000000000000   25
393.20000000000000000000   25
393.30000000000000000000   23
393.40000000000000000000   23
393.50000000000000000000   23
393.60000000000000000000   19
393.70000000000000000000   18
393.80000000000000000000   19
393.90000000000000000000   18
394.00000000000000000000   17
394.10000000000000000000   22
394.20000000000000000000   18
394.30000000000000000000   18
394.40000000000000000000   18
394.50000000000000000000   19
394.60000000000000000000   20
394.70000000000000000000   22
394.80000000000000000000   19
394.90000000000000000000   16
395.00000000000000000000   17
395.10000000000000000000   20
395.20000000000000000000   18
395.30000000000000000000   19
395.40000000000000000000   19
395.50000000000000000000   22
395.60000000000000000000   23
395.70000000000000000000   22
395.80000000000000000000   23
395.90000000000000000000   22
396.00000000000000000000   24
396.10000000000000000000   17
396.20000000000000000000   23
396.30000000000000000000   18
396.40000000000000000000   24
396.50000000000000000000   21
396.60000000000000000000   21
396.70000000000000000000   23
396.80000000000000000000   21
396.90000000000000000000   27
397.00000000000000000000   25
397.10000000000000000000   28
397.20000000000000000000   24
397.30000000000000000000   25
397.40000000000000000000   27
397.50000000000000000000   23
397.60000000000000000000   27
397.70000000000000000000   26
397.80000000000000000000   23
397.90000000000000000000   22
398.00000000000000000000   19
398.10000000000000000000   22
398.20000000000000000000   23
398.30000000000000000000   23
398.40000000000000000000   18
398.50000000000000000000   18
398.60000000000000000000   21
398.70000000000000000000   20
398.80000000000000000000   23
398.90000000000000000000   23
399.00000000000000000000   23
399.10000000000000000000   23
399.20000000000000000000   23
399.30000000000000000000   23
399.40000000000000000000   23
399.50000000000000000000   23
399.60000000000000000000   23
399.70000000000000000000   23
