200.00000000000000000000   13
200.10000000000000000000   12
200.20000000000000000000   4
200.30000000000000000000   5
200.40000000000000000000   7
200.50000000000000000000   8
200.60000000000000000000   12
200.70000000000000000000   9
200.80000000000000000000   5
200.90000000000000000000   8
201.00000000000000000000   5
201.10000000000000000000   6
201.20000000000000000000   8
201.30000000000000000000   9
201.40000000000000000000   5
201.50000000000000000000   7
201.60000000000000000000   7
201.70000000000000000000   9
201.80000000000000000000   6
201.90000000000000000000   8
202.00000000000000000000   9
202.10000000000000000000   11
202.20000000000000000000   5
202.30000000000000000000   8
202.40000000000000000000   7
202.50000000000000000000   13
202.60000000000000000000   8
202.70000000000000000000   9
202.80000000000000000000   6
202.90000000000000000000   7
203.00000000000000000000   8
203.10000000000000000000   12
203.20000000000000000000   3
203.30000000000000000000   6
203.40000000000000000000   7
203.50000000000000000000   10
203.60000000000000000000   9
203.70000000000000000000   12
203.80000000000000000000   13
203.90000000000000000000   17
204.00000000000000000000   20
204.10000000000000000000   19
204.20000000000000000000   22
204.30000000000000000000   23
204.40000000000000000000   21
204.50000000000000000000   20
204.60000000000000000000   19
204.70000000000000000000   20
204.80000000000000000000   20
204.90000000000000000000   21
205.00000000000000000000   21
205.10000000000000000000   19
205.20000000000000000000   19
205.30000000000000000000   15
205.40000000000000000000   14
205.50000000000000000000   10
205.60000000000000000000   16
205.70000000000000000000   9
205.80000000000000000000   12
205.90000000000000000000   12
206.00000000000000000000   9
206.10000000000000000000   9
206.20000000000000000000   13
206.30000000000000000000   14
206.40000000000000000000   14
206.50000000000000000000   14
206.60000000000000000000   13
206.70000000000000000000   10
206.80000000000000000000   9
206.90000000000000000000   8
207.00000000000000000000   11
207.10000000000000000000   9
207.20000000000000000000   10
207.30000000000000000000   8
207.40000000000000000000   10
207.50000000000000000000   9
207.60000000000000000000   8
207.70000000000000000000   9
207.80000000000000000000   9
207.90000000000000000000   8
208.00000000000000000000   11
208.10000000000000000000   12
208.20000000000000000000   11
208.30000000000000000000   9
208.40000000000000000000   7
208.50000000000000000000   12
208.60000000000000000000   13
208.70000000000000000000   7
208.80000000000000000000   10
208.90000000000000000000   9
209.00000000000000000000   8
209.10000000000000000000   9
209.20000000000000000000   9
209.30000000000000000000   7
209.40000000000000000000   5
209.50000000000000000000   9
209.60000000000000000000   5
209.70000000000000000000   9
209.80000000000000000000   7
209.90000000000000000000   7
210.00000000000000000000   4
210.10000000000000000000   5
210.20000000000000000000   5
210.30000000000000000000   8
210.40000000000000000000   5
210.50000000000000000000   9
210.60000000000000000000   8
210.70000000000000000000   8
210.80000000000000000000   10
210.90000000000000000000   11
211.00000000000000000000   10
211.10000000000000000000   8
211.20000000000000000000   12
211.30000000000000000000   11
211.40000000000000000000   9
211.50000000000000000000   8
211.60000000000000000000   12
211.70000000000000000000   10
211.80000000000000000000   8
211.90000000000000000000   12
212.00000000000000000000   11
212.10000000000000000000   10
212.20000000000000000000   13
212.30000000000000000000   14
212.40000000000000000000   12
212.50000000000000000000   16
212.60000000000000000000   11
212.70000000000000000000   13
212.80000000000000000000   14
212.90000000000000000000   12
213.00000000000000000000   12
213.10000000000000000000   11
213.20000000000000000000   13
213.30000000000000000000   12
213.40000000000000000000   10
213.50000000000000000000   13
213.60000000000000000000   12
213.70000000000000000000   16
213.80000000000000000000   17
213.90000000000000000000   15
214.00000000000000000000   15
214.10000000000000000000   14
214.20000000000000000000   19
214.30000000000000000000   18
214.40000000000000000000   17
214.50000000000000000000   14
214.60000000000000000000   14
214.70000000000000000000   15
214.80000000000000000000   14
214.90000000000000000000   13
215.00000000000000000000   17
215.10000000000000000000   17
215.20000000000000000000   17
215.30000000000000000000   18
215.40000000000000000000   15
215.50000000000000000000   13
215.60000000000000000000   15
215.70000000000000000000   13
215.80000000000000000000   13
215.90000000000000000000   16
216.00000000000000000000   15
216.10000000000000000000   16
216.20000000000000000000   14
216.30000000000000000000   15
216.40000000000000000000   14
216.50000000000000000000   16
216.60000000000000000000   14
216.70000000000000000000   16
216.80000000000000000000   16
216.90000000000000000000   14
217.00000000000000000000   11
217.10000000000000000000   15
217.20000000000000000000   17
217.30000000000000000000   18
217.40000000000000000000   18
217.50000000000000000000   19
217.60000000000000000000   17
217.70000000000000000000   18
217.80000000000000000000   16
217.90000000000000000000   16
218.00000000000000000000   16
218.10000000000000000000   13
218.20000000000000000000   16
218.30000000000000000000   14
218.40000000000000000000   15
218.50000000000000000000   17
218.60000000000000000000   13
218.70000000000000000000   12
218.80000000000000000000   16
218.90000000000000000000   19
219.00000000000000000000   19
219.10000000000000000000   15
219.20000000000000000000   14
219.30000000000000000000   17
219.40000000000000000000   17
219.50000000000000000000   17
219.60000000000000000000   17
219.70000000000000000000   17
219.80000000000000000000   19
219.90000000000000000000   16
220.00000000000000000000   12
220.10000000000000000000   17
220.20000000000000000000   13
220.30000000000000000000   12
220.40000000000000000000   15
220.50000000000000000000   16
220.60000000000000000000   11
220.70000000000000000000   10
220.80000000000000000000   12
220.90000000000000000000   12
221.00000000000000000000   14
221.10000000000000000000   16
221.20000000000000000000   10
221.30000000000000000000   12
221.40000000000000000000   10
221.50000000000000000000   11
221.60000000000000000000   9
221.70000000000000000000   9
221.80000000000000000000   8
221.90000000000000000000   13
222.00000000000000000000   11
222.10000000000000000000   11
222.20000000000000000000   9
222.30000000000000000000   8
222.40000000000000000000   10
222.50000000000000000000   8
222.60000000000000000000   11
222.70000000000000000000   13
222.80000000000000000000   9
222.90000000000000000000   10
223.00000000000000000000   6
223.10000000000000000000   9
223.20000000000000000000   9
223.30000000000000000000   9
223.40000000000000000000   16
223.50000000000000000000   12
223.60000000000000000000   10
223.70000000000000000000   11
223.80000000000000000000   13
223.90000000000000000000   16
224.00000000000000000000   10
224.10000000000000000000   11
224.20000000000000000000   7
224.30000000000000000000   10
224.40000000000000000000   9
224.50000000000000000000   9
224.60000000000000000000   15
224.70000000000000000000   9
224.80000000000000000000   6
224.90000000000000000000   8
225.00000000000000000000   5
225.10000000000000000000   8
225.20000000000000000000   9
225.30000000000000000000   10
225.40000000000000000000   4
225.50000000000000000000   11
225.60000000000000000000   7
225.70000000000000000000   10
225.80000000000000000000   12
225.90000000000000000000   8
226.00000000000000000000   8
226.10000000000000000000   9
226.20000000000000000000   9
226.30000000000000000000   12
226.40000000000000000000   11
226.50000000000000000000   12
226.60000000000000000000   14
226.70000000000000000000   17
226.80000000000000000000   15
226.90000000000000000000   15
227.00000000000000000000   15
227.10000000000000000000   15
227.20000000000000000000   14
227.30000000000000000000   12
227.40000000000000000000   14
227.50000000000000000000   13
227.60000000000000000000   14
227.70000000000000000000   12
227.80000000000000000000   15
227.90000000000000000000   17
228.00000000000000000000   14
228.10000000000000000000   13
228.20000000000000000000   17
228.30000000000000000000   18
228.40000000000000000000   14
228.50000000000000000000   17
228.60000000000000000000   17
228.70000000000000000000   19
228.80000000000000000000   17
228.90000000000000000000   16
229.00000000000000000000   16
229.10000000000000000000   19
229.20000000000000000000   19
229.30000000000000000000   15
229.40000000000000000000   15
229.50000000000000000000   13
229.60000000000000000000   12
229.70000000000000000000   20
229.80000000000000000000   21
229.90000000000000000000   22
230.00000000000000000000   22
230.10000000000000000000   20
230.20000000000000000000   18
230.30000000000000000000   21
230.40000000000000000000   20
230.50000000000000000000   20
230.60000000000000000000   21
230.70000000000000000000   18
230.80000000000000000000   21
230.90000000000000000000   24
231.00000000000000000000   24
231.10000000000000000000   22
231.20000000000000000000   23
231.30000000000000000000   19
231.40000000000000000000   23
231.50000000000000000000   26
231.60000000000000000000   25
231.70000000000000000000   26
231.80000000000000000000   26
231.90000000000000000000   27
232.00000000000000000000   26
232.10000000000000000000   24
232.20000000000000000000   27
232.30000000000000000000   23
232.40000000000000000000   23
232.50000000000000000000   24
232.60000000000000000000   23
232.70000000000000000000   19
232.80000000000000000000   23
232.90000000000000000000   24
233.00000000000000000000   20
233.10000000000000000000   27
233.20000000000000000000   22
233.30000000000000000000   19
233.40000000000000000000   18
233.50000000000000000000   25
233.60000000000000000000   22
233.70000000000000000000   17
233.80000000000000000000   22
233.90000000000000000000   19
234.00000000000000000000   22
234.10000000000000000000   25
234.20000000000000000000   24
234.30000000000000000000   25
234.40000000000000000000   21
234.50000000000000000000   25
234.60000000000000000000   21
234.70000000000000000000   21
234.80000000000000000000   21
234.90000000000000000000   24
235.00000000000000000000   20
235.10000000000000000000   22
235.20000000000000000000   25
235.30000000000000000000   24
235.40000000000000000000   24
235.50000000000000000000   23
235.60000000000000000000   24
235.70000000000000000000   28
235.80000000000000000000   22
235.90000000000000000000   21
236.00000000000000000000   23
236.10000000000000000000   21
236.20000000000000000000   22
236.30000000000000000000   23
236.40000000000000000000   21
236.50000000000000000000   20
236.60000000000000000000   21
236.70000000000000000000   21
236.80000000000000000000   21
236.90000000000000000000   24
237.00000000000000000000   21
237.10000000000000000000   22
237.20000000000000000000   23
237.30000000000000000000   23
237.40000000000000000000   22
237.50000000000000000000   24
237.60000000000000000000   26
237.70000000000000000000   26
237.80000000000000000000   26
237.90000000000000000000   29
238.00000000000000000000   24
238.10000000000000000000   24
238.20000000000000000000   22
238.30000000000000000000   20
238.40000000000000000000   20
238.50000000000000000000   18
238.60000000000000000000   22
238.70000000000000000000   21
238.80000000000000000000   22
238.90000000000000000000   22
239.00000000000000000000   21
239.10000000000000000000   22
239.20000000000000000000   22
239.30000000000000000000   28
239.40000000000000000000   24
239.50000000000000000000   24
239.60000000000000000000   25
239.70000000000000000000   22
239.80000000000000000000   24
239.90000000000000000000   24
240.00000000000000000000   19
240.10000000000000000000   23
240.20000000000000000000   21
240.30000000000000000000   25
240.40000000000000000000   25
240.50000000000000000000   21
240.60000000000000000000   25
240.70000000000000000000   19
240.80000000000000000000   26
240.90000000000000000000   29
241.00000000000000000000   22
241.10000000000000000000   22
241.20000000000000000000   21
241.30000000000000000000   26
241.40000000000000000000   21
241.50000000000000000000   19
241.60000000000000000000   17
241.70000000000000000000   23
241.80000000000000000000   17
241.90000000000000000000   17
242.00000000000000000000   15
242.10000000000000000000   18
242.20000000000000000000   13
242.30000000000000000000   14
242.40000000000000000000   15
242.50000000000000000000   15
242.60000000000000000000   13
242.70000000000000000000   9
242.80000000000000000000   15
242.90000000000000000000   13
243.00000000000000000000   12
243.10000000000000000000   19
243.20000000000000000000   10
243.30000000000000000000   16
243.40000000000000000000   14
243.50000000000000000000   12
243.60000000000000000000   15
243.70000000000000000000   12
243.80000000000000000000   11
243.90000000000000000000   10
244.00000000000000000000   12
244.10000000000000000000   9
244.20000000000000000000   10
244.30000000000000000000   10
244.40000000000000000000   20
244.50000000000000000000   22
244.60000000000000000000   16
244.70000000000000000000   12
244.80000000000000000000   9
244.90000000000000000000   13
245.00000000000000000000   10
245.10000000000000000000   9
245.20000000000000000000   9
245.30000000000000000000   7
245.40000000000000000000   7
245.50000000000000000000   6
245.60000000000000000000   8
245.70000000000000000000   11
245.80000000000000000000   16
245.90000000000000000000   14
246.00000000000000000000   12
246.10000000000000000000   11
246.20000000000000000000   7
246.30000000000000000000   13
246.40000000000000000000   13
246.50000000000000000000   16
246.60000000000000000000   13
246.70000000000000000000   14
246.80000000000000000000   12
246.90000000000000000000   11
247.00000000000000000000   8
247.10000000000000000000   10
247.20000000000000000000   10
247.30000000000000000000   11
247.40000000000000000000   11
247.50000000000000000000   10
247.60000000000000000000   12
247.70000000000000000000   10
247.80000000000000000000   11
247.90000000000000000000   9
248.00000000000000000000   10
248.10000000000000000000   13
248.20000000000000000000   13
248.30000000000000000000   12
248.40000000000000000000   13
248.50000000000000000000   14
248.60000000000000000000   15
248.70000000000000000000   14
248.80000000000000000000   15
248.90000000000000000000   13
249.00000000000000000000   13
249.10000000000000000000   14
249.20000000000000000000   18
249.30000000000000000000   12
249.40000000000000000000   7
249.50000000000000000000   7
249.60000000000000000000   13
249.70000000000000000000   8
249.80000000000000000000   10
249.90000000000000000000   10
250.00000000000000000000   11
250.10000000000000000000   10
250.20000000000000000000   11
250.30000000000000000000   10
250.40000000000000000000   11
250.50000000000000000000   12
250.60000000000000000000   11
250.70000000000000000000   11
250.80000000000000000000   12
250.90000000000000000000   11
251.00000000000000000000   12
251.10000000000000000000   9
251.20000000000000000000   10
251.30000000000000000000   12
251.40000000000000000000   17
251.50000000000000000000   14
251.60000000000000000000   16
251.70000000000000000000   19
251.80000000000000000000   15
251.90000000000000000000   12
252.00000000000000000000   8
252.10000000000000000000   16
252.20000000000000000000   10
252.30000000000000000000   10
252.40000000000000000000   14
252.50000000000000000000   17
252.60000000000000000000   14
252.70000000000000000000   9
252.80000000000000000000   8
252.90000000000000000000   9
253.00000000000000000000   8
253.10000000000000000000   9
253.20000000000000000000   11
253.30000000000000000000   10
253.40000000000000000000   10
253.50000000000000000000   12
253.60000000000000000000   15
253.70000000000000000000   9
253.80000000000000000000   9
253.90000000000000000000   9
254.00000000000000000000   7
254.10000000000000000000   8
254.20000000000000000000   8
254.30000000000000000000   9
254.40000000000000000000   5
254.50000000000000000000   9
254.60000000000000000000   7
254.70000000000000000000   6
254.80000000000000000000   6
254.90000000000000000000   8
255.00000000000000000000   6
255.10000000000000000000   7
255.20000000000000000000   10
255.30000000000000000000   15
255.40000000000000000000   10
255.50000000000000000000   14
255.60000000000000000000   7
255.70000000000000000000   9
255.80000000000000000000   5
255.90000000000000000000   3
256.00000000000000000000   4
256.10000000000000000000   8
256.20000000000000000000   1
256.30000000000000000000   2
256.40000000000000000000   4
256.50000000000000000000   8
256.60000000000000000000   8
256.70000000000000000000   9
256.80000000000000000000   9
256.90000000000000000000   13
257.00000000000000000000   12
257.10000000000000000000   9
257.20000000000000000000   4
257.30000000000000000000   5
257.40000000000000000000   3
257.50000000000000000000   7
257.60000000000000000000   7
257.70000000000000000000   7
257.80000000000000000000   8
257.90000000000000000000   7
258.00000000000000000000   6
258.10000000000000000000   7
258.20000000000000000000   11
258.30000000000000000000   11
258.40000000000000000000   13
258.50000000000000000000   12
258.60000000000000000000   10
258.70000000000000000000   12
258.80000000000000000000   14
258.90000000000000000000   17
259.00000000000000000000   19
259.10000000000000000000   13
259.20000000000000000000   13
259.30000000000000000000   16
259.40000000000000000000   12
259.50000000000000000000   9
259.60000000000000000000   15
259.70000000000000000000   8
259.80000000000000000000   7
259.90000000000000000000   9
260.00000000000000000000   10
260.10000000000000000000   12
260.20000000000000000000   15
260.30000000000000000000   14
260.40000000000000000000   16
260.50000000000000000000   16
260.60000000000000000000   15
260.70000000000000000000   19
260.80000000000000000000   17
260.90000000000000000000   18
261.00000000000000000000   17
261.10000000000000000000   18
261.20000000000000000000   18
261.30000000000000000000   16
261.40000000000000000000   22
261.50000000000000000000   19
261.60000000000000000000   20
261.70000000000000000000   19
261.80000000000000000000   20
261.90000000000000000000   21
262.00000000000000000000   18
262.10000000000000000000   15
262.20000000000000000000   15
262.30000000000000000000   16
262.40000000000000000000   16
262.50000000000000000000   16
262.60000000000000000000   14
262.70000000000000000000   12
262.80000000000000000000   18
262.90000000000000000000   14
263.00000000000000000000   15
263.10000000000000000000   15
263.20000000000000000000   17
263.30000000000000000000   13
263.40000000000000000000   13
263.50000000000000000000   7
263.60000000000000000000   6
263.70000000000000000000   8
263.80000000000000000000   5
263.90000000000000000000   7
264.00000000000000000000   6
264.10000000000000000000   8
264.20000000000000000000   9
264.30000000000000000000   9
264.40000000000000000000   9
264.50000000000000000000   11
264.60000000000000000000   13
264.70000000000000000000   11
264.80000000000000000000   14
264.90000000000000000000   9
265.00000000000000000000   10
265.10000000000000000000   13
265.20000000000000000000   8
265.30000000000000000000   14
265.40000000000000000000   13
265.50000000000000000000   19
265.60000000000000000000   16
265.70000000000000000000   12
265.80000000000000000000   15
265.90000000000000000000   10
266.00000000000000000000   9
266.10000000000000000000   10
266.20000000000000000000   12
266.30000000000000000000   12
266.40000000000000000000   11
266.50000000000000000000   13
266.60000000000000000000   10
266.70000000000000000000   12
266.80000000000000000000   10
266.90000000000000000000   7
267.00000000000000000000   2
267.10000000000000000000   10
267.20000000000000000000   8
267.30000000000000000000   11
267.40000000000000000000   11
267.50000000000000000000   12
267.60000000000000000000   16
267.70000000000000000000   13
267.80000000000000000000   11
267.90000000000000000000   10
268.00000000000000000000   12
268.10000000000000000000   7
268.20000000000000000000   10
268.30000000000000000000   8
268.40000000000000000000   8
268.50000000000000000000   4
268.60000000000000000000   7
268.70000000000000000000   8
268.80000000000000000000   6
268.90000000000000000000   6
269.00000000000000000000   8
269.10000000000000000000   9
269.20000000000000000000   7
269.30000000000000000000   6
269.40000000000000000000   11
269.50000000000000000000   8
269.60000000000000000000   10
269.70000000000000000000   4
269.80000000000000000000   8
269.90000000000000000000   6
270.00000000000000000000   8
270.10000000000000000000   9
270.20000000000000000000   10
270.30000000000000000000   12
270.40000000000000000000   15
270.50000000000000000000   15
270.60000000000000000000   13
270.70000000000000000000   12
270.80000000000000000000   12
270.90000000000000000000   14
271.00000000000000000000   11
271.10000000000000000000   15
271.20000000000000000000   13
271.30000000000000000000   12
271.40000000000000000000   11
271.50000000000000000000   11
271.60000000000000000000   10
271.70000000000000000000   12
271.80000000000000000000   11
271.90000000000000000000   15
272.00000000000000000000   13
272.10000000000000000000   10
272.20000000000000000000   13
272.30000000000000000000   14
272.40000000000000000000   13
272.50000000000000000000   11
272.60000000000000000000   9
272.70000000000000000000   9
272.80000000000000000000   9
272.90000000000000000000   11
273.00000000000000000000   9
273.10000000000000000000   8
273.20000000000000000000   10
273.30000000000000000000   16
273.40000000000000000000   13
273.50000000000000000000   15
273.60000000000000000000   10
273.70000000000000000000   11
273.80000000000000000000   10
273.90000000000000000000   10
274.00000000000000000000   10
274.10000000000000000000   9
274.20000000000000000000   6
274.30000000000000000000   8
274.40000000000000000000   8
274.50000000000000000000   6
274.60000000000000000000   6
274.70000000000000000000   4
274.80000000000000000000   12
274.90000000000000000000   8
275.00000000000000000000   11
275.10000000000000000000   12
275.20000000000000000000   9
275.30000000000000000000   7
275.40000000000000000000   9
275.50000000000000000000   9
275.60000000000000000000   12
275.70000000000000000000   12
275.80000000000000000000   10
275.90000000000000000000   7
276.00000000000000000000   13
276.10000000000000000000   9
276.20000000000000000000   10
276.30000000000000000000   13
276.40000000000000000000   9
276.50000000000000000000   11
276.60000000000000000000   18
276.70000000000000000000   12
276.80000000000000000000   15
276.90000000000000000000   18
277.00000000000000000000   16
277.10000000000000000000   17
277.20000000000000000000   17
277.30000000000000000000   15
277.40000000000000000000   19
277.50000000000000000000   14
277.60000000000000000000   20
277.70000000000000000000   17
277.80000000000000000000   17
277.90000000000000000000   23
278.00000000000000000000   19
278.10000000000000000000   21
278.20000000000000000000   16
278.30000000000000000000   19
278.40000000000000000000   14
278.50000000000000000000   19
278.60000000000000000000   18
278.70000000000000000000   18
278.80000000000000000000   16
278.90000000000000000000   18
279.00000000000000000000   13
279.10000000000000000000   17
279.20000000000000000000   18
279.30000000000000000000   17
279.40000000000000000000   14
279.50000000000000000000   15
279.60000000000000000000   9
279.70000000000000000000   14
279.80000000000000000000   11
279.90000000000000000000   14
280.00000000000000000000   16
280.10000000000000000000   16
280.20000000000000000000   13
280.30000000000000000000   12
280.40000000000000000000   13
280.50000000000000000000   13
280.60000000000000000000   16
280.70000000000000000000   15
280.80000000000000000000   12
280.90000000000000000000   12
281.00000000000000000000   17
281.10000000000000000000   9
281.20000000000000000000   9
281.30000000000000000000   12
281.40000000000000000000   11
281.50000000000000000000   13
281.60000000000000000000   12
281.70000000000000000000   10
281.80000000000000000000   9
281.90000000000000000000   8
282.00000000000000000000   8
282.10000000000000000000   8
282.20000000000000000000   9
282.30000000000000000000   10
282.40000000000000000000   8
282.50000000000000000000   10
282.60000000000000000000   14
282.70000000000000000000   8
282.80000000000000000000   12
282.90000000000000000000   4
283.00000000000000000000   9
283.10000000000000000000   16
283.20000000000000000000   14
283.30000000000000000000   15
283.40000000000000000000   17
283.50000000000000000000   20
283.60000000000000000000   19
283.70000000000000000000   15
283.80000000000000000000   16
283.90000000000000000000   17
284.00000000000000000000   9
284.10000000000000000000   14
284.20000000000000000000   15
284.30000000000000000000   18
284.40000000000000000000   14
284.50000000000000000000   11
284.60000000000000000000   9
284.70000000000000000000   7
284.80000000000000000000   11
284.90000000000000000000   7
285.00000000000000000000   9
285.10000000000000000000   9
285.20000000000000000000   12
285.30000000000000000000   8
285.40000000000000000000   11
285.50000000000000000000   12
285.60000000000000000000   12
285.70000000000000000000   11
285.80000000000000000000   12
285.90000000000000000000   12
286.00000000000000000000   15
286.10000000000000000000   14
286.20000000000000000000   13
286.30000000000000000000   13
286.40000000000000000000   15
286.50000000000000000000   16
286.60000000000000000000   13
286.70000000000000000000   16
286.80000000000000000000   13
286.90000000000000000000   8
287.00000000000000000000   9
287.10000000000000000000   10
287.20000000000000000000   11
287.30000000000000000000   14
287.40000000000000000000   10
287.50000000000000000000   4
287.60000000000000000000   5
287.70000000000000000000   7
287.80000000000000000000   11
287.90000000000000000000   12
288.00000000000000000000   14
288.10000000000000000000   8
288.20000000000000000000   5
288.30000000000000000000   10
288.40000000000000000000   6
288.50000000000000000000   9
288.60000000000000000000   13
288.70000000000000000000   9
288.80000000000000000000   6
288.90000000000000000000   9
289.00000000000000000000   10
289.10000000000000000000   9
289.20000000000000000000   10
289.30000000000000000000   10
289.40000000000000000000   8
289.50000000000000000000   13
289.60000000000000000000   12
289.70000000000000000000   13
289.80000000000000000000   15
289.90000000000000000000   13
290.00000000000000000000   13
290.10000000000000000000   16
290.20000000000000000000   15
290.30000000000000000000   12
290.40000000000000000000   12
290.50000000000000000000   14
290.60000000000000000000   9
290.70000000000000000000   7
290.80000000000000000000   9
290.90000000000000000000   5
291.00000000000000000000   5
291.10000000000000000000   9
291.20000000000000000000   9
291.30000000000000000000   9
291.40000000000000000000   9
291.50000000000000000000   7
291.60000000000000000000   9
291.70000000000000000000   6
291.80000000000000000000   9
291.90000000000000000000   9
292.00000000000000000000   8
292.10000000000000000000   8
292.20000000000000000000   12
292.30000000000000000000   11
292.40000000000000000000   9
292.50000000000000000000   13
292.60000000000000000000   14
292.70000000000000000000   12
292.80000000000000000000   9
292.90000000000000000000   13
293.00000000000000000000   9
293.10000000000000000000   10
293.20000000000000000000   6
293.30000000000000000000   9
293.40000000000000000000   10
293.50000000000000000000   13
293.60000000000000000000   10
293.70000000000000000000   10
293.80000000000000000000   9
293.90000000000000000000   10
294.00000000000000000000   9
294.10000000000000000000   13
294.20000000000000000000   11
294.30000000000000000000   10
294.40000000000000000000   9
294.50000000000000000000   12
294.60000000000000000000   8
294.70000000000000000000   8
294.80000000000000000000   6
294.90000000000000000000   6
295.00000000000000000000   8
295.10000000000000000000   15
295.20000000000000000000   12
295.30000000000000000000   9
295.40000000000000000000   9
295.50000000000000000000   7
295.60000000000000000000   10
295.70000000000000000000   8
295.80000000000000000000   9
295.90000000000000000000   10
296.00000000000000000000   14
296.10000000000000000000   13
296.20000000000000000000   10
296.30000000000000000000   9
296.40000000000000000000   14
296.50000000000000000000   8
296.60000000000000000000   12
296.70000000000000000000   9
296.80000000000000000000   12
296.90000000000000000000   13
297.00000000000000000000   11
297.10000000000000000000   12
297.20000000000000000000   10
297.30000000000000000000   11
297.40000000000000000000   16
297.50000000000000000000   13
297.60000000000000000000   14
297.70000000000000000000   15
297.80000000000000000000   13
297.90000000000000000000   12
298.00000000000000000000   11
298.10000000000000000000   11
298.20000000000000000000   9
298.30000000000000000000   10
298.40000000000000000000   11
298.50000000000000000000   5
298.60000000000000000000   9
298.70000000000000000000   12
298.80000000000000000000   12
298.90000000000000000000   10
299.00000000000000000000   8
299.10000000000000000000   10
299.20000000000000000000   7
299.30000000000000000000   9
299.40000000000000000000   10
299.50000000000000000000   7
299.60000000000000000000   6
299.70000000000000000000   10
299.80000000000000000000   9
299.90000000000000000000   11
300.00000000000000000000   10
300.10000000000000000000   8
300.20000000000000000000   8
300.30000000000000000000   14
300.40000000000000000000   7
300.50000000000000000000   8
300.60000000000000000000   6
300.70000000000000000000   4
300.80000000000000000000   8
300.90000000000000000000   13
301.00000000000000000000   14
301.10000000000000000000   14
301.20000000000000000000   21
301.30000000000000000000   10
301.40000000000000000000   16
301.50000000000000000000   13
301.60000000000000000000   13
301.70000000000000000000   10
301.80000000000000000000   11
301.90000000000000000000   14
302.00000000000000000000   18
302.10000000000000000000   22
302.20000000000000000000   16
302.30000000000000000000   22
302.40000000000000000000   21
302.50000000000000000000   23
302.60000000000000000000   23
302.70000000000000000000   19
302.80000000000000000000   17
302.90000000000000000000   15
303.00000000000000000000   18
303.10000000000000000000   21
303.20000000000000000000   19
303.30000000000000000000   16
303.40000000000000000000   18
303.50000000000000000000   22
303.60000000000000000000   19
303.70000000000000000000   23
303.80000000000000000000   22
303.90000000000000000000   19
304.00000000000000000000   23
304.10000000000000000000   18
304.20000000000000000000   17
304.30000000000000000000   17
304.40000000000000000000   20
304.50000000000000000000   19
304.60000000000000000000   20
304.70000000000000000000   16
304.80000000000000000000   23
304.90000000000000000000   19
305.00000000000000000000   19
305.10000000000000000000   21
305.20000000000000000000   21
305.30000000000000000000   15
305.40000000000000000000   21
305.50000000000000000000   22
305.60000000000000000000   18
305.70000000000000000000   19
305.80000000000000000000   20
305.90000000000000000000   17
306.00000000000000000000   18
306.10000000000000000000   15
306.20000000000000000000   22
306.30000000000000000000   21
306.40000000000000000000   21
306.50000000000000000000   20
306.60000000000000000000   16
306.70000000000000000000   18
306.80000000000000000000   17
306.90000000000000000000   16
307.00000000000000000000   11
307.10000000000000000000   14
307.20000000000000000000   11
307.30000000000000000000   12
307.40000000000000000000   14
307.50000000000000000000   21
307.60000000000000000000   15
307.70000000000000000000   13
307.80000000000000000000   17
307.90000000000000000000   15
308.00000000000000000000   21
308.10000000000000000000   13
308.20000000000000000000   14
308.30000000000000000000   17
308.40000000000000000000   18
308.50000000000000000000   22
308.60000000000000000000   13
308.70000000000000000000   15
308.80000000000000000000   19
308.90000000000000000000   18
309.00000000000000000000   14
309.10000000000000000000   14
309.20000000000000000000   12
309.30000000000000000000   15
309.40000000000000000000   15
309.50000000000000000000   14
309.60000000000000000000   17
309.70000000000000000000   10
309.80000000000000000000   16
309.90000000000000000000   18
310.00000000000000000000   17
310.10000000000000000000   16
310.20000000000000000000   21
310.30000000000000000000   26
310.40000000000000000000   20
310.50000000000000000000   19
310.60000000000000000000   21
310.70000000000000000000   21
310.80000000000000000000   20
310.90000000000000000000   23
311.00000000000000000000   22
311.10000000000000000000   23
311.20000000000000000000   19
311.30000000000000000000   15
311.40000000000000000000   15
311.50000000000000000000   13
311.60000000000000000000   12
311.70000000000000000000   18
311.80000000000000000000   13
311.90000000000000000000   19
312.00000000000000000000   19
312.10000000000000000000   19
312.20000000000000000000   18
312.30000000000000000000   18
312.40000000000000000000   18
312.50000000000000000000   17
312.60000000000000000000   12
312.70000000000000000000   18
312.80000000000000000000   15
312.90000000000000000000   14
313.00000000000000000000   12
313.10000000000000000000   13
313.20000000000000000000   12
313.30000000000000000000   16
313.40000000000000000000   17
313.50000000000000000000   14
313.60000000000000000000   12
313.70000000000000000000   12
313.80000000000000000000   17
313.90000000000000000000   16
314.00000000000000000000   13
314.10000000000000000000   14
314.20000000000000000000   15
314.30000000000000000000   14
314.40000000000000000000   17
314.50000000000000000000   12
314.60000000000000000000   15
314.70000000000000000000   18
314.80000000000000000000   15
314.90000000000000000000   13
315.00000000000000000000   15
315.10000000000000000000   17
315.20000000000000000000   19
315.30000000000000000000   19
315.40000000000000000000   17
315.50000000000000000000   19
315.60000000000000000000   21
315.70000000000000000000   20
315.80000000000000000000   18
315.90000000000000000000   17
316.00000000000000000000   16
316.10000000000000000000   16
316.20000000000000000000   19
316.30000000000000000000   17
316.40000000000000000000   15
316.50000000000000000000   18
316.60000000000000000000   19
316.70000000000000000000   16
316.80000000000000000000   19
316.90000000000000000000   19
317.00000000000000000000   21
317.10000000000000000000   15
317.20000000000000000000   13
317.30000000000000000000   13
317.40000000000000000000   12
317.50000000000000000000   10
317.60000000000000000000   10
317.70000000000000000000   11
317.80000000000000000000   14
317.90000000000000000000   14
318.00000000000000000000   17
318.10000000000000000000   14
318.20000000000000000000   16
318.30000000000000000000   14
318.40000000000000000000   13
318.50000000000000000000   11
318.60000000000000000000   14
318.70000000000000000000   14
318.80000000000000000000   16
318.90000000000000000000   12
319.00000000000000000000   15
319.10000000000000000000   13
319.20000000000000000000   12
319.30000000000000000000   14
319.40000000000000000000   13
319.50000000000000000000   13
319.60000000000000000000   18
319.70000000000000000000   17
319.80000000000000000000   18
319.90000000000000000000   12
320.00000000000000000000   14
320.10000000000000000000   17
320.20000000000000000000   14
320.30000000000000000000   13
320.40000000000000000000   10
320.50000000000000000000   11
320.60000000000000000000   10
320.70000000000000000000   8
320.80000000000000000000   8
320.90000000000000000000   10
321.00000000000000000000   9
321.10000000000000000000   10
321.20000000000000000000   8
321.30000000000000000000   7
321.40000000000000000000   7
321.50000000000000000000   10
321.60000000000000000000   10
321.70000000000000000000   12
321.80000000000000000000   8
321.90000000000000000000   12
322.00000000000000000000   12
322.10000000000000000000   8
322.20000000000000000000   13
322.30000000000000000000   14
322.40000000000000000000   9
322.50000000000000000000   13
322.60000000000000000000   10
322.70000000000000000000   13
322.80000000000000000000   11
322.90000000000000000000   11
323.00000000000000000000   13
323.10000000000000000000   13
323.20000000000000000000   11
323.30000000000000000000   8
323.40000000000000000000   9
323.50000000000000000000   11
323.60000000000000000000   10
323.70000000000000000000   10
323.80000000000000000000   8
323.90000000000000000000   10
324.00000000000000000000   14
324.10000000000000000000   8
324.20000000000000000000   7
324.30000000000000000000   9
324.40000000000000000000   8
324.50000000000000000000   11
324.60000000000000000000   10
324.70000000000000000000   13
324.80000000000000000000   14
324.90000000000000000000   10
325.00000000000000000000   10
325.10000000000000000000   7
325.20000000000000000000   13
325.30000000000000000000   8
325.40000000000000000000   8
325.50000000000000000000   11
325.60000000000000000000   11
325.70000000000000000000   11
325.80000000000000000000   11
325.90000000000000000000   10
326.00000000000000000000   8
326.10000000000000000000   13
326.20000000000000000000   14
326.30000000000000000000   7
326.40000000000000000000   8
326.50000000000000000000   8
326.60000000000000000000   7
326.70000000000000000000   10
326.80000000000000000000   10
326.90000000000000000000   7
327.00000000000000000000   9
327.10000000000000000000   7
327.20000000000000000000   13
327.30000000000000000000   10
327.40000000000000000000   10
327.50000000000000000000   11
327.60000000000000000000   9
327.70000000000000000000   9
327.80000000000000000000   11
327.90000000000000000000   8
328.00000000000000000000   11
328.10000000000000000000   8
328.20000000000000000000   9
328.30000000000000000000   14
328.40000000000000000000   8
328.50000000000000000000   9
328.60000000000000000000   6
328.70000000000000000000   7
328.80000000000000000000   12
328.90000000000000000000   14
329.00000000000000000000   13
329.10000000000000000000   8
329.20000000000000000000   15
329.30000000000000000000   9
329.40000000000000000000   11
329.50000000000000000000   11
329.60000000000000000000   14
329.70000000000000000000   8
329.80000000000000000000   15
329.90000000000000000000   12
330.00000000000000000000   13
330.10000000000000000000   15
330.20000000000000000000   10
330.30000000000000000000   13
330.40000000000000000000   11
330.50000000000000000000   11
330.60000000000000000000   8
330.70000000000000000000   12
330.80000000000000000000   8
330.90000000000000000000   13
331.00000000000000000000   12
331.10000000000000000000   11
331.20000000000000000000   11
331.30000000000000000000   15
331.40000000000000000000   11
331.50000000000000000000   8
331.60000000000000000000   9
331.70000000000000000000   6
331.80000000000000000000   8
331.90000000000000000000   9
332.00000000000000000000   8
332.10000000000000000000   13
332.20000000000000000000   11
332.30000000000000000000   9
332.40000000000000000000   8
332.50000000000000000000   12
332.60000000000000000000   17
332.70000000000000000000   15
332.80000000000000000000   16
332.90000000000000000000   14
333.00000000000000000000   16
333.10000000000000000000   13
333.20000000000000000000   15
333.30000000000000000000   15
333.40000000000000000000   17
333.50000000000000000000   16
333.60000000000000000000   14
333.70000000000000000000   13
333.80000000000000000000   10
333.90000000000000000000   9
334.00000000000000000000   11
334.10000000000000000000   8
334.20000000000000000000   9
334.30000000000000000000   8
334.40000000000000000000   10
334.50000000000000000000   9
334.60000000000000000000   9
334.70000000000000000000   15
334.80000000000000000000   12
334.90000000000000000000   12
335.00000000000000000000   9
335.10000000000000000000   10
335.20000000000000000000   12
335.30000000000000000000   9
335.40000000000000000000   6
335.50000000000000000000   9
335.60000000000000000000   8
335.70000000000000000000   11
335.80000000000000000000   11
335.90000000000000000000   10
336.00000000000000000000   12
336.10000000000000000000   9
336.20000000000000000000   10
336.30000000000000000000   9
336.40000000000000000000   12
336.50000000000000000000   14
336.60000000000000000000   14
336.70000000000000000000   13
336.80000000000000000000   12
336.90000000000000000000   13
337.00000000000000000000   14
337.10000000000000000000   15
337.20000000000000000000   14
337.30000000000000000000   18
337.40000000000000000000   19
337.50000000000000000000   16
337.60000000000000000000   16
337.70000000000000000000   24
337.80000000000000000000   17
337.90000000000000000000   23
338.00000000000000000000   21
338.10000000000000000000   21
338.20000000000000000000   24
338.30000000000000000000   22
338.40000000000000000000   19
338.50000000000000000000   15
338.60000000000000000000   15
338.70000000000000000000   13
338.80000000000000000000   14
338.90000000000000000000   16
339.00000000000000000000   14
339.10000000000000000000   14
339.20000000000000000000   14
339.30000000000000000000   12
339.40000000000000000000   12
339.50000000000000000000   12
339.60000000000000000000   13
339.70000000000000000000   13
339.80000000000000000000   14
339.90000000000000000000   12
340.00000000000000000000   9
340.10000000000000000000   12
340.20000000000000000000   13
340.30000000000000000000   14
340.40000000000000000000   16
340.50000000000000000000   10
340.60000000000000000000   13
340.70000000000000000000   13
340.80000000000000000000   8
340.90000000000000000000   9
341.00000000000000000000   11
341.10000000000000000000   11
341.20000000000000000000   8
341.30000000000000000000   8
341.40000000000000000000   11
341.50000000000000000000   7
341.60000000000000000000   7
341.70000000000000000000   7
341.80000000000000000000   8
341.90000000000000000000   6
342.00000000000000000000   7
342.10000000000000000000   8
342.20000000000000000000   9
342.30000000000000000000   9
342.40000000000000000000   9
342.50000000000000000000   9
342.60000000000000000000   9
342.70000000000000000000   9
342.80000000000000000000   11
342.90000000000000000000   7
343.00000000000000000000   6
343.10000000000000000000   8
343.20000000000000000000   7
343.30000000000000000000   11
343.40000000000000000000   9
343.50000000000000000000   9
343.60000000000000000000   12
343.70000000000000000000   11
343.80000000000000000000   7
343.90000000000000000000   6
344.00000000000000000000   8
344.10000000000000000000   11
344.20000000000000000000   9
344.30000000000000000000   12
344.40000000000000000000   8
344.50000000000000000000   11
344.60000000000000000000   10
344.70000000000000000000   11
344.80000000000000000000   14
344.90000000000000000000   12
345.00000000000000000000   13
345.10000000000000000000   16
345.20000000000000000000   13
345.30000000000000000000   16
345.40000000000000000000   14
345.50000000000000000000   15
345.60000000000000000000   16
345.70000000000000000000   11
345.80000000000000000000   11
345.90000000000000000000   11
346.00000000000000000000   9
346.10000000000000000000   11
346.20000000000000000000   13
346.30000000000000000000   15
346.40000000000000000000   11
346.50000000000000000000   11
346.60000000000000000000   15
346.70000000000000000000   14
346.80000000000000000000   9
346.90000000000000000000   11
347.00000000000000000000   12
347.10000000000000000000   11
347.20000000000000000000   12
347.30000000000000000000   7
347.40000000000000000000   7
347.50000000000000000000   9
347.60000000000000000000   15
347.70000000000000000000   11
347.80000000000000000000   12
347.90000000000000000000   15
348.00000000000000000000   9
348.10000000000000000000   14
348.20000000000000000000   11
348.30000000000000000000   14
348.40000000000000000000   14
348.50000000000000000000   14
348.60000000000000000000   15
348.70000000000000000000   13
348.80000000000000000000   15
348.90000000000000000000   15
349.00000000000000000000   14
349.10000000000000000000   16
349.20000000000000000000   17
349.30000000000000000000   14
349.40000000000000000000   12
349.50000000000000000000   12
349.60000000000000000000   11
349.70000000000000000000   10
349.80000000000000000000   10
349.90000000000000000000   16
350.00000000000000000000   19
350.10000000000000000000   13
350.20000000000000000000   16
350.30000000000000000000   13
350.40000000000000000000   16
350.50000000000000000000   13
350.60000000000000000000   14
350.70000000000000000000   13
350.80000000000000000000   15
350.90000000000000000000   14
351.00000000000000000000   14
351.10000000000000000000   18
351.20000000000000000000   14
351.30000000000000000000   15
351.40000000000000000000   15
351.50000000000000000000   20
351.60000000000000000000   20
351.70000000000000000000   19
351.80000000000000000000   20
351.90000000000000000000   22
352.00000000000000000000   22
352.10000000000000000000   19
352.20000000000000000000   18
352.30000000000000000000   20
352.40000000000000000000   19
352.50000000000000000000   20
352.60000000000000000000   19
352.70000000000000000000   23
352.80000000000000000000   22
352.90000000000000000000   23
353.00000000000000000000   19
353.10000000000000000000   21
353.20000000000000000000   20
353.30000000000000000000   20
353.40000000000000000000   19
353.50000000000000000000   20
353.60000000000000000000   20
353.70000000000000000000   21
353.80000000000000000000   20
353.90000000000000000000   20
354.00000000000000000000   20
354.10000000000000000000   20
354.20000000000000000000   20
354.30000000000000000000   22
354.40000000000000000000   20
354.50000000000000000000   23
354.60000000000000000000   18
354.70000000000000000000   20
354.80000000000000000000   20
354.90000000000000000000   18
355.00000000000000000000   18
355.10000000000000000000   18
355.20000000000000000000   16
355.30000000000000000000   14
355.40000000000000000000   17
355.50000000000000000000   18
355.60000000000000000000   18
355.70000000000000000000   23
355.80000000000000000000   22
355.90000000000000000000   21
356.00000000000000000000   22
356.10000000000000000000   19
356.20000000000000000000   22
356.30000000000000000000   21
356.40000000000000000000   16
356.50000000000000000000   18
356.60000000000000000000   18
356.70000000000000000000   19
356.80000000000000000000   21
356.90000000000000000000   18
357.00000000000000000000   19
357.10000000000000000000   17
357.20000000000000000000   17
357.30000000000000000000   20
357.40000000000000000000   20
357.50000000000000000000   19
357.60000000000000000000   17
357.70000000000000000000   18
357.80000000000000000000   20
357.90000000000000000000   18
358.00000000000000000000   17
358.10000000000000000000   15
358.20000000000000000000   20
358.30000000000000000000   19
358.40000000000000000000   20
358.50000000000000000000   20
358.60000000000000000000   19
358.70000000000000000000   17
358.80000000000000000000   19
358.90000000000000000000   22
359.00000000000000000000   16
359.10000000000000000000   23
359.20000000000000000000   23
359.30000000000000000000   23
359.40000000000000000000   21
359.50000000000000000000   20
359.60000000000000000000   19
359.70000000000000000000   17
359.80000000000000000000   14
359.90000000000000000000   14
360.00000000000000000000   16
360.10000000000000000000   17
360.20000000000000000000   19
360.30000000000000000000   17
360.40000000000000000000   13
360.50000000000000000000   18
360.60000000000000000000   17
360.70000000000000000000   17
360.80000000000000000000   15
360.90000000000000000000   15
361.00000000000000000000   15
361.10000000000000000000   19
361.20000000000000000000   20
361.30000000000000000000   17
361.40000000000000000000   20
361.50000000000000000000   16
361.60000000000000000000   17
361.70000000000000000000   15
361.80000000000000000000   14
361.90000000000000000000   17
362.00000000000000000000   18
362.10000000000000000000   19
362.20000000000000000000   17
362.30000000000000000000   16
362.40000000000000000000   20
362.50000000000000000000   19
362.60000000000000000000   21
362.70000000000000000000   24
362.80000000000000000000   22
362.90000000000000000000   19
363.00000000000000000000   21
363.10000000000000000000   20
363.20000000000000000000   20
363.30000000000000000000   17
363.40000000000000000000   17
363.50000000000000000000   16
363.60000000000000000000   13
363.70000000000000000000   16
363.80000000000000000000   19
363.90000000000000000000   19
364.00000000000000000000   16
364.10000000000000000000   19
364.20000000000000000000   19
364.30000000000000000000   17
364.40000000000000000000   20
364.50000000000000000000   15
364.60000000000000000000   21
364.70000000000000000000   19
364.80000000000000000000   15
364.90000000000000000000   12
365.00000000000000000000   13
365.10000000000000000000   14
365.20000000000000000000   19
365.30000000000000000000   17
365.40000000000000000000   21
365.50000000000000000000   20
365.60000000000000000000   19
365.70000000000000000000   19
365.80000000000000000000   18
365.90000000000000000000   20
366.00000000000000000000   20
366.10000000000000000000   18
366.20000000000000000000   14
366.30000000000000000000   16
366.40000000000000000000   22
366.50000000000000000000   19
366.60000000000000000000   18
366.70000000000000000000   20
366.80000000000000000000   17
366.90000000000000000000   15
367.00000000000000000000   14
367.10000000000000000000   14
367.20000000000000000000   12
367.30000000000000000000   13
367.40000000000000000000   14
367.50000000000000000000   12
367.60000000000000000000   14
367.70000000000000000000   14
367.80000000000000000000   15
367.90000000000000000000   16
368.00000000000000000000   21
368.10000000000000000000   17
368.20000000000000000000   17
368.30000000000000000000   18
368.40000000000000000000   12
368.50000000000000000000   16
368.60000000000000000000   11
368.70000000000000000000   16
368.80000000000000000000   17
368.90000000000000000000   13
369.00000000000000000000   9
369.10000000000000000000   15
369.20000000000000000000   15
369.30000000000000000000   16
369.40000000000000000000   16
369.50000000000000000000   19
369.60000000000000000000   22
369.70000000000000000000   19
369.80000000000000000000   19
369.90000000000000000000   20
370.00000000000000000000   20
370.10000000000000000000   20
370.20000000000000000000   19
370.30000000000000000000   22
370.40000000000000000000   18
370.50000000000000000000   20
370.60000000000000000000   20
370.70000000000000000000   20
370.80000000000000000000   22
370.90000000000000000000   19
371.00000000000000000000   18
371.10000000000000000000   19
371.20000000000000000000   17
371.30000000000000000000   18
371.40000000000000000000   18
371.50000000000000000000   15
371.60000000000000000000   18
371.70000000000000000000   14
371.80000000000000000000   13
371.90000000000000000000   14
372.00000000000000000000   13
372.10000000000000000000   12
372.20000000000000000000   15
372.30000000000000000000   12
372.40000000000000000000   14
372.50000000000000000000   15
372.60000000000000000000   18
372.70000000000000000000   16
372.80000000000000000000   16
372.90000000000000000000   18
373.00000000000000000000   12
373.10000000000000000000   10
373.20000000000000000000   16
373.30000000000000000000   14
373.40000000000000000000   12
373.50000000000000000000   11
373.60000000000000000000   13
373.70000000000000000000   11
373.80000000000000000000   13
373.90000000000000000000   14
374.00000000000000000000   15
374.10000000000000000000   11
374.20000000000000000000   12
374.30000000000000000000   11
374.40000000000000000000   12
374.50000000000000000000   14
374.60000000000000000000   14
374.70000000000000000000   9
374.80000000000000000000   10
374.90000000000000000000   9
375.00000000000000000000   11
375.10000000000000000000   9
375.20000000000000000000   11
375.30000000000000000000   9
375.40000000000000000000   9
375.50000000000000000000   6
375.60000000000000000000   8
375.70000000000000000000   14
375.80000000000000000000   16
375.90000000000000000000   16
376.00000000000000000000   12
376.10000000000000000000   14
376.20000000000000000000   13
376.30000000000000000000   17
376.40000000000000000000   22
376.50000000000000000000   15
376.60000000000000000000   16
376.70000000000000000000   21
376.80000000000000000000   16
376.90000000000000000000   15
377.00000000000000000000   13
377.10000000000000000000   11
377.20000000000000000000   17
377.30000000000000000000   17
377.40000000000000000000   24
377.50000000000000000000   21
377.60000000000000000000   23
377.70000000000000000000   15
377.80000000000000000000   15
377.90000000000000000000   13
378.00000000000000000000   18
378.10000000000000000000   11
378.20000000000000000000   10
378.30000000000000000000   10
378.40000000000000000000   11
378.50000000000000000000   10
378.60000000000000000000   11
378.70000000000000000000   15
378.80000000000000000000   12
378.90000000000000000000   12
379.00000000000000000000   13
379.10000000000000000000   18
379.20000000000000000000   10
379.30000000000000000000   14
379.40000000000000000000   13
379.50000000000000000000   17
379.60000000000000000000   13
379.70000000000000000000   19
379.80000000000000000000   11
379.90000000000000000000   13
380.00000000000000000000   12
380.10000000000000000000   12
380.20000000000000000000   10
380.30000000000000000000   13
380.40000000000000000000   10
380.50000000000000000000   15
380.60000000000000000000   14
380.70000000000000000000   12
380.80000000000000000000   15
380.90000000000000000000   13
381.00000000000000000000   13
381.10000000000000000000   14
381.20000000000000000000   12
381.30000000000000000000   12
381.40000000000000000000   12
381.50000000000000000000   11
381.60000000000000000000   11
381.70000000000000000000   13
381.80000000000000000000   13
381.90000000000000000000   14
382.00000000000000000000   14
382.10000000000000000000   12
382.20000000000000000000   13
382.30000000000000000000   13
382.40000000000000000000   12
382.50000000000000000000   16
382.60000000000000000000   12
382.70000000000000000000   13
382.80000000000000000000   14
382.90000000000000000000   10
383.00000000000000000000   10
383.10000000000000000000   12
383.20000000000000000000   14
383.30000000000000000000   11
383.40000000000000000000   9
383.50000000000000000000   11
383.60000000000000000000   8
383.70000000000000000000   8
383.80000000000000000000   9
383.90000000000000000000   9
384.00000000000000000000   13
384.10000000000000000000   11
384.20000000000000000000   8
384.30000000000000000000   8
384.40000000000000000000   10
384.50000000000000000000   12
384.60000000000000000000   15
384.70000000000000000000   13
384.80000000000000000000   11
384.90000000000000000000   9
385.00000000000000000000   15
385.10000000000000000000   15
385.20000000000000000000   15
385.30000000000000000000   18
385.40000000000000000000   14
385.50000000000000000000   13
385.60000000000000000000   13
385.70000000000000000000   14
385.80000000000000000000   13
385.90000000000000000000   11
386.00000000000000000000   11
386.10000000000000000000   11
386.20000000000000000000   12
386.30000000000000000000   9
386.40000000000000000000   9
386.50000000000000000000   11
386.60000000000000000000   10
386.70000000000000000000   8
386.80000000000000000000   8
386.90000000000000000000   9
387.00000000000000000000   8
387.10000000000000000000   7
387.20000000000000000000   8
387.30000000000000000000   11
387.40000000000000000000   10
387.50000000000000000000   9
387.60000000000000000000   8
387.70000000000000000000   8
387.80000000000000000000   7
387.90000000000000000000   9
388.00000000000000000000   9
388.10000000000000000000   13
388.20000000000000000000   10
388.30000000000000000000   14
388.40000000000000000000   10
388.50000000000000000000   14
388.60000000000000000000   12
388.70000000000000000000   9
388.80000000000000000000   8
388.90000000000000000000   10
389.00000000000000000000   12
389.10000000000000000000   13
389.20000000000000000000   15
389.30000000000000000000   12
389.40000000000000000000   13
389.50000000000000000000   12
389.60000000000000000000   12
389.70000000000000000000   14
389.80000000000000000000   12
389.90000000000000000000   14
390.00000000000000000000   10
390.10000000000000000000   13
390.20000000000000000000   14
390.30000000000000000000   14
390.40000000000000000000   12
390.50000000000000000000   13
390.60000000000000000000   13
390.70000000000000000000   12
390.80000000000000000000   18
390.90000000000000000000   13
391.00000000000000000000   16
391.10000000000000000000   16
391.20000000000000000000   12
391.30000000000000000000   14
391.40000000000000000000   16
391.50000000000000000000   16
391.60000000000000000000   16
391.70000000000000000000   15
391.80000000000000000000   15
391.90000000000000000000   13
392.00000000000000000000   12
392.10000000000000000000   12
392.20000000000000000000   7
392.30000000000000000000   10
392.40000000000000000000   12
392.50000000000000000000   10
392.60000000000000000000   9
392.70000000000000000000   10
392.80000000000000000000   13
392.90000000000000000000   11
393.00000000000000000000   9
393.10000000000000000000   11
393.20000000000000000000   14
393.30000000000000000000   10
393.40000000000000000000   10
393.50000000000000000000   9
393.60000000000000000000   12
393.70000000000000000000   8
393.80000000000000000000   12
393.90000000000000000000   9
394.00000000000000000000   14
394.10000000000000000000   10
394.20000000000000000000   9
394.30000000000000000000   7
394.40000000000000000000   7
394.50000000000000000000   9
394.60000000000000000000   8
394.70000000000000000000   8
394.80000000000000000000   9
394.90000000000000000000   12
395.00000000000000000000   10
395.10000000000000000000   8
395.20000000000000000000   7
395.30000000000000000000   11
395.40000000000000000000   9
395.50000000000000000000   10
395.60000000000000000000   6
395.70000000000000000000   7
395.80000000000000000000   9
395.90000000000000000000   11
396.00000000000000000000   14
396.10000000000000000000   18
396.20000000000000000000   16
396.30000000000000000000   14
396.40000000000000000000   16
396.50000000000000000000   15
396.60000000000000000000   15
396.70000000000000000000   12
396.80000000000000000000   17
396.90000000000000000000   14
397.00000000000000000000   20
397.10000000000000000000   16
397.20000000000000000000   14
397.30000000000000000000   19
397.40000000000000000000   18
397.50000000000000000000   17
397.60000000000000000000   20
397.70000000000000000000   21
397.80000000000000000000   20
397.90000000000000000000   21
398.00000000000000000000   19
398.10000000000000000000   22
398.20000000000000000000   23
398.30000000000000000000   20
398.40000000000000000000   19
398.50000000000000000000   18
398.60000000000000000000   20
398.70000000000000000000   18
398.80000000000000000000   21
398.90000000000000000000   21
399.00000000000000000000   21
399.10000000000000000000   21
399.20000000000000000000   21
399.30000000000000000000   21
399.40000000000000000000   21
399.50000000000000000000   21
399.60000000000000000000   21
399.70000000000000000000   21
