200.00000000000000000000   11
200.10000000000000000000   13
200.20000000000000000000   13
200.30000000000000000000   11
200.40000000000000000000   11
200.50000000000000000000   11
200.60000000000000000000   15
200.70000000000000000000   12
200.80000000000000000000   10
200.90000000000000000000   11
201.00000000000000000000   10
201.10000000000000000000   8
201.20000000000000000000   10
201.30000000000000000000   9
201.40000000000000000000   10
201.50000000000000000000   11
201.60000000000000000000   9
201.70000000000000000000   10
201.80000000000000000000   8
201.90000000000000000000   11
202.00000000000000000000   9
202.10000000000000000000   11
202.20000000000000000000   10
202.30000000000000000000   9
202.40000000000000000000   11
202.50000000000000000000   12
202.60000000000000000000   10
202.70000000000000000000   10
202.80000000000000000000   10
202.90000000000000000000   9
203.00000000000000000000   7
203.10000000000000000000   8
203.20000000000000000000   13
203.30000000000000000000   8
203.40000000000000000000   10
203.50000000000000000000   12
203.60000000000000000000   9
203.70000000000000000000   8
203.80000000000000000000   6
203.90000000000000000000   12
204.00000000000000000000   10
204.10000000000000000000   7
204.20000000000000000000   10
204.30000000000000000000   11
204.40000000000000000000   11
204.50000000000000000000   9
204.60000000000000000000   8
204.70000000000000000000   8
204.80000000000000000000   10
204.90000000000000000000   9
205.00000000000000000000   11
205.10000000000000000000   12
205.20000000000000000000   8
205.30000000000000000000   9
205.40000000000000000000   10
205.50000000000000000000   17
205.60000000000000000000   13
205.70000000000000000000   15
205.80000000000000000000   8
205.90000000000000000000   11
206.00000000000000000000   10
206.10000000000000000000   9
206.20000000000000000000   8
206.30000000000000000000   11
206.40000000000000000000   9
206.50000000000000000000   10
206.60000000000000000000   8
206.70000000000000000000   8
206.80000000000000000000   5
206.90000000000000000000   5
207.00000000000000000000   5
207.10000000000000000000   5
207.20000000000000000000   11
207.30000000000000000000   7
207.40000000000000000000   10
207.50000000000000000000   10
207.60000000000000000000   9
207.70000000000000000000   9
207.80000000000000000000   8
207.90000000000000000000   10
208.00000000000000000000   6
208.10000000000000000000   8
208.20000000000000000000   11
208.30000000000000000000   9
208.40000000000000000000   5
208.50000000000000000000   8
208.60000000000000000000   11
208.70000000000000000000   5
208.80000000000000000000   8
208.90000000000000000000   9
209.00000000000000000000   6
209.10000000000000000000   8
209.20000000000000000000   13
209.30000000000000000000   14
209.40000000000000000000   15
209.50000000000000000000   9
209.60000000000000000000   6
209.70000000000000000000   8
209.80000000000000000000   8
209.90000000000000000000   10
210.00000000000000000000   9
210.10000000000000000000   9
210.20000000000000000000   7
210.30000000000000000000   7
210.40000000000000000000   5
210.50000000000000000000   8
210.60000000000000000000   7
210.70000000000000000000   9
210.80000000000000000000   7
210.90000000000000000000   8
211.00000000000000000000   9
211.10000000000000000000   13
211.20000000000000000000   8
211.30000000000000000000   13
211.40000000000000000000   10
211.50000000000000000000   9
211.60000000000000000000   10
211.70000000000000000000   8
211.80000000000000000000   9
211.90000000000000000000   8
212.00000000000000000000   8
212.10000000000000000000   10
212.20000000000000000000   6
212.30000000000000000000   12
212.40000000000000000000   8
212.50000000000000000000   9
212.60000000000000000000   7
212.70000000000000000000   5
212.80000000000000000000   5
212.90000000000000000000   9
213.00000000000000000000   8
213.10000000000000000000   2
213.20000000000000000000   9
213.30000000000000000000   16
213.40000000000000000000   16
213.50000000000000000000   13
213.60000000000000000000   14
213.70000000000000000000   13
213.80000000000000000000   11
213.90000000000000000000   10
214.00000000000000000000   11
214.10000000000000000000   14
214.20000000000000000000   19
214.30000000000000000000   17
214.40000000000000000000   15
214.50000000000000000000   12
214.60000000000000000000   11
214.70000000000000000000   16
214.80000000000000000000   2
214.90000000000000000000   2
215.00000000000000000000   5
215.10000000000000000000   4
215.20000000000000000000   2
215.30000000000000000000   5
215.40000000000000000000   7
215.50000000000000000000   6
215.60000000000000000000   2
215.70000000000000000000   5
215.80000000000000000000   7
215.90000000000000000000   3
216.00000000000000000000   7
216.10000000000000000000   10
216.20000000000000000000   10
216.30000000000000000000   10
216.40000000000000000000   11
216.50000000000000000000   10
216.60000000000000000000   5
216.70000000000000000000   5
216.80000000000000000000   4
216.90000000000000000000   5
217.00000000000000000000   3
217.10000000000000000000   5
217.20000000000000000000   3
217.30000000000000000000   5
217.40000000000000000000   7
217.50000000000000000000   7
217.60000000000000000000   5
217.70000000000000000000   7
217.80000000000000000000   7
217.90000000000000000000   9
218.00000000000000000000   5
218.10000000000000000000   4
218.20000000000000000000   3
218.30000000000000000000   6
218.40000000000000000000   4
218.50000000000000000000   7
218.60000000000000000000   4
218.70000000000000000000   3
218.80000000000000000000   7
218.90000000000000000000   5
219.00000000000000000000   1
219.10000000000000000000   5
219.20000000000000000000   2
219.30000000000000000000   4
219.40000000000000000000   4
219.50000000000000000000   2
219.60000000000000000000   4
219.70000000000000000000   5
219.80000000000000000000   3
219.90000000000000000000   3
220.00000000000000000000   6
220.10000000000000000000   13
220.20000000000000000000   12
220.30000000000000000000   6
220.40000000000000000000   5
220.50000000000000000000   4
220.60000000000000000000   7
220.70000000000000000000   11
220.80000000000000000000   6
220.90000000000000000000   5
221.00000000000000000000   8
221.10000000000000000000   5
221.20000000000000000000   7
221.30000000000000000000   7
221.40000000000000000000   8
221.50000000000000000000   2
221.60000000000000000000   6
221.70000000000000000000   6
221.80000000000000000000   8
221.90000000000000000000   5
222.00000000000000000000   4
222.10000000000000000000   4
222.20000000000000000000   5
222.30000000000000000000   9
222.40000000000000000000   9
222.50000000000000000000   8
222.60000000000000000000   9
222.70000000000000000000   8
222.80000000000000000000   8
222.90000000000000000000   7
223.00000000000000000000   9
223.10000000000000000000   12
223.20000000000000000000   12
223.30000000000000000000   12
223.40000000000000000000   12
223.50000000000000000000   11
223.60000000000000000000   11
223.70000000000000000000   12
223.80000000000000000000   10
223.90000000000000000000   7
224.00000000000000000000   6
224.10000000000000000000   9
224.20000000000000000000   8
224.30000000000000000000   8
224.40000000000000000000   9
224.50000000000000000000   7
224.60000000000000000000   4
224.70000000000000000000   6
224.80000000000000000000   4
224.90000000000000000000   6
225.00000000000000000000   9
225.10000000000000000000   11
225.20000000000000000000   3
225.30000000000000000000   7
225.40000000000000000000   3
225.50000000000000000000   4
225.60000000000000000000   3
225.70000000000000000000   7
225.80000000000000000000   9
225.90000000000000000000   8
226.00000000000000000000   7
226.10000000000000000000   8
226.20000000000000000000   7
226.30000000000000000000   8
226.40000000000000000000   11
226.50000000000000000000   6
226.60000000000000000000   6
226.70000000000000000000   6
226.80000000000000000000   6
226.90000000000000000000   5
227.00000000000000000000   5
227.10000000000000000000   7
227.20000000000000000000   4
227.30000000000000000000   11
227.40000000000000000000   5
227.50000000000000000000   8
227.60000000000000000000   8
227.70000000000000000000   6
227.80000000000000000000   11
227.90000000000000000000   9
228.00000000000000000000   6
228.10000000000000000000   5
228.20000000000000000000   4
228.30000000000000000000   11
228.40000000000000000000   10
228.50000000000000000000   13
228.60000000000000000000   7
228.70000000000000000000   5
228.80000000000000000000   6
228.90000000000000000000   4
229.00000000000000000000   5
229.10000000000000000000   7
229.20000000000000000000   4
229.30000000000000000000   4
229.40000000000000000000   3
229.50000000000000000000   1
229.60000000000000000000   1
229.70000000000000000000   0
229.80000000000000000000   2
229.90000000000000000000   2
230.00000000000000000000   2
230.10000000000000000000   2
230.20000000000000000000   3
230.30000000000000000000   2
230.40000000000000000000   3
230.50000000000000000000   6
230.60000000000000000000   7
230.70000000000000000000   8
230.80000000000000000000   8
230.90000000000000000000   4
231.00000000000000000000   10
231.10000000000000000000   4
231.20000000000000000000   4
231.30000000000000000000   6
231.40000000000000000000   7
231.50000000000000000000   7
231.60000000000000000000   8
231.70000000000000000000   7
231.80000000000000000000   5
231.90000000000000000000   6
232.00000000000000000000   6
232.10000000000000000000   4
232.20000000000000000000   10
232.30000000000000000000   9
232.40000000000000000000   7
232.50000000000000000000   10
232.60000000000000000000   9
232.70000000000000000000   4
232.80000000000000000000   3
232.90000000000000000000   4
233.00000000000000000000   8
233.10000000000000000000   9
233.20000000000000000000   7
233.30000000000000000000   10
233.40000000000000000000   7
233.50000000000000000000   10
233.60000000000000000000   10
233.70000000000000000000   7
233.80000000000000000000   5
233.90000000000000000000   8
234.00000000000000000000   11
234.10000000000000000000   10
234.20000000000000000000   6
234.30000000000000000000   6
234.40000000000000000000   5
234.50000000000000000000   8
234.60000000000000000000   10
234.70000000000000000000   11
234.80000000000000000000   10
234.90000000000000000000   15
235.00000000000000000000   11
235.10000000000000000000   12
235.20000000000000000000   6
235.30000000000000000000   6
235.40000000000000000000   8
235.50000000000000000000   9
235.60000000000000000000   9
235.70000000000000000000   8
235.80000000000000000000   8
235.90000000000000000000   9
236.00000000000000000000   9
236.10000000000000000000   7
236.20000000000000000000   8
236.30000000000000000000   11
236.40000000000000000000   9
236.50000000000000000000   9
236.60000000000000000000   10
236.70000000000000000000   9
236.80000000000000000000   12
236.90000000000000000000   8
237.00000000000000000000   5
237.10000000000000000000   10
237.20000000000000000000   9
237.30000000000000000000   5
237.40000000000000000000   8
237.50000000000000000000   10
237.60000000000000000000   8
237.70000000000000000000   7
237.80000000000000000000   8
237.90000000000000000000   9
238.00000000000000000000   12
238.10000000000000000000   7
238.20000000000000000000   9
238.30000000000000000000   11
238.40000000000000000000   8
238.50000000000000000000   9
238.60000000000000000000   9
238.70000000000000000000   13
238.80000000000000000000   11
238.90000000000000000000   13
239.00000000000000000000   14
239.10000000000000000000   12
239.20000000000000000000   11
239.30000000000000000000   12
239.40000000000000000000   9
239.50000000000000000000   11
239.60000000000000000000   14
239.70000000000000000000   13
239.80000000000000000000   10
239.90000000000000000000   8
240.00000000000000000000   10
240.10000000000000000000   11
240.20000000000000000000   11
240.30000000000000000000   12
240.40000000000000000000   9
240.50000000000000000000   9
240.60000000000000000000   14
240.70000000000000000000   14
240.80000000000000000000   15
240.90000000000000000000   14
241.00000000000000000000   11
241.10000000000000000000   7
241.20000000000000000000   9
241.30000000000000000000   9
241.40000000000000000000   10
241.50000000000000000000   8
241.60000000000000000000   10
241.70000000000000000000   11
241.80000000000000000000   10
241.90000000000000000000   12
242.00000000000000000000   8
242.10000000000000000000   10
242.20000000000000000000   10
242.30000000000000000000   12
242.40000000000000000000   12
242.50000000000000000000   12
242.60000000000000000000   13
242.70000000000000000000   13
242.80000000000000000000   11
242.90000000000000000000   11
243.00000000000000000000   11
243.10000000000000000000   12
243.20000000000000000000   10
243.30000000000000000000   7
243.40000000000000000000   8
243.50000000000000000000   10
243.60000000000000000000   11
243.70000000000000000000   6
243.80000000000000000000   10
243.90000000000000000000   13
244.00000000000000000000   11
244.10000000000000000000   12
244.20000000000000000000   12
244.30000000000000000000   4
244.40000000000000000000   4
244.50000000000000000000   5
244.60000000000000000000   5
244.70000000000000000000   3
244.80000000000000000000   9
244.90000000000000000000   9
245.00000000000000000000   11
245.10000000000000000000   11
245.20000000000000000000   8
245.30000000000000000000   6
245.40000000000000000000   10
245.50000000000000000000   8
245.60000000000000000000   3
245.70000000000000000000   6
245.80000000000000000000   1
245.90000000000000000000   1
246.00000000000000000000   4
246.10000000000000000000   5
246.20000000000000000000   2
246.30000000000000000000   6
246.40000000000000000000   1
246.50000000000000000000   2
246.60000000000000000000   4
246.70000000000000000000   1
246.80000000000000000000   6
246.90000000000000000000   7
247.00000000000000000000   4
247.10000000000000000000   6
247.20000000000000000000   5
247.30000000000000000000   2
247.40000000000000000000   2
247.50000000000000000000   1
247.60000000000000000000   3
247.70000000000000000000   1
247.80000000000000000000   3
247.90000000000000000000   9
248.00000000000000000000   5
248.10000000000000000000   6
248.20000000000000000000   7
248.30000000000000000000   8
248.40000000000000000000   7
248.50000000000000000000   7
248.60000000000000000000   9
248.70000000000000000000   8
248.80000000000000000000   9
248.90000000000000000000   7
249.00000000000000000000   7
249.10000000000000000000   10
249.20000000000000000000   7
249.30000000000000000000   7
249.40000000000000000000   7
249.50000000000000000000   5
249.60000000000000000000   8
249.70000000000000000000   9
249.80000000000000000000   3
249.90000000000000000000   6
250.00000000000000000000   6
250.10000000000000000000   4
250.20000000000000000000   4
250.30000000000000000000   7
250.40000000000000000000   4
250.50000000000000000000   7
250.60000000000000000000   2
250.70000000000000000000   3
250.80000000000000000000   2
250.90000000000000000000   11
251.00000000000000000000   9
251.10000000000000000000   7
251.20000000000000000000   7
251.30000000000000000000   7
251.40000000000000000000   6
251.50000000000000000000   5
251.60000000000000000000   3
251.70000000000000000000   6
251.80000000000000000000   8
251.90000000000000000000   2
252.00000000000000000000   5
252.10000000000000000000   10
252.20000000000000000000   10
252.30000000000000000000   8
252.40000000000000000000   8
252.50000000000000000000   7
252.60000000000000000000   12
252.70000000000000000000   7
252.80000000000000000000   7
252.90000000000000000000   9
253.00000000000000000000   11
253.10000000000000000000   10
253.20000000000000000000   8
253.30000000000000000000   9
253.40000000000000000000   5
253.50000000000000000000   8
253.60000000000000000000   8
253.70000000000000000000   9
253.80000000000000000000   7
253.90000000000000000000   5
254.00000000000000000000   3
254.10000000000000000000   3
254.20000000000000000000   6
254.30000000000000000000   3
254.40000000000000000000   7
254.50000000000000000000   8
254.60000000000000000000   10
254.70000000000000000000   8
254.80000000000000000000   6
254.90000000000000000000   6
255.00000000000000000000   4
255.10000000000000000000   7
255.20000000000000000000   7
255.30000000000000000000   8
255.40000000000000000000   5
255.50000000000000000000   8
255.60000000000000000000   4
255.70000000000000000000   9
255.80000000000000000000   7
255.90000000000000000000   7
256.00000000000000000000   8
256.10000000000000000000   9
256.20000000000000000000   8
256.30000000000000000000   5
256.40000000000000000000   4
256.50000000000000000000   7
256.60000000000000000000   6
256.70000000000000000000   9
256.80000000000000000000   11
256.90000000000000000000   9
257.00000000000000000000   9
257.10000000000000000000   10
257.20000000000000000000   4
257.30000000000000000000   8
257.40000000000000000000   9
257.50000000000000000000   7
257.60000000000000000000   3
257.70000000000000000000   8
257.80000000000000000000   4
257.90000000000000000000   5
258.00000000000000000000   7
258.10000000000000000000   14
258.20000000000000000000   13
258.30000000000000000000   14
258.40000000000000000000   17
258.50000000000000000000   17
258.60000000000000000000   16
258.70000000000000000000   15
258.80000000000000000000   18
258.90000000000000000000   17
259.00000000000000000000   17
259.10000000000000000000   15
259.20000000000000000000   17
259.30000000000000000000   18
259.40000000000000000000   4
259.50000000000000000000   7
259.60000000000000000000   10
259.70000000000000000000   8
259.80000000000000000000   9
259.90000000000000000000   10
260.00000000000000000000   9
260.10000000000000000000   11
260.20000000000000000000   9
260.30000000000000000000   9
260.40000000000000000000   6
260.50000000000000000000   9
260.60000000000000000000   5
260.70000000000000000000   6
260.80000000000000000000   9
260.90000000000000000000   7
261.00000000000000000000   7
261.10000000000000000000   14
261.20000000000000000000   14
261.30000000000000000000   16
261.40000000000000000000   15
261.50000000000000000000   10
261.60000000000000000000   12
261.70000000000000000000   7
261.80000000000000000000   6
261.90000000000000000000   9
262.00000000000000000000   8
262.10000000000000000000   9
262.20000000000000000000   10
262.30000000000000000000   10
262.40000000000000000000   7
262.50000000000000000000   9
262.60000000000000000000   10
262.70000000000000000000   12
262.80000000000000000000   11
262.90000000000000000000   9
263.00000000000000000000   7
263.10000000000000000000   9
263.20000000000000000000   6
263.30000000000000000000   9
263.40000000000000000000   8
263.50000000000000000000   13
263.60000000000000000000   9
263.70000000000000000000   10
263.80000000000000000000   10
263.90000000000000000000   12
264.00000000000000000000   11
264.10000000000000000000   11
264.20000000000000000000   13
264.30000000000000000000   13
264.40000000000000000000   18
264.50000000000000000000   9
264.60000000000000000000   15
264.70000000000000000000   13
264.80000000000000000000   15
264.90000000000000000000   9
265.00000000000000000000   12
265.10000000000000000000   13
265.20000000000000000000   13
265.30000000000000000000   11
265.40000000000000000000   10
265.50000000000000000000   15
265.60000000000000000000   20
265.70000000000000000000   17
265.80000000000000000000   13
265.90000000000000000000   16
266.00000000000000000000   16
266.10000000000000000000   15
266.20000000000000000000   13
266.30000000000000000000   15
266.40000000000000000000   16
266.50000000000000000000   14
266.60000000000000000000   14
266.70000000000000000000   16
266.80000000000000000000   15
266.90000000000000000000   16
267.00000000000000000000   17
267.10000000000000000000   15
267.20000000000000000000   15
267.30000000000000000000   15
267.40000000000000000000   13
267.50000000000000000000   15
267.60000000000000000000   16
267.70000000000000000000   17
267.80000000000000000000   21
267.90000000000000000000   18
268.00000000000000000000   15
268.10000000000000000000   17
268.20000000000000000000   17
268.30000000000000000000   18
268.40000000000000000000   16
268.50000000000000000000   16
268.60000000000000000000   16
268.70000000000000000000   20
268.80000000000000000000   16
268.90000000000000000000   16
269.00000000000000000000   18
269.10000000000000000000   19
269.20000000000000000000   20
269.30000000000000000000   19
269.40000000000000000000   21
269.50000000000000000000   19
269.60000000000000000000   19
269.70000000000000000000   16
269.80000000000000000000   17
269.90000000000000000000   13
270.00000000000000000000   15
270.10000000000000000000   16
270.20000000000000000000   15
270.30000000000000000000   14
270.40000000000000000000   14
270.50000000000000000000   11
270.60000000000000000000   16
270.70000000000000000000   14
270.80000000000000000000   15
270.90000000000000000000   13
271.00000000000000000000   15
271.10000000000000000000   13
271.20000000000000000000   15
271.30000000000000000000   17
271.40000000000000000000   19
271.50000000000000000000   15
271.60000000000000000000   15
271.70000000000000000000   14
271.80000000000000000000   17
271.90000000000000000000   17
272.00000000000000000000   13
272.10000000000000000000   14
272.20000000000000000000   17
272.30000000000000000000   14
272.40000000000000000000   13
272.50000000000000000000   10
272.60000000000000000000   11
272.70000000000000000000   14
272.80000000000000000000   17
272.90000000000000000000   13
273.00000000000000000000   13
273.10000000000000000000   18
273.20000000000000000000   21
273.30000000000000000000   16
273.40000000000000000000   18
273.50000000000000000000   17
273.60000000000000000000   17
273.70000000000000000000   20
273.80000000000000000000   18
273.90000000000000000000   20
274.00000000000000000000   17
274.10000000000000000000   17
274.20000000000000000000   14
274.30000000000000000000   7
274.40000000000000000000   8
274.50000000000000000000   5
274.60000000000000000000   9
274.70000000000000000000   9
274.80000000000000000000   11
274.90000000000000000000   11
275.00000000000000000000   10
275.10000000000000000000   11
275.20000000000000000000   10
275.30000000000000000000   11
275.40000000000000000000   10
275.50000000000000000000   10
275.60000000000000000000   14
275.70000000000000000000   13
275.80000000000000000000   15
275.90000000000000000000   13
276.00000000000000000000   13
276.10000000000000000000   14
276.20000000000000000000   16
276.30000000000000000000   15
276.40000000000000000000   15
276.50000000000000000000   18
276.60000000000000000000   17
276.70000000000000000000   19
276.80000000000000000000   14
276.90000000000000000000   20
277.00000000000000000000   18
277.10000000000000000000   16
277.20000000000000000000   16
277.30000000000000000000   24
277.40000000000000000000   16
277.50000000000000000000   17
277.60000000000000000000   17
277.70000000000000000000   17
277.80000000000000000000   10
277.90000000000000000000   20
278.00000000000000000000   20
278.10000000000000000000   21
278.20000000000000000000   19
278.30000000000000000000   18
278.40000000000000000000   21
278.50000000000000000000   20
278.60000000000000000000   15
278.70000000000000000000   17
278.80000000000000000000   15
278.90000000000000000000   16
279.00000000000000000000   13
279.10000000000000000000   17
279.20000000000000000000   13
279.30000000000000000000   15
279.40000000000000000000   15
279.50000000000000000000   16
279.60000000000000000000   17
279.70000000000000000000   15
279.80000000000000000000   13
279.90000000000000000000   12
280.00000000000000000000   14
280.10000000000000000000   15
280.20000000000000000000   19
280.30000000000000000000   20
280.40000000000000000000   13
280.50000000000000000000   9
280.60000000000000000000   4
280.70000000000000000000   7
280.80000000000000000000   8
280.90000000000000000000   7
281.00000000000000000000   9
281.10000000000000000000   4
281.20000000000000000000   3
281.30000000000000000000   4
281.40000000000000000000   6
281.50000000000000000000   11
281.60000000000000000000   14
281.70000000000000000000   10
281.80000000000000000000   4
281.90000000000000000000   9
282.00000000000000000000   6
282.10000000000000000000   8
282.20000000000000000000   9
282.30000000000000000000   12
282.40000000000000000000   14
282.50000000000000000000   12
282.60000000000000000000   13
282.70000000000000000000   11
282.80000000000000000000   11
282.90000000000000000000   8
283.00000000000000000000   6
283.10000000000000000000   5
283.20000000000000000000   12
283.30000000000000000000   9
283.40000000000000000000   7
283.50000000000000000000   6
283.60000000000000000000   9
283.70000000000000000000   17
283.80000000000000000000   11
283.90000000000000000000   16
284.00000000000000000000   12
284.10000000000000000000   6
284.20000000000000000000   9
284.30000000000000000000   9
284.40000000000000000000   7
284.50000000000000000000   13
284.60000000000000000000   10
284.70000000000000000000   9
284.80000000000000000000   9
284.90000000000000000000   11
285.00000000000000000000   8
285.10000000000000000000   13
285.20000000000000000000   11
285.30000000000000000000   12
285.40000000000000000000   11
285.50000000000000000000   11
285.60000000000000000000   12
285.70000000000000000000   10
285.80000000000000000000   10
285.90000000000000000000   14
286.00000000000000000000   7
286.10000000000000000000   11
286.20000000000000000000   12
286.30000000000000000000   12
286.40000000000000000000   14
286.50000000000000000000   12
286.60000000000000000000   11
286.70000000000000000000   12
286.80000000000000000000   8
286.90000000000000000000   9
287.00000000000000000000   10
287.10000000000000000000   8
287.20000000000000000000   13
287.30000000000000000000   13
287.40000000000000000000   13
287.50000000000000000000   8
287.60000000000000000000   10
287.70000000000000000000   13
287.80000000000000000000   10
287.90000000000000000000   12
288.00000000000000000000   12
288.10000000000000000000   9
288.20000000000000000000   9
288.30000000000000000000   11
288.40000000000000000000   11
288.50000000000000000000   10
288.60000000000000000000   7
288.70000000000000000000   10
288.80000000000000000000   11
288.90000000000000000000   9
289.00000000000000000000   13
289.10000000000000000000   18
289.20000000000000000000   12
289.30000000000000000000   17
289.40000000000000000000   12
289.50000000000000000000   10
289.60000000000000000000   14
289.70000000000000000000   14
289.80000000000000000000   12
289.90000000000000000000   10
290.00000000000000000000   11
290.10000000000000000000   8
290.20000000000000000000   6
290.30000000000000000000   14
290.40000000000000000000   15
290.50000000000000000000   12
290.60000000000000000000   11
290.70000000000000000000   14
290.80000000000000000000   8
290.90000000000000000000   9
291.00000000000000000000   9
291.10000000000000000000   12
291.20000000000000000000   6
291.30000000000000000000   11
291.40000000000000000000   7
291.50000000000000000000   10
291.60000000000000000000   15
291.70000000000000000000   18
291.80000000000000000000   19
291.90000000000000000000   15
292.00000000000000000000   18
292.10000000000000000000   12
292.20000000000000000000   11
292.30000000000000000000   11
292.40000000000000000000   12
292.50000000000000000000   13
292.60000000000000000000   11
292.70000000000000000000   16
292.80000000000000000000   14
292.90000000000000000000   15
293.00000000000000000000   13
293.10000000000000000000   13
293.20000000000000000000   16
293.30000000000000000000   16
293.40000000000000000000   15
293.50000000000000000000   12
293.60000000000000000000   13
293.70000000000000000000   12
293.80000000000000000000   11
293.90000000000000000000   7
294.00000000000000000000   10
294.10000000000000000000   10
294.20000000000000000000   11
294.30000000000000000000   13
294.40000000000000000000   6
294.50000000000000000000   10
294.60000000000000000000   11
294.70000000000000000000   10
294.80000000000000000000   16
294.90000000000000000000   16
295.00000000000000000000   8
295.10000000000000000000   13
295.20000000000000000000   11
295.30000000000000000000   10
295.40000000000000000000   9
295.50000000000000000000   6
295.60000000000000000000   4
295.70000000000000000000   5
295.80000000000000000000   8
295.90000000000000000000   10
296.00000000000000000000   8
296.10000000000000000000   8
296.20000000000000000000   8
296.30000000000000000000   12
296.40000000000000000000   10
296.50000000000000000000   7
296.60000000000000000000   6
296.70000000000000000000   6
296.80000000000000000000   4
296.90000000000000000000   5
297.00000000000000000000   10
297.10000000000000000000   6
297.20000000000000000000   6
297.30000000000000000000   8
297.40000000000000000000   6
297.50000000000000000000   9
297.60000000000000000000   9
297.70000000000000000000   10
297.80000000000000000000   8
297.90000000000000000000   9
298.00000000000000000000   9
298.10000000000000000000   10
298.20000000000000000000   8
298.30000000000000000000   13
298.40000000000000000000   12
298.50000000000000000000   10
298.60000000000000000000   10
298.70000000000000000000   13
298.80000000000000000000   11
298.90000000000000000000   8
299.00000000000000000000   12
299.10000000000000000000   9
299.20000000000000000000   3
299.30000000000000000000   5
299.40000000000000000000   4
299.50000000000000000000   5
299.60000000000000000000   4
299.70000000000000000000   7
299.80000000000000000000   8
299.90000000000000000000   7
300.00000000000000000000   7
300.10000000000000000000   10
300.20000000000000000000   13
300.30000000000000000000   14
300.40000000000000000000   18
300.50000000000000000000   16
300.60000000000000000000   14
300.70000000000000000000   12
300.80000000000000000000   14
300.90000000000000000000   16
301.00000000000000000000   17
301.10000000000000000000   13
301.20000000000000000000   13
301.30000000000000000000   16
301.40000000000000000000   15
301.50000000000000000000   11
301.60000000000000000000   9
301.70000000000000000000   10
301.80000000000000000000   7
301.90000000000000000000   7
302.00000000000000000000   8
302.10000000000000000000   6
302.20000000000000000000   8
302.30000000000000000000   12
302.40000000000000000000   16
302.50000000000000000000   17
302.60000000000000000000   14
302.70000000000000000000   11
302.80000000000000000000   12
302.90000000000000000000   12
303.00000000000000000000   15
303.10000000000000000000   15
303.20000000000000000000   15
303.30000000000000000000   13
303.40000000000000000000   16
303.50000000000000000000   13
303.60000000000000000000   19
303.70000000000000000000   15
303.80000000000000000000   15
303.90000000000000000000   13
304.00000000000000000000   18
304.10000000000000000000   20
304.20000000000000000000   16
304.30000000000000000000   18
304.40000000000000000000   14
304.50000000000000000000   11
304.60000000000000000000   14
304.70000000000000000000   13
304.80000000000000000000   12
304.90000000000000000000   15
305.00000000000000000000   13
305.10000000000000000000   18
305.20000000000000000000   17
305.30000000000000000000   19
305.40000000000000000000   16
305.50000000000000000000   17
305.60000000000000000000   15
305.70000000000000000000   13
305.80000000000000000000   20
305.90000000000000000000   14
306.00000000000000000000   14
306.10000000000000000000   18
306.20000000000000000000   18
306.30000000000000000000   15
306.40000000000000000000   16
306.50000000000000000000   19
306.60000000000000000000   19
306.70000000000000000000   16
306.80000000000000000000   13
306.90000000000000000000   12
307.00000000000000000000   14
307.10000000000000000000   17
307.20000000000000000000   16
307.30000000000000000000   20
307.40000000000000000000   17
307.50000000000000000000   13
307.60000000000000000000   13
307.70000000000000000000   12
307.80000000000000000000   8
307.90000000000000000000   8
308.00000000000000000000   9
308.10000000000000000000   8
308.20000000000000000000   7
308.30000000000000000000   7
308.40000000000000000000   10
308.50000000000000000000   6
308.60000000000000000000   6
308.70000000000000000000   8
308.80000000000000000000   9
308.90000000000000000000   11
309.00000000000000000000   13
309.10000000000000000000   12
309.20000000000000000000   12
309.30000000000000000000   13
309.40000000000000000000   12
309.50000000000000000000   14
309.60000000000000000000   14
309.70000000000000000000   12
309.80000000000000000000   13
309.90000000000000000000   14
310.00000000000000000000   11
310.10000000000000000000   13
310.20000000000000000000   14
310.30000000000000000000   15
310.40000000000000000000   16
310.50000000000000000000   14
310.60000000000000000000   15
310.70000000000000000000   16
310.80000000000000000000   16
310.90000000000000000000   14
311.00000000000000000000   13
311.10000000000000000000   12
311.20000000000000000000   16
311.30000000000000000000   12
311.40000000000000000000   12
311.50000000000000000000   13
311.60000000000000000000   14
311.70000000000000000000   15
311.80000000000000000000   15
311.90000000000000000000   16
312.00000000000000000000   17
312.10000000000000000000   18
312.20000000000000000000   14
312.30000000000000000000   14
312.40000000000000000000   14
312.50000000000000000000   13
312.60000000000000000000   14
312.70000000000000000000   15
312.80000000000000000000   14
312.90000000000000000000   12
313.00000000000000000000   13
313.10000000000000000000   11
313.20000000000000000000   12
313.30000000000000000000   10
313.40000000000000000000   11
313.50000000000000000000   10
313.60000000000000000000   7
313.70000000000000000000   11
313.80000000000000000000   9
313.90000000000000000000   8
314.00000000000000000000   8
314.10000000000000000000   9
314.20000000000000000000   16
314.30000000000000000000   17
314.40000000000000000000   15
314.50000000000000000000   17
314.60000000000000000000   17
314.70000000000000000000   15
314.80000000000000000000   11
314.90000000000000000000   13
315.00000000000000000000   12
315.10000000000000000000   18
315.20000000000000000000   13
315.30000000000000000000   17
315.40000000000000000000   10
315.50000000000000000000   9
315.60000000000000000000   12
315.70000000000000000000   14
315.80000000000000000000   17
315.90000000000000000000   19
316.00000000000000000000   20
316.10000000000000000000   19
316.20000000000000000000   16
316.30000000000000000000   13
316.40000000000000000000   19
316.50000000000000000000   15
316.60000000000000000000   12
316.70000000000000000000   12
316.80000000000000000000   16
316.90000000000000000000   16
317.00000000000000000000   19
317.10000000000000000000   18
317.20000000000000000000   18
317.30000000000000000000   17
317.40000000000000000000   15
317.50000000000000000000   14
317.60000000000000000000   16
317.70000000000000000000   16
317.80000000000000000000   18
317.90000000000000000000   15
318.00000000000000000000   12
318.10000000000000000000   10
318.20000000000000000000   3
318.30000000000000000000   9
318.40000000000000000000   18
318.50000000000000000000   17
318.60000000000000000000   17
318.70000000000000000000   17
318.80000000000000000000   15
318.90000000000000000000   20
319.00000000000000000000   17
319.10000000000000000000   19
319.20000000000000000000   13
319.30000000000000000000   11
319.40000000000000000000   14
319.50000000000000000000   12
319.60000000000000000000   11
319.70000000000000000000   11
319.80000000000000000000   12
319.90000000000000000000   10
320.00000000000000000000   12
320.10000000000000000000   11
320.20000000000000000000   17
320.30000000000000000000   11
320.40000000000000000000   11
320.50000000000000000000   9
320.60000000000000000000   12
320.70000000000000000000   13
320.80000000000000000000   14
320.90000000000000000000   13
321.00000000000000000000   16
321.10000000000000000000   18
321.20000000000000000000   16
321.30000000000000000000   16
321.40000000000000000000   19
321.50000000000000000000   16
321.60000000000000000000   13
321.70000000000000000000   15
321.80000000000000000000   19
321.90000000000000000000   17
322.00000000000000000000   17
322.10000000000000000000   14
322.20000000000000000000   17
322.30000000000000000000   15
322.40000000000000000000   17
322.50000000000000000000   16
322.60000000000000000000   12
322.70000000000000000000   11
322.80000000000000000000   11
322.90000000000000000000   12
323.00000000000000000000   11
323.10000000000000000000   11
323.20000000000000000000   11
323.30000000000000000000   10
323.40000000000000000000   14
323.50000000000000000000   9
323.60000000000000000000   13
323.70000000000000000000   8
323.80000000000000000000   8
323.90000000000000000000   14
324.00000000000000000000   13
324.10000000000000000000   8
324.20000000000000000000   10
324.30000000000000000000   14
324.40000000000000000000   11
324.50000000000000000000   10
324.60000000000000000000   10
324.70000000000000000000   11
324.80000000000000000000   11
324.90000000000000000000   12
325.00000000000000000000   12
325.10000000000000000000   12
325.20000000000000000000   13
325.30000000000000000000   14
325.40000000000000000000   15
325.50000000000000000000   13
325.60000000000000000000   15
325.70000000000000000000   15
325.80000000000000000000   13
325.90000000000000000000   11
326.00000000000000000000   14
326.10000000000000000000   14
326.20000000000000000000   13
326.30000000000000000000   12
326.40000000000000000000   14
326.50000000000000000000   13
326.60000000000000000000   13
326.70000000000000000000   10
326.80000000000000000000   13
326.90000000000000000000   13
327.00000000000000000000   13
327.10000000000000000000   13
327.20000000000000000000   12
327.30000000000000000000   11
327.40000000000000000000   9
327.50000000000000000000   12
327.60000000000000000000   12
327.70000000000000000000   10
327.80000000000000000000   10
327.90000000000000000000   11
328.00000000000000000000   13
328.10000000000000000000   13
328.20000000000000000000   14
328.30000000000000000000   12
328.40000000000000000000   13
328.50000000000000000000   6
328.60000000000000000000   9
328.70000000000000000000   10
328.80000000000000000000   10
328.90000000000000000000   11
329.00000000000000000000   6
329.10000000000000000000   8
329.20000000000000000000   13
329.30000000000000000000   10
329.40000000000000000000   9
329.50000000000000000000   13
329.60000000000000000000   9
329.70000000000000000000   13
329.80000000000000000000   10
329.90000000000000000000   8
330.00000000000000000000   8
330.10000000000000000000   10
330.20000000000000000000   9
330.30000000000000000000   9
330.40000000000000000000   7
330.50000000000000000000   10
330.60000000000000000000   8
330.70000000000000000000   11
330.80000000000000000000   11
330.90000000000000000000   10
331.00000000000000000000   8
331.10000000000000000000   11
331.20000000000000000000   12
331.30000000000000000000   9
331.40000000000000000000   9
331.50000000000000000000   9
331.60000000000000000000   12
331.70000000000000000000   8
331.80000000000000000000   7
331.90000000000000000000   9
332.00000000000000000000   8
332.10000000000000000000   9
332.20000000000000000000   12
332.30000000000000000000   12
332.40000000000000000000   11
332.50000000000000000000   7
332.60000000000000000000   8
332.70000000000000000000   7
332.80000000000000000000   10
332.90000000000000000000   9
333.00000000000000000000   7
333.10000000000000000000   6
333.20000000000000000000   5
333.30000000000000000000   6
333.40000000000000000000   7
333.50000000000000000000   5
333.60000000000000000000   6
333.70000000000000000000   7
333.80000000000000000000   8
333.90000000000000000000   9
334.00000000000000000000   9
334.10000000000000000000   10
334.20000000000000000000   10
334.30000000000000000000   9
334.40000000000000000000   8
334.50000000000000000000   9
334.60000000000000000000   9
334.70000000000000000000   9
334.80000000000000000000   9
334.90000000000000000000   11
335.00000000000000000000   8
335.10000000000000000000   10
335.20000000000000000000   11
335.30000000000000000000   6
335.40000000000000000000   6
335.50000000000000000000   6
335.60000000000000000000   8
335.70000000000000000000   5
335.80000000000000000000   5
335.90000000000000000000   9
336.00000000000000000000   7
336.10000000000000000000   5
336.20000000000000000000   7
336.30000000000000000000   8
336.40000000000000000000   11
336.50000000000000000000   11
336.60000000000000000000   9
336.70000000000000000000   8
336.80000000000000000000   10
336.90000000000000000000   7
337.00000000000000000000   12
337.10000000000000000000   6
337.20000000000000000000   7
337.30000000000000000000   7
337.40000000000000000000   11
337.50000000000000000000   12
337.60000000000000000000   13
337.70000000000000000000   9
337.80000000000000000000   14
337.90000000000000000000   12
338.00000000000000000000   13
338.10000000000000000000   16
338.20000000000000000000   11
338.30000000000000000000   11
338.40000000000000000000   14
338.50000000000000000000   15
338.60000000000000000000   15
338.70000000000000000000   15
338.80000000000000000000   15
338.90000000000000000000   15
339.00000000000000000000   15
339.10000000000000000000   16
339.20000000000000000000   12
339.30000000000000000000   19
339.40000000000000000000   20
339.50000000000000000000   19
339.60000000000000000000   14
339.70000000000000000000   13
339.80000000000000000000   12
339.90000000000000000000   14
340.00000000000000000000   15
340.10000000000000000000   11
340.20000000000000000000   13
340.30000000000000000000   13
340.40000000000000000000   17
340.50000000000000000000   16
340.60000000000000000000   13
340.70000000000000000000   12
340.80000000000000000000   15
340.90000000000000000000   14
341.00000000000000000000   14
341.10000000000000000000   11
341.20000000000000000000   15
341.30000000000000000000   13
341.40000000000000000000   16
341.50000000000000000000   15
341.60000000000000000000   16
341.70000000000000000000   12
341.80000000000000000000   13
341.90000000000000000000   10
342.00000000000000000000   14
342.10000000000000000000   13
342.20000000000000000000   12
342.30000000000000000000   13
342.40000000000000000000   15
342.50000000000000000000   17
342.60000000000000000000   13
342.70000000000000000000   14
342.80000000000000000000   14
342.90000000000000000000   13
343.00000000000000000000   14
343.10000000000000000000   11
343.20000000000000000000   14
343.30000000000000000000   15
343.40000000000000000000   13
343.50000000000000000000   13
343.60000000000000000000   13
343.70000000000000000000   13
343.80000000000000000000   14
343.90000000000000000000   12
344.00000000000000000000   11
344.10000000000000000000   15
344.20000000000000000000   14
344.30000000000000000000   11
344.40000000000000000000   12
344.50000000000000000000   12
344.60000000000000000000   15
344.70000000000000000000   10
344.80000000000000000000   10
344.90000000000000000000   11
345.00000000000000000000   6
345.10000000000000000000   3
345.20000000000000000000   4
345.30000000000000000000   6
345.40000000000000000000   2
345.50000000000000000000   2
345.60000000000000000000   1
345.70000000000000000000   4
345.80000000000000000000   3
345.90000000000000000000   5
346.00000000000000000000   4
346.10000000000000000000   5
346.20000000000000000000   2
346.30000000000000000000   3
346.40000000000000000000   3
346.50000000000000000000   4
346.60000000000000000000   4
346.70000000000000000000   5
346.80000000000000000000   6
346.90000000000000000000   3
347.00000000000000000000   6
347.10000000000000000000   4
347.20000000000000000000   3
347.30000000000000000000   6
347.40000000000000000000   6
347.50000000000000000000   2
347.60000000000000000000   2
347.70000000000000000000   2
347.80000000000000000000   0
347.90000000000000000000   0
348.00000000000000000000   2
348.10000000000000000000   2
348.20000000000000000000   4
348.30000000000000000000   4
348.40000000000000000000   3
348.50000000000000000000   4
348.60000000000000000000   11
348.70000000000000000000   9
348.80000000000000000000   6
348.90000000000000000000   9
349.00000000000000000000   10
349.10000000000000000000   11
349.20000000000000000000   11
349.30000000000000000000   10
349.40000000000000000000   10
349.50000000000000000000   11
349.60000000000000000000   11
349.70000000000000000000   10
349.80000000000000000000   10
349.90000000000000000000   11
350.00000000000000000000   11
350.10000000000000000000   10
350.20000000000000000000   11
350.30000000000000000000   11
350.40000000000000000000   10
350.50000000000000000000   11
350.60000000000000000000   10
350.70000000000000000000   13
350.80000000000000000000   11
350.90000000000000000000   10
351.00000000000000000000   8
351.10000000000000000000   9
351.20000000000000000000   8
351.30000000000000000000   7
351.40000000000000000000   10
351.50000000000000000000   10
351.60000000000000000000   11
351.70000000000000000000   10
351.80000000000000000000   7
351.90000000000000000000   9
352.00000000000000000000   6
352.10000000000000000000   13
352.20000000000000000000   10
352.30000000000000000000   10
352.40000000000000000000   8
352.50000000000000000000   6
352.60000000000000000000   6
352.70000000000000000000   10
352.80000000000000000000   11
352.90000000000000000000   9
353.00000000000000000000   5
353.10000000000000000000   3
353.20000000000000000000   1
353.30000000000000000000   5
353.40000000000000000000   4
353.50000000000000000000   1
353.60000000000000000000   3
353.70000000000000000000   3
353.80000000000000000000   2
353.90000000000000000000   2
354.00000000000000000000   3
354.10000000000000000000   6
354.20000000000000000000   3
354.30000000000000000000   5
354.40000000000000000000   3
354.50000000000000000000   2
354.60000000000000000000   2
354.70000000000000000000   2
354.80000000000000000000   2
354.90000000000000000000   4
355.00000000000000000000   2
355.10000000000000000000   3
355.20000000000000000000   4
355.30000000000000000000   3
355.40000000000000000000   5
355.50000000000000000000   3
355.60000000000000000000   5
355.70000000000000000000   4
355.80000000000000000000   6
355.90000000000000000000   3
356.00000000000000000000   4
356.10000000000000000000   3
356.20000000000000000000   7
356.30000000000000000000   7
356.40000000000000000000   8
356.50000000000000000000   8
356.60000000000000000000   4
356.70000000000000000000   4
356.80000000000000000000   3
356.90000000000000000000   2
357.00000000000000000000   4
357.10000000000000000000   7
357.20000000000000000000   11
357.30000000000000000000   10
357.40000000000000000000   8
357.50000000000000000000   11
357.60000000000000000000   11
357.70000000000000000000   9
357.80000000000000000000   10
357.90000000000000000000   10
358.00000000000000000000   10
358.10000000000000000000   10
358.20000000000000000000   12
358.30000000000000000000   12
358.40000000000000000000   6
358.50000000000000000000   7
358.60000000000000000000   8
358.70000000000000000000   4
358.80000000000000000000   6
358.90000000000000000000   5
359.00000000000000000000   6
359.10000000000000000000   6
359.20000000000000000000   5
359.30000000000000000000   4
359.40000000000000000000   4
359.50000000000000000000   5
359.60000000000000000000   5
359.70000000000000000000   5
359.80000000000000000000   5
359.90000000000000000000   5
360.00000000000000000000   8
360.10000000000000000000   4
360.20000000000000000000   4
360.30000000000000000000   7
360.40000000000000000000   2
360.50000000000000000000   9
360.60000000000000000000   5
360.70000000000000000000   9
360.80000000000000000000   10
360.90000000000000000000   10
361.00000000000000000000   14
361.10000000000000000000   13
361.20000000000000000000   5
361.30000000000000000000   2
361.40000000000000000000   5
361.50000000000000000000   5
361.60000000000000000000   5
361.70000000000000000000   2
361.80000000000000000000   8
361.90000000000000000000   8
362.00000000000000000000   4
362.10000000000000000000   8
362.20000000000000000000   6
362.30000000000000000000   9
362.40000000000000000000   4
362.50000000000000000000   10
362.60000000000000000000   13
362.70000000000000000000   11
362.80000000000000000000   14
362.90000000000000000000   10
363.00000000000000000000   11
363.10000000000000000000   12
363.20000000000000000000   12
363.30000000000000000000   15
363.40000000000000000000   12
363.50000000000000000000   11
363.60000000000000000000   13
363.70000000000000000000   14
363.80000000000000000000   14
363.90000000000000000000   13
364.00000000000000000000   14
364.10000000000000000000   14
364.20000000000000000000   6
364.30000000000000000000   9
364.40000000000000000000   11
364.50000000000000000000   8
364.60000000000000000000   7
364.70000000000000000000   7
364.80000000000000000000   7
364.90000000000000000000   3
365.00000000000000000000   5
365.10000000000000000000   6
365.20000000000000000000   7
365.30000000000000000000   8
365.40000000000000000000   6
365.50000000000000000000   6
365.60000000000000000000   4
365.70000000000000000000   9
365.80000000000000000000   4
365.90000000000000000000   1
366.00000000000000000000   2
366.10000000000000000000   3
366.20000000000000000000   4
366.30000000000000000000   5
366.40000000000000000000   4
366.50000000000000000000   3
366.60000000000000000000   6
366.70000000000000000000   3
366.80000000000000000000   3
366.90000000000000000000   5
367.00000000000000000000   8
367.10000000000000000000   6
367.20000000000000000000   6
367.30000000000000000000   8
367.40000000000000000000   8
367.50000000000000000000   6
367.60000000000000000000   10
367.70000000000000000000   9
367.80000000000000000000   11
367.90000000000000000000   9
368.00000000000000000000   11
368.10000000000000000000   11
368.20000000000000000000   13
368.30000000000000000000   10
368.40000000000000000000   8
368.50000000000000000000   7
368.60000000000000000000   7
368.70000000000000000000   8
368.80000000000000000000   9
368.90000000000000000000   11
369.00000000000000000000   11
369.10000000000000000000   10
369.20000000000000000000   10
369.30000000000000000000   10
369.40000000000000000000   11
369.50000000000000000000   10
369.60000000000000000000   11
369.70000000000000000000   8
369.80000000000000000000   8
369.90000000000000000000   7
370.00000000000000000000   11
370.10000000000000000000   6
370.20000000000000000000   6
370.30000000000000000000   6
370.40000000000000000000   11
370.50000000000000000000   11
370.60000000000000000000   12
370.70000000000000000000   8
370.80000000000000000000   11
370.90000000000000000000   7
371.00000000000000000000   9
371.10000000000000000000   12
371.20000000000000000000   12
371.30000000000000000000   11
371.40000000000000000000   11
371.50000000000000000000   11
371.60000000000000000000   12
371.70000000000000000000   11
371.80000000000000000000   13
371.90000000000000000000   14
372.00000000000000000000   14
372.10000000000000000000   11
372.20000000000000000000   10
372.30000000000000000000   9
372.40000000000000000000   12
372.50000000000000000000   8
372.60000000000000000000   8
372.70000000000000000000   11
372.80000000000000000000   11
372.90000000000000000000   9
373.00000000000000000000   7
373.10000000000000000000   10
373.20000000000000000000   7
373.30000000000000000000   11
373.40000000000000000000   13
373.50000000000000000000   11
373.60000000000000000000   8
373.70000000000000000000   13
373.80000000000000000000   9
373.90000000000000000000   11
374.00000000000000000000   10
374.10000000000000000000   10
374.20000000000000000000   10
374.30000000000000000000   8
374.40000000000000000000   10
374.50000000000000000000   10
374.60000000000000000000   7
374.70000000000000000000   9
374.80000000000000000000   6
374.90000000000000000000   11
375.00000000000000000000   11
375.10000000000000000000   9
375.20000000000000000000   9
375.30000000000000000000   10
375.40000000000000000000   11
375.50000000000000000000   10
375.60000000000000000000   8
375.70000000000000000000   10
375.80000000000000000000   8
375.90000000000000000000   10
376.00000000000000000000   10
376.10000000000000000000   8
376.20000000000000000000   11
376.30000000000000000000   10
376.40000000000000000000   8
376.50000000000000000000   9
376.60000000000000000000   11
376.70000000000000000000   11
376.80000000000000000000   10
376.90000000000000000000   12
377.00000000000000000000   11
377.10000000000000000000   12
377.20000000000000000000   10
377.30000000000000000000   10
377.40000000000000000000   10
377.50000000000000000000   7
377.60000000000000000000   9
377.70000000000000000000   7
377.80000000000000000000   5
377.90000000000000000000   8
378.00000000000000000000   11
378.10000000000000000000   9
378.20000000000000000000   6
378.30000000000000000000   4
378.40000000000000000000   4
378.50000000000000000000   5
378.60000000000000000000   5
378.70000000000000000000   7
378.80000000000000000000   7
378.90000000000000000000   9
379.00000000000000000000   5
379.10000000000000000000   10
379.20000000000000000000   7
379.30000000000000000000   6
379.40000000000000000000   5
379.50000000000000000000   6
379.60000000000000000000   6
379.70000000000000000000   5
379.80000000000000000000   7
379.90000000000000000000   7
380.00000000000000000000   4
380.10000000000000000000   8
380.20000000000000000000   8
380.30000000000000000000   7
380.40000000000000000000   6
380.50000000000000000000   7
380.60000000000000000000   6
380.70000000000000000000   1
380.80000000000000000000   1
380.90000000000000000000   1
381.00000000000000000000   5
381.10000000000000000000   8
381.20000000000000000000   6
381.30000000000000000000   8
381.40000000000000000000   7
381.50000000000000000000   5
381.60000000000000000000   4
381.70000000000000000000   8
381.80000000000000000000   10
381.90000000000000000000   11
382.00000000000000000000   11
382.10000000000000000000   11
382.20000000000000000000   9
382.30000000000000000000   4
382.40000000000000000000   9
382.50000000000000000000   5
382.60000000000000000000   7
382.70000000000000000000   6
382.80000000000000000000   9
382.90000000000000000000   9
383.00000000000000000000   10
383.10000000000000000000   9
383.20000000000000000000   8
383.30000000000000000000   8
383.40000000000000000000   8
383.50000000000000000000   9
383.60000000000000000000   14
383.70000000000000000000   11
383.80000000000000000000   10
383.90000000000000000000   10
384.00000000000000000000   13
384.10000000000000000000   13
384.20000000000000000000   9
384.30000000000000000000   12
384.40000000000000000000   10
384.50000000000000000000   9
384.60000000000000000000   12
384.70000000000000000000   10
384.80000000000000000000   8
384.90000000000000000000   9
385.00000000000000000000   8
385.10000000000000000000   11
385.20000000000000000000   11
385.30000000000000000000   11
385.40000000000000000000   11
385.50000000000000000000   10
385.60000000000000000000   12
385.70000000000000000000   9
385.80000000000000000000   11
385.90000000000000000000   10
386.00000000000000000000   10
386.10000000000000000000   9
386.20000000000000000000   9
386.30000000000000000000   9
386.40000000000000000000   10
386.50000000000000000000   13
386.60000000000000000000   13
386.70000000000000000000   10
386.80000000000000000000   13
386.90000000000000000000   13
387.00000000000000000000   13
387.10000000000000000000   10
387.20000000000000000000   10
387.30000000000000000000   10
387.40000000000000000000   13
387.50000000000000000000   10
387.60000000000000000000   9
387.70000000000000000000   14
387.80000000000000000000   14
387.90000000000000000000   9
388.00000000000000000000   8
388.10000000000000000000   10
388.20000000000000000000   0
388.30000000000000000000   1
388.40000000000000000000   2
388.50000000000000000000   6
388.60000000000000000000   3
388.70000000000000000000   4
388.80000000000000000000   3
388.90000000000000000000   1
389.00000000000000000000   3
389.10000000000000000000   4
389.20000000000000000000   4
389.30000000000000000000   4
389.40000000000000000000   4
389.50000000000000000000   0
389.60000000000000000000   1
389.70000000000000000000   2
389.80000000000000000000   1
389.90000000000000000000   3
390.00000000000000000000   5
390.10000000000000000000   2
390.20000000000000000000   6
390.30000000000000000000   3
390.40000000000000000000   2
390.50000000000000000000   3
390.60000000000000000000   3
390.70000000000000000000   2
390.80000000000000000000   1
390.90000000000000000000   5
391.00000000000000000000   4
391.10000000000000000000   4
391.20000000000000000000   4
391.30000000000000000000   4
391.40000000000000000000   4
391.50000000000000000000   6
391.60000000000000000000   1
391.70000000000000000000   7
391.80000000000000000000   8
391.90000000000000000000   7
392.00000000000000000000   7
392.10000000000000000000   6
392.20000000000000000000   4
392.30000000000000000000   4
392.40000000000000000000   5
392.50000000000000000000   11
392.60000000000000000000   6
392.70000000000000000000   11
392.80000000000000000000   11
392.90000000000000000000   13
393.00000000000000000000   11
393.10000000000000000000   11
393.20000000000000000000   12
393.30000000000000000000   11
393.40000000000000000000   11
393.50000000000000000000   11
393.60000000000000000000   8
393.70000000000000000000   5
393.80000000000000000000   6
393.90000000000000000000   9
394.00000000000000000000   7
394.10000000000000000000   9
394.20000000000000000000   11
394.30000000000000000000   10
394.40000000000000000000   5
394.50000000000000000000   6
394.60000000000000000000   6
394.70000000000000000000   10
394.80000000000000000000   11
394.90000000000000000000   6
395.00000000000000000000   3
395.10000000000000000000   5
395.20000000000000000000   10
395.30000000000000000000   11
395.40000000000000000000   10
395.50000000000000000000   10
395.60000000000000000000   10
395.70000000000000000000   10
395.80000000000000000000   10
395.90000000000000000000   8
396.00000000000000000000   8
396.10000000000000000000   11
396.20000000000000000000   6
396.30000000000000000000   12
396.40000000000000000000   9
396.50000000000000000000   9
396.60000000000000000000   10
396.70000000000000000000   8
396.80000000000000000000   9
396.90000000000000000000   8
397.00000000000000000000   10
397.10000000000000000000   13
397.20000000000000000000   12
397.30000000000000000000   8
397.40000000000000000000   12
397.50000000000000000000   15
397.60000000000000000000   13
397.70000000000000000000   9
397.80000000000000000000   11
397.90000000000000000000   12
398.00000000000000000000   8
398.10000000000000000000   12
398.20000000000000000000   13
398.30000000000000000000   11
398.40000000000000000000   9
398.50000000000000000000   8
398.60000000000000000000   11
398.70000000000000000000   12
398.80000000000000000000   6
398.90000000000000000000   6
399.00000000000000000000   6
399.10000000000000000000   6
399.20000000000000000000   6
399.30000000000000000000   6
399.40000000000000000000   6
399.50000000000000000000   6
399.60000000000000000000   6
399.70000000000000000000   6
