200.00000000000000000000   0
200.10000000000000000000   6
200.20000000000000000000   6
200.30000000000000000000   6
200.40000000000000000000   7
200.50000000000000000000   8
200.60000000000000000000   8
200.70000000000000000000   2
200.80000000000000000000   2
200.90000000000000000000   4
201.00000000000000000000   3
201.10000000000000000000   2
201.20000000000000000000   2
201.30000000000000000000   0
201.40000000000000000000   2
201.50000000000000000000   1
201.60000000000000000000   2
201.70000000000000000000   4
201.80000000000000000000   0
201.90000000000000000000   5
202.00000000000000000000   3
202.10000000000000000000   1
202.20000000000000000000   7
202.30000000000000000000   5
202.40000000000000000000   7
202.50000000000000000000   3
202.60000000000000000000   0
202.70000000000000000000   2
202.80000000000000000000   0
202.90000000000000000000   0
203.00000000000000000000   0
203.10000000000000000000   3
203.20000000000000000000   1
203.30000000000000000000   1
203.40000000000000000000   1
203.50000000000000000000   1
203.60000000000000000000   2
203.70000000000000000000   1
203.80000000000000000000   2
203.90000000000000000000   0
204.00000000000000000000   0
204.10000000000000000000   1
204.20000000000000000000   0
204.30000000000000000000   0
204.40000000000000000000   0
204.50000000000000000000   1
204.60000000000000000000   3
204.70000000000000000000   1
204.80000000000000000000   4
204.90000000000000000000   4
205.00000000000000000000   4
205.10000000000000000000   3
205.20000000000000000000   0
205.30000000000000000000   1
205.40000000000000000000   0
205.50000000000000000000   0
205.60000000000000000000   3
205.70000000000000000000   2
205.80000000000000000000   1
205.90000000000000000000   5
206.00000000000000000000   1
206.10000000000000000000   1
206.20000000000000000000   0
206.30000000000000000000   4
206.40000000000000000000   3
206.50000000000000000000   1
206.60000000000000000000   1
206.70000000000000000000   0
206.80000000000000000000   2
206.90000000000000000000   2
207.00000000000000000000   1
207.10000000000000000000   1
207.20000000000000000000   2
207.30000000000000000000   0
207.40000000000000000000   2
207.50000000000000000000   2
207.60000000000000000000   3
207.70000000000000000000   2
207.80000000000000000000   3
207.90000000000000000000   0
208.00000000000000000000   0
208.10000000000000000000   1
208.20000000000000000000   1
208.30000000000000000000   3
208.40000000000000000000   1
208.50000000000000000000   0
208.60000000000000000000   1
208.70000000000000000000   1
208.80000000000000000000   2
208.90000000000000000000   2
209.00000000000000000000   2
209.10000000000000000000   5
209.20000000000000000000   1
209.30000000000000000000   5
209.40000000000000000000   5
209.50000000000000000000   4
209.60000000000000000000   7
209.70000000000000000000   7
209.80000000000000000000   8
209.90000000000000000000   9
210.00000000000000000000   5
210.10000000000000000000   10
210.20000000000000000000   9
210.30000000000000000000   9
210.40000000000000000000   6
210.50000000000000000000   10
210.60000000000000000000   12
210.70000000000000000000   9
210.80000000000000000000   9
210.90000000000000000000   10
211.00000000000000000000   17
211.10000000000000000000   9
211.20000000000000000000   14
211.30000000000000000000   9
211.40000000000000000000   9
211.50000000000000000000   12
211.60000000000000000000   11
211.70000000000000000000   12
211.80000000000000000000   6
211.90000000000000000000   7
212.00000000000000000000   8
212.10000000000000000000   6
212.20000000000000000000   6
212.30000000000000000000   12
212.40000000000000000000   10
212.50000000000000000000   8
212.60000000000000000000   10
212.70000000000000000000   9
212.80000000000000000000   9
212.90000000000000000000   10
213.00000000000000000000   8
213.10000000000000000000   7
213.20000000000000000000   6
213.30000000000000000000   5
213.40000000000000000000   6
213.50000000000000000000   6
213.60000000000000000000   6
213.70000000000000000000   7
213.80000000000000000000   5
213.90000000000000000000   5
214.00000000000000000000   5
214.10000000000000000000   2
214.20000000000000000000   2
214.30000000000000000000   2
214.40000000000000000000   1
214.50000000000000000000   1
214.60000000000000000000   3
214.70000000000000000000   4
214.80000000000000000000   5
214.90000000000000000000   8
215.00000000000000000000   7
215.10000000000000000000   6
215.20000000000000000000   3
215.30000000000000000000   5
215.40000000000000000000   3
215.50000000000000000000   2
215.60000000000000000000   4
215.70000000000000000000   3
215.80000000000000000000   3
215.90000000000000000000   2
216.00000000000000000000   3
216.10000000000000000000   2
216.20000000000000000000   4
216.30000000000000000000   3
216.40000000000000000000   3
216.50000000000000000000   2
216.60000000000000000000   2
216.70000000000000000000   2
216.80000000000000000000   1
216.90000000000000000000   1
217.00000000000000000000   5
217.10000000000000000000   2
217.20000000000000000000   4
217.30000000000000000000   1
217.40000000000000000000   3
217.50000000000000000000   2
217.60000000000000000000   1
217.70000000000000000000   1
217.80000000000000000000   5
217.90000000000000000000   8
218.00000000000000000000   9
218.10000000000000000000   9
218.20000000000000000000   7
218.30000000000000000000   10
218.40000000000000000000   13
218.50000000000000000000   13
218.60000000000000000000   13
218.70000000000000000000   13
218.80000000000000000000   11
218.90000000000000000000   12
219.00000000000000000000   11
219.10000000000000000000   10
219.20000000000000000000   14
219.30000000000000000000   13
219.40000000000000000000   13
219.50000000000000000000   13
219.60000000000000000000   15
219.70000000000000000000   10
219.80000000000000000000   10
219.90000000000000000000   8
220.00000000000000000000   11
220.10000000000000000000   7
220.20000000000000000000   12
220.30000000000000000000   11
220.40000000000000000000   12
220.50000000000000000000   12
220.60000000000000000000   14
220.70000000000000000000   11
220.80000000000000000000   10
220.90000000000000000000   10
221.00000000000000000000   9
221.10000000000000000000   9
221.20000000000000000000   6
221.30000000000000000000   10
221.40000000000000000000   9
221.50000000000000000000   8
221.60000000000000000000   8
221.70000000000000000000   6
221.80000000000000000000   8
221.90000000000000000000   9
222.00000000000000000000   9
222.10000000000000000000   9
222.20000000000000000000   10
222.30000000000000000000   15
222.40000000000000000000   9
222.50000000000000000000   12
222.60000000000000000000   9
222.70000000000000000000   10
222.80000000000000000000   8
222.90000000000000000000   8
223.00000000000000000000   7
223.10000000000000000000   7
223.20000000000000000000   10
223.30000000000000000000   8
223.40000000000000000000   11
223.50000000000000000000   12
223.60000000000000000000   7
223.70000000000000000000   13
223.80000000000000000000   10
223.90000000000000000000   9
224.00000000000000000000   10
224.10000000000000000000   12
224.20000000000000000000   12
224.30000000000000000000   10
224.40000000000000000000   11
224.50000000000000000000   4
224.60000000000000000000   10
224.70000000000000000000   11
224.80000000000000000000   9
224.90000000000000000000   12
225.00000000000000000000   9
225.10000000000000000000   16
225.20000000000000000000   12
225.30000000000000000000   14
225.40000000000000000000   10
225.50000000000000000000   12
225.60000000000000000000   11
225.70000000000000000000   15
225.80000000000000000000   14
225.90000000000000000000   16
226.00000000000000000000   12
226.10000000000000000000   12
226.20000000000000000000   14
226.30000000000000000000   6
226.40000000000000000000   8
226.50000000000000000000   9
226.60000000000000000000   8
226.70000000000000000000   9
226.80000000000000000000   7
226.90000000000000000000   8
227.00000000000000000000   8
227.10000000000000000000   10
227.20000000000000000000   6
227.30000000000000000000   8
227.40000000000000000000   7
227.50000000000000000000   4
227.60000000000000000000   7
227.70000000000000000000   8
227.80000000000000000000   9
227.90000000000000000000   13
228.00000000000000000000   11
228.10000000000000000000   9
228.20000000000000000000   7
228.30000000000000000000   10
228.40000000000000000000   7
228.50000000000000000000   7
228.60000000000000000000   5
228.70000000000000000000   6
228.80000000000000000000   6
228.90000000000000000000   5
229.00000000000000000000   1
229.10000000000000000000   6
229.20000000000000000000   10
229.30000000000000000000   8
229.40000000000000000000   8
229.50000000000000000000   5
229.60000000000000000000   2
229.70000000000000000000   0
229.80000000000000000000   2
229.90000000000000000000   5
230.00000000000000000000   5
230.10000000000000000000   10
230.20000000000000000000   5
230.30000000000000000000   5
230.40000000000000000000   5
230.50000000000000000000   6
230.60000000000000000000   5
230.70000000000000000000   8
230.80000000000000000000   9
230.90000000000000000000   9
231.00000000000000000000   8
231.10000000000000000000   9
231.20000000000000000000   9
231.30000000000000000000   7
231.40000000000000000000   7
231.50000000000000000000   8
231.60000000000000000000   8
231.70000000000000000000   9
231.80000000000000000000   8
231.90000000000000000000   8
232.00000000000000000000   11
232.10000000000000000000   11
232.20000000000000000000   14
232.30000000000000000000   14
232.40000000000000000000   12
232.50000000000000000000   12
232.60000000000000000000   12
232.70000000000000000000   8
232.80000000000000000000   9
232.90000000000000000000   9
233.00000000000000000000   7
233.10000000000000000000   2
233.20000000000000000000   8
233.30000000000000000000   8
233.40000000000000000000   8
233.50000000000000000000   5
233.60000000000000000000   6
233.70000000000000000000   10
233.80000000000000000000   9
233.90000000000000000000   8
234.00000000000000000000   7
234.10000000000000000000   9
234.20000000000000000000   6
234.30000000000000000000   6
234.40000000000000000000   7
234.50000000000000000000   8
234.60000000000000000000   9
234.70000000000000000000   10
234.80000000000000000000   10
234.90000000000000000000   8
235.00000000000000000000   11
235.10000000000000000000   11
235.20000000000000000000   9
235.30000000000000000000   8
235.40000000000000000000   10
235.50000000000000000000   8
235.60000000000000000000   9
235.70000000000000000000   9
235.80000000000000000000   7
235.90000000000000000000   8
236.00000000000000000000   8
236.10000000000000000000   13
236.20000000000000000000   10
236.30000000000000000000   12
236.40000000000000000000   4
236.50000000000000000000   3
236.60000000000000000000   8
236.70000000000000000000   3
236.80000000000000000000   3
236.90000000000000000000   5
237.00000000000000000000   2
237.10000000000000000000   2
237.20000000000000000000   1
237.30000000000000000000   0
237.40000000000000000000   4
237.50000000000000000000   4
237.60000000000000000000   4
237.70000000000000000000   5
237.80000000000000000000   10
237.90000000000000000000   8
238.00000000000000000000   3
238.10000000000000000000   10
238.20000000000000000000   7
238.30000000000000000000   5
238.40000000000000000000   10
238.50000000000000000000   10
238.60000000000000000000   11
238.70000000000000000000   11
238.80000000000000000000   14
238.90000000000000000000   10
239.00000000000000000000   11
239.10000000000000000000   11
239.20000000000000000000   12
239.30000000000000000000   9
239.40000000000000000000   12
239.50000000000000000000   12
239.60000000000000000000   11
239.70000000000000000000   15
239.80000000000000000000   13
239.90000000000000000000   12
240.00000000000000000000   13
240.10000000000000000000   13
240.20000000000000000000   12
240.30000000000000000000   12
240.40000000000000000000   10
240.50000000000000000000   12
240.60000000000000000000   10
240.70000000000000000000   11
240.80000000000000000000   11
240.90000000000000000000   11
241.00000000000000000000   12
241.10000000000000000000   9
241.20000000000000000000   7
241.30000000000000000000   15
241.40000000000000000000   11
241.50000000000000000000   10
241.60000000000000000000   11
241.70000000000000000000   11
241.80000000000000000000   11
241.90000000000000000000   7
242.00000000000000000000   8
242.10000000000000000000   5
242.20000000000000000000   8
242.30000000000000000000   9
242.40000000000000000000   8
242.50000000000000000000   12
242.60000000000000000000   12
242.70000000000000000000   10
242.80000000000000000000   8
242.90000000000000000000   12
243.00000000000000000000   6
243.10000000000000000000   11
243.20000000000000000000   10
243.30000000000000000000   9
243.40000000000000000000   9
243.50000000000000000000   11
243.60000000000000000000   12
243.70000000000000000000   10
243.80000000000000000000   12
243.90000000000000000000   13
244.00000000000000000000   12
244.10000000000000000000   12
244.20000000000000000000   13
244.30000000000000000000   7
244.40000000000000000000   9
244.50000000000000000000   4
244.60000000000000000000   5
244.70000000000000000000   11
244.80000000000000000000   9
244.90000000000000000000   8
245.00000000000000000000   9
245.10000000000000000000   12
245.20000000000000000000   10
245.30000000000000000000   12
245.40000000000000000000   8
245.50000000000000000000   1
245.60000000000000000000   0
245.70000000000000000000   2
245.80000000000000000000   1
245.90000000000000000000   0
246.00000000000000000000   7
246.10000000000000000000   3
246.20000000000000000000   3
246.30000000000000000000   1
246.40000000000000000000   2
246.50000000000000000000   2
246.60000000000000000000   1
246.70000000000000000000   4
246.80000000000000000000   6
246.90000000000000000000   4
247.00000000000000000000   1
247.10000000000000000000   7
247.20000000000000000000   8
247.30000000000000000000   6
247.40000000000000000000   5
247.50000000000000000000   6
247.60000000000000000000   6
247.70000000000000000000   5
247.80000000000000000000   4
247.90000000000000000000   6
248.00000000000000000000   10
248.10000000000000000000   6
248.20000000000000000000   8
248.30000000000000000000   7
248.40000000000000000000   10
248.50000000000000000000   6
248.60000000000000000000   7
248.70000000000000000000   5
248.80000000000000000000   2
248.90000000000000000000   0
249.00000000000000000000   3
249.10000000000000000000   0
249.20000000000000000000   3
249.30000000000000000000   3
249.40000000000000000000   9
249.50000000000000000000   7
249.60000000000000000000   3
249.70000000000000000000   7
249.80000000000000000000   8
249.90000000000000000000   10
250.00000000000000000000   5
250.10000000000000000000   6
250.20000000000000000000   5
250.30000000000000000000   3
250.40000000000000000000   3
250.50000000000000000000   4
250.60000000000000000000   11
250.70000000000000000000   13
250.80000000000000000000   11
250.90000000000000000000   11
251.00000000000000000000   13
251.10000000000000000000   11
251.20000000000000000000   11
251.30000000000000000000   11
251.40000000000000000000   8
251.50000000000000000000   9
251.60000000000000000000   11
251.70000000000000000000   15
251.80000000000000000000   13
251.90000000000000000000   9
252.00000000000000000000   11
252.10000000000000000000   8
252.20000000000000000000   9
252.30000000000000000000   12
252.40000000000000000000   11
252.50000000000000000000   11
252.60000000000000000000   12
252.70000000000000000000   14
252.80000000000000000000   12
252.90000000000000000000   15
253.00000000000000000000   14
253.10000000000000000000   15
253.20000000000000000000   12
253.30000000000000000000   9
253.40000000000000000000   9
253.50000000000000000000   9
253.60000000000000000000   9
253.70000000000000000000   11
253.80000000000000000000   11
253.90000000000000000000   7
254.00000000000000000000   10
254.10000000000000000000   11
254.20000000000000000000   5
254.30000000000000000000   7
254.40000000000000000000   4
254.50000000000000000000   6
254.60000000000000000000   7
254.70000000000000000000   7
254.80000000000000000000   10
254.90000000000000000000   13
255.00000000000000000000   11
255.10000000000000000000   9
255.20000000000000000000   10
255.30000000000000000000   9
255.40000000000000000000   12
255.50000000000000000000   13
255.60000000000000000000   13
255.70000000000000000000   15
255.80000000000000000000   15
255.90000000000000000000   19
256.00000000000000000000   16
256.10000000000000000000   15
256.20000000000000000000   12
256.30000000000000000000   15
256.40000000000000000000   15
256.50000000000000000000   13
256.60000000000000000000   18
256.70000000000000000000   17
256.80000000000000000000   21
256.90000000000000000000   13
257.00000000000000000000   13
257.10000000000000000000   13
257.20000000000000000000   12
257.30000000000000000000   16
257.40000000000000000000   13
257.50000000000000000000   12
257.60000000000000000000   12
257.70000000000000000000   14
257.80000000000000000000   14
257.90000000000000000000   13
258.00000000000000000000   12
258.10000000000000000000   10
258.20000000000000000000   10
258.30000000000000000000   13
258.40000000000000000000   17
258.50000000000000000000   11
258.60000000000000000000   17
258.70000000000000000000   10
258.80000000000000000000   11
258.90000000000000000000   11
259.00000000000000000000   13
259.10000000000000000000   12
259.20000000000000000000   9
259.30000000000000000000   14
259.40000000000000000000   10
259.50000000000000000000   11
259.60000000000000000000   7
259.70000000000000000000   10
259.80000000000000000000   8
259.90000000000000000000   11
260.00000000000000000000   13
260.10000000000000000000   12
260.20000000000000000000   12
260.30000000000000000000   15
260.40000000000000000000   14
260.50000000000000000000   11
260.60000000000000000000   12
260.70000000000000000000   11
260.80000000000000000000   10
260.90000000000000000000   12
261.00000000000000000000   9
261.10000000000000000000   11
261.20000000000000000000   12
261.30000000000000000000   19
261.40000000000000000000   14
261.50000000000000000000   12
261.60000000000000000000   11
261.70000000000000000000   15
261.80000000000000000000   11
261.90000000000000000000   15
262.00000000000000000000   7
262.10000000000000000000   9
262.20000000000000000000   7
262.30000000000000000000   7
262.40000000000000000000   7
262.50000000000000000000   8
262.60000000000000000000   5
262.70000000000000000000   5
262.80000000000000000000   12
262.90000000000000000000   13
263.00000000000000000000   8
263.10000000000000000000   6
263.20000000000000000000   10
263.30000000000000000000   8
263.40000000000000000000   8
263.50000000000000000000   6
263.60000000000000000000   7
263.70000000000000000000   9
263.80000000000000000000   12
263.90000000000000000000   10
264.00000000000000000000   13
264.10000000000000000000   13
264.20000000000000000000   13
264.30000000000000000000   14
264.40000000000000000000   17
264.50000000000000000000   20
264.60000000000000000000   17
264.70000000000000000000   13
264.80000000000000000000   6
264.90000000000000000000   10
265.00000000000000000000   8
265.10000000000000000000   9
265.20000000000000000000   7
265.30000000000000000000   8
265.40000000000000000000   9
265.50000000000000000000   10
265.60000000000000000000   8
265.70000000000000000000   7
265.80000000000000000000   4
265.90000000000000000000   4
266.00000000000000000000   4
266.10000000000000000000   4
266.20000000000000000000   4
266.30000000000000000000   4
266.40000000000000000000   5
266.50000000000000000000   7
266.60000000000000000000   5
266.70000000000000000000   5
266.80000000000000000000   3
266.90000000000000000000   5
267.00000000000000000000   4
267.10000000000000000000   3
267.20000000000000000000   5
267.30000000000000000000   3
267.40000000000000000000   3
267.50000000000000000000   3
267.60000000000000000000   3
267.70000000000000000000   5
267.80000000000000000000   4
267.90000000000000000000   5
268.00000000000000000000   4
268.10000000000000000000   4
268.20000000000000000000   4
268.30000000000000000000   5
268.40000000000000000000   2
268.50000000000000000000   4
268.60000000000000000000   7
268.70000000000000000000   2
268.80000000000000000000   3
268.90000000000000000000   6
269.00000000000000000000   1
269.10000000000000000000   3
269.20000000000000000000   2
269.30000000000000000000   4
269.40000000000000000000   3
269.50000000000000000000   5
269.60000000000000000000   6
269.70000000000000000000   6
269.80000000000000000000   7
269.90000000000000000000   10
270.00000000000000000000   7
270.10000000000000000000   8
270.20000000000000000000   12
270.30000000000000000000   4
270.40000000000000000000   5
270.50000000000000000000   11
270.60000000000000000000   9
270.70000000000000000000   9
270.80000000000000000000   11
270.90000000000000000000   16
271.00000000000000000000   11
271.10000000000000000000   14
271.20000000000000000000   13
271.30000000000000000000   10
271.40000000000000000000   10
271.50000000000000000000   8
271.60000000000000000000   8
271.70000000000000000000   10
271.80000000000000000000   11
271.90000000000000000000   15
272.00000000000000000000   8
272.10000000000000000000   14
272.20000000000000000000   13
272.30000000000000000000   10
272.40000000000000000000   10
272.50000000000000000000   10
272.60000000000000000000   14
272.70000000000000000000   13
272.80000000000000000000   12
272.90000000000000000000   9
273.00000000000000000000   10
273.10000000000000000000   12
273.20000000000000000000   12
273.30000000000000000000   11
273.40000000000000000000   12
273.50000000000000000000   16
273.60000000000000000000   14
273.70000000000000000000   13
273.80000000000000000000   9
273.90000000000000000000   13
274.00000000000000000000   13
274.10000000000000000000   12
274.20000000000000000000   13
274.30000000000000000000   9
274.40000000000000000000   8
274.50000000000000000000   8
274.60000000000000000000   6
274.70000000000000000000   9
274.80000000000000000000   10
274.90000000000000000000   9
275.00000000000000000000   7
275.10000000000000000000   10
275.20000000000000000000   14
275.30000000000000000000   13
275.40000000000000000000   10
275.50000000000000000000   9
275.60000000000000000000   8
275.70000000000000000000   10
275.80000000000000000000   10
275.90000000000000000000   11
276.00000000000000000000   11
276.10000000000000000000   8
276.20000000000000000000   7
276.30000000000000000000   7
276.40000000000000000000   7
276.50000000000000000000   7
276.60000000000000000000   8
276.70000000000000000000   9
276.80000000000000000000   9
276.90000000000000000000   8
277.00000000000000000000   9
277.10000000000000000000   13
277.20000000000000000000   10
277.30000000000000000000   15
277.40000000000000000000   13
277.50000000000000000000   14
277.60000000000000000000   13
277.70000000000000000000   13
277.80000000000000000000   10
277.90000000000000000000   12
278.00000000000000000000   15
278.10000000000000000000   12
278.20000000000000000000   13
278.30000000000000000000   11
278.40000000000000000000   13
278.50000000000000000000   12
278.60000000000000000000   13
278.70000000000000000000   14
278.80000000000000000000   9
278.90000000000000000000   17
279.00000000000000000000   13
279.10000000000000000000   15
279.20000000000000000000   15
279.30000000000000000000   9
279.40000000000000000000   15
279.50000000000000000000   17
279.60000000000000000000   17
279.70000000000000000000   16
279.80000000000000000000   19
279.90000000000000000000   16
280.00000000000000000000   15
280.10000000000000000000   20
280.20000000000000000000   15
280.30000000000000000000   13
280.40000000000000000000   13
280.50000000000000000000   13
280.60000000000000000000   13
280.70000000000000000000   13
280.80000000000000000000   14
280.90000000000000000000   14
281.00000000000000000000   10
281.10000000000000000000   14
281.20000000000000000000   14
281.30000000000000000000   16
281.40000000000000000000   16
281.50000000000000000000   15
281.60000000000000000000   17
281.70000000000000000000   14
281.80000000000000000000   18
281.90000000000000000000   13
282.00000000000000000000   15
282.10000000000000000000   20
282.20000000000000000000   20
282.30000000000000000000   12
282.40000000000000000000   16
282.50000000000000000000   11
282.60000000000000000000   17
282.70000000000000000000   17
282.80000000000000000000   15
282.90000000000000000000   13
283.00000000000000000000   14
283.10000000000000000000   10
283.20000000000000000000   12
283.30000000000000000000   12
283.40000000000000000000   10
283.50000000000000000000   10
283.60000000000000000000   13
283.70000000000000000000   9
283.80000000000000000000   12
283.90000000000000000000   15
284.00000000000000000000   12
284.10000000000000000000   9
284.20000000000000000000   8
284.30000000000000000000   12
284.40000000000000000000   13
284.50000000000000000000   11
284.60000000000000000000   14
284.70000000000000000000   11
284.80000000000000000000   10
284.90000000000000000000   20
285.00000000000000000000   17
285.10000000000000000000   8
285.20000000000000000000   12
285.30000000000000000000   15
285.40000000000000000000   12
285.50000000000000000000   13
285.60000000000000000000   14
285.70000000000000000000   9
285.80000000000000000000   15
285.90000000000000000000   12
286.00000000000000000000   14
286.10000000000000000000   14
286.20000000000000000000   11
286.30000000000000000000   14
286.40000000000000000000   11
286.50000000000000000000   10
286.60000000000000000000   8
286.70000000000000000000   10
286.80000000000000000000   4
286.90000000000000000000   13
287.00000000000000000000   11
287.10000000000000000000   12
287.20000000000000000000   12
287.30000000000000000000   14
287.40000000000000000000   12
287.50000000000000000000   15
287.60000000000000000000   10
287.70000000000000000000   11
287.80000000000000000000   7
287.90000000000000000000   14
288.00000000000000000000   8
288.10000000000000000000   6
288.20000000000000000000   9
288.30000000000000000000   7
288.40000000000000000000   12
288.50000000000000000000   9
288.60000000000000000000   7
288.70000000000000000000   8
288.80000000000000000000   4
288.90000000000000000000   2
289.00000000000000000000   3
289.10000000000000000000   2
289.20000000000000000000   2
289.30000000000000000000   1
289.40000000000000000000   0
289.50000000000000000000   1
289.60000000000000000000   1
289.70000000000000000000   1
289.80000000000000000000   1
289.90000000000000000000   2
290.00000000000000000000   8
290.10000000000000000000   8
290.20000000000000000000   5
290.30000000000000000000   7
290.40000000000000000000   3
290.50000000000000000000   2
290.60000000000000000000   3
290.70000000000000000000   8
290.80000000000000000000   8
290.90000000000000000000   9
291.00000000000000000000   6
291.10000000000000000000   3
291.20000000000000000000   6
291.30000000000000000000   7
291.40000000000000000000   7
291.50000000000000000000   7
291.60000000000000000000   2
291.70000000000000000000   0
291.80000000000000000000   6
291.90000000000000000000   3
292.00000000000000000000   7
292.10000000000000000000   6
292.20000000000000000000   7
292.30000000000000000000   8
292.40000000000000000000   9
292.50000000000000000000   12
292.60000000000000000000   10
292.70000000000000000000   10
292.80000000000000000000   11
292.90000000000000000000   10
293.00000000000000000000   10
293.10000000000000000000   12
293.20000000000000000000   10
293.30000000000000000000   13
293.40000000000000000000   11
293.50000000000000000000   12
293.60000000000000000000   15
293.70000000000000000000   12
293.80000000000000000000   9
293.90000000000000000000   9
294.00000000000000000000   13
294.10000000000000000000   10
294.20000000000000000000   10
294.30000000000000000000   7
294.40000000000000000000   9
294.50000000000000000000   7
294.60000000000000000000   7
294.70000000000000000000   5
294.80000000000000000000   9
294.90000000000000000000   2
295.00000000000000000000   2
295.10000000000000000000   4
295.20000000000000000000   5
295.30000000000000000000   8
295.40000000000000000000   2
295.50000000000000000000   2
295.60000000000000000000   8
295.70000000000000000000   9
295.80000000000000000000   7
295.90000000000000000000   7
296.00000000000000000000   12
296.10000000000000000000   6
296.20000000000000000000   6
296.30000000000000000000   5
296.40000000000000000000   3
296.50000000000000000000   5
296.60000000000000000000   8
296.70000000000000000000   5
296.80000000000000000000   9
296.90000000000000000000   8
297.00000000000000000000   9
297.10000000000000000000   7
297.20000000000000000000   6
297.30000000000000000000   3
297.40000000000000000000   2
297.50000000000000000000   5
297.60000000000000000000   2
297.70000000000000000000   3
297.80000000000000000000   0
297.90000000000000000000   1
298.00000000000000000000   2
298.10000000000000000000   1
298.20000000000000000000   3
298.30000000000000000000   4
298.40000000000000000000   2
298.50000000000000000000   4
298.60000000000000000000   4
298.70000000000000000000   6
298.80000000000000000000   5
298.90000000000000000000   5
299.00000000000000000000   4
299.10000000000000000000   4
299.20000000000000000000   4
299.30000000000000000000   4
299.40000000000000000000   3
299.50000000000000000000   7
299.60000000000000000000   6
299.70000000000000000000   4
299.80000000000000000000   2
299.90000000000000000000   6
300.00000000000000000000   4
300.10000000000000000000   3
300.20000000000000000000   5
300.30000000000000000000   3
300.40000000000000000000   5
300.50000000000000000000   1
300.60000000000000000000   3
300.70000000000000000000   3
300.80000000000000000000   8
300.90000000000000000000   3
301.00000000000000000000   6
301.10000000000000000000   7
301.20000000000000000000   5
301.30000000000000000000   3
301.40000000000000000000   5
301.50000000000000000000   2
301.60000000000000000000   4
301.70000000000000000000   2
301.80000000000000000000   3
301.90000000000000000000   4
302.00000000000000000000   2
302.10000000000000000000   3
302.20000000000000000000   5
302.30000000000000000000   5
302.40000000000000000000   2
302.50000000000000000000   1
302.60000000000000000000   5
302.70000000000000000000   2
302.80000000000000000000   3
302.90000000000000000000   2
303.00000000000000000000   4
303.10000000000000000000   1
303.20000000000000000000   2
303.30000000000000000000   3
303.40000000000000000000   6
303.50000000000000000000   9
303.60000000000000000000   2
303.70000000000000000000   8
303.80000000000000000000   11
303.90000000000000000000   10
304.00000000000000000000   11
304.10000000000000000000   6
304.20000000000000000000   5
304.30000000000000000000   3
304.40000000000000000000   5
304.50000000000000000000   4
304.60000000000000000000   5
304.70000000000000000000   7
304.80000000000000000000   5
304.90000000000000000000   6
305.00000000000000000000   6
305.10000000000000000000   3
305.20000000000000000000   5
305.30000000000000000000   5
305.40000000000000000000   5
305.50000000000000000000   7
305.60000000000000000000   4
305.70000000000000000000   4
305.80000000000000000000   3
305.90000000000000000000   5
306.00000000000000000000   4
306.10000000000000000000   10
306.20000000000000000000   7
306.30000000000000000000   11
306.40000000000000000000   9
306.50000000000000000000   12
306.60000000000000000000   10
306.70000000000000000000   7
306.80000000000000000000   6
306.90000000000000000000   11
307.00000000000000000000   8
307.10000000000000000000   9
307.20000000000000000000   8
307.30000000000000000000   14
307.40000000000000000000   13
307.50000000000000000000   11
307.60000000000000000000   14
307.70000000000000000000   13
307.80000000000000000000   13
307.90000000000000000000   13
308.00000000000000000000   11
308.10000000000000000000   14
308.20000000000000000000   16
308.30000000000000000000   16
308.40000000000000000000   14
308.50000000000000000000   13
308.60000000000000000000   14
308.70000000000000000000   15
308.80000000000000000000   17
308.90000000000000000000   12
309.00000000000000000000   13
309.10000000000000000000   16
309.20000000000000000000   14
309.30000000000000000000   14
309.40000000000000000000   16
309.50000000000000000000   16
309.60000000000000000000   15
309.70000000000000000000   16
309.80000000000000000000   15
309.90000000000000000000   18
310.00000000000000000000   14
310.10000000000000000000   16
310.20000000000000000000   18
310.30000000000000000000   18
310.40000000000000000000   20
310.50000000000000000000   17
310.60000000000000000000   16
310.70000000000000000000   16
310.80000000000000000000   12
310.90000000000000000000   10
311.00000000000000000000   12
311.10000000000000000000   8
311.20000000000000000000   10
311.30000000000000000000   10
311.40000000000000000000   9
311.50000000000000000000   8
311.60000000000000000000   8
311.70000000000000000000   11
311.80000000000000000000   8
311.90000000000000000000   8
312.00000000000000000000   8
312.10000000000000000000   11
312.20000000000000000000   8
312.30000000000000000000   9
312.40000000000000000000   8
312.50000000000000000000   10
312.60000000000000000000   13
312.70000000000000000000   10
312.80000000000000000000   11
312.90000000000000000000   10
313.00000000000000000000   8
313.10000000000000000000   8
313.20000000000000000000   7
313.30000000000000000000   9
313.40000000000000000000   8
313.50000000000000000000   7
313.60000000000000000000   7
313.70000000000000000000   7
313.80000000000000000000   7
313.90000000000000000000   5
314.00000000000000000000   7
314.10000000000000000000   7
314.20000000000000000000   7
314.30000000000000000000   10
314.40000000000000000000   9
314.50000000000000000000   3
314.60000000000000000000   7
314.70000000000000000000   10
314.80000000000000000000   10
314.90000000000000000000   9
315.00000000000000000000   7
315.10000000000000000000   6
315.20000000000000000000   6
315.30000000000000000000   8
315.40000000000000000000   13
315.50000000000000000000   10
315.60000000000000000000   11
315.70000000000000000000   7
315.80000000000000000000   9
315.90000000000000000000   9
316.00000000000000000000   12
316.10000000000000000000   10
316.20000000000000000000   5
316.30000000000000000000   6
316.40000000000000000000   7
316.50000000000000000000   4
316.60000000000000000000   5
316.70000000000000000000   5
316.80000000000000000000   7
316.90000000000000000000   4
317.00000000000000000000   4
317.10000000000000000000   8
317.20000000000000000000   9
317.30000000000000000000   10
317.40000000000000000000   10
317.50000000000000000000   9
317.60000000000000000000   8
317.70000000000000000000   7
317.80000000000000000000   8
317.90000000000000000000   9
318.00000000000000000000   8
318.10000000000000000000   10
318.20000000000000000000   6
318.30000000000000000000   8
318.40000000000000000000   8
318.50000000000000000000   9
318.60000000000000000000   3
318.70000000000000000000   6
318.80000000000000000000   6
318.90000000000000000000   7
319.00000000000000000000   9
319.10000000000000000000   9
319.20000000000000000000   14
319.30000000000000000000   12
319.40000000000000000000   12
319.50000000000000000000   16
319.60000000000000000000   15
319.70000000000000000000   8
319.80000000000000000000   10
319.90000000000000000000   9
320.00000000000000000000   7
320.10000000000000000000   7
320.20000000000000000000   9
320.30000000000000000000   5
320.40000000000000000000   4
320.50000000000000000000   3
320.60000000000000000000   8
320.70000000000000000000   6
320.80000000000000000000   9
320.90000000000000000000   7
321.00000000000000000000   9
321.10000000000000000000   11
321.20000000000000000000   11
321.30000000000000000000   11
321.40000000000000000000   10
321.50000000000000000000   11
321.60000000000000000000   11
321.70000000000000000000   16
321.80000000000000000000   13
321.90000000000000000000   11
322.00000000000000000000   10
322.10000000000000000000   13
322.20000000000000000000   12
322.30000000000000000000   13
322.40000000000000000000   14
322.50000000000000000000   9
322.60000000000000000000   8
322.70000000000000000000   8
322.80000000000000000000   8
322.90000000000000000000   12
323.00000000000000000000   12
323.10000000000000000000   4
323.20000000000000000000   3
323.30000000000000000000   3
323.40000000000000000000   1
323.50000000000000000000   3
323.60000000000000000000   10
323.70000000000000000000   11
323.80000000000000000000   12
323.90000000000000000000   10
324.00000000000000000000   14
324.10000000000000000000   7
324.20000000000000000000   4
324.30000000000000000000   4
324.40000000000000000000   2
324.50000000000000000000   3
324.60000000000000000000   4
324.70000000000000000000   4
324.80000000000000000000   3
324.90000000000000000000   2
325.00000000000000000000   5
325.10000000000000000000   3
325.20000000000000000000   1
325.30000000000000000000   4
325.40000000000000000000   4
325.50000000000000000000   3
325.60000000000000000000   0
325.70000000000000000000   0
325.80000000000000000000   1
325.90000000000000000000   5
326.00000000000000000000   2
326.10000000000000000000   1
326.20000000000000000000   1
326.30000000000000000000   2
326.40000000000000000000   0
326.50000000000000000000   5
326.60000000000000000000   7
326.70000000000000000000   2
326.80000000000000000000   5
326.90000000000000000000   5
327.00000000000000000000   0
327.10000000000000000000   2
327.20000000000000000000   4
327.30000000000000000000   3
327.40000000000000000000   5
327.50000000000000000000   5
327.60000000000000000000   9
327.70000000000000000000   4
327.80000000000000000000   5
327.90000000000000000000   7
328.00000000000000000000   4
328.10000000000000000000   5
328.20000000000000000000   3
328.30000000000000000000   5
328.40000000000000000000   11
328.50000000000000000000   11
328.60000000000000000000   9
328.70000000000000000000   5
328.80000000000000000000   5
328.90000000000000000000   10
329.00000000000000000000   9
329.10000000000000000000   9
329.20000000000000000000   10
329.30000000000000000000   4
329.40000000000000000000   6
329.50000000000000000000   3
329.60000000000000000000   5
329.70000000000000000000   7
329.80000000000000000000   3
329.90000000000000000000   6
330.00000000000000000000   2
330.10000000000000000000   5
330.20000000000000000000   3
330.30000000000000000000   6
330.40000000000000000000   5
330.50000000000000000000   1
330.60000000000000000000   0
330.70000000000000000000   4
330.80000000000000000000   2
330.90000000000000000000   1
331.00000000000000000000   3
331.10000000000000000000   0
331.20000000000000000000   0
331.30000000000000000000   0
331.40000000000000000000   1
331.50000000000000000000   4
331.60000000000000000000   2
331.70000000000000000000   0
331.80000000000000000000   2
331.90000000000000000000   1
332.00000000000000000000   1
332.10000000000000000000   1
332.20000000000000000000   1
332.30000000000000000000   2
332.40000000000000000000   2
332.50000000000000000000   2
332.60000000000000000000   3
332.70000000000000000000   1
332.80000000000000000000   2
332.90000000000000000000   0
333.00000000000000000000   1
333.10000000000000000000   0
333.20000000000000000000   1
333.30000000000000000000   2
333.40000000000000000000   2
333.50000000000000000000   0
333.60000000000000000000   0
333.70000000000000000000   1
333.80000000000000000000   1
333.90000000000000000000   2
334.00000000000000000000   8
334.10000000000000000000   5
334.20000000000000000000   1
334.30000000000000000000   6
334.40000000000000000000   5
334.50000000000000000000   3
334.60000000000000000000   4
334.70000000000000000000   4
334.80000000000000000000   2
334.90000000000000000000   3
335.00000000000000000000   6
335.10000000000000000000   3
335.20000000000000000000   3
335.30000000000000000000   4
335.40000000000000000000   1
335.50000000000000000000   1
335.60000000000000000000   0
335.70000000000000000000   1
335.80000000000000000000   0
335.90000000000000000000   4
336.00000000000000000000   3
336.10000000000000000000   3
336.20000000000000000000   9
336.30000000000000000000   5
336.40000000000000000000   6
336.50000000000000000000   11
336.60000000000000000000   10
336.70000000000000000000   10
336.80000000000000000000   13
336.90000000000000000000   10
337.00000000000000000000   6
337.10000000000000000000   8
337.20000000000000000000   6
337.30000000000000000000   8
337.40000000000000000000   9
337.50000000000000000000   9
337.60000000000000000000   11
337.70000000000000000000   14
337.80000000000000000000   13
337.90000000000000000000   10
338.00000000000000000000   8
338.10000000000000000000   8
338.20000000000000000000   8
338.30000000000000000000   8
338.40000000000000000000   5
338.50000000000000000000   8
338.60000000000000000000   7
338.70000000000000000000   6
338.80000000000000000000   5
338.90000000000000000000   7
339.00000000000000000000   5
339.10000000000000000000   6
339.20000000000000000000   13
339.30000000000000000000   12
339.40000000000000000000   8
339.50000000000000000000   9
339.60000000000000000000   6
339.70000000000000000000   13
339.80000000000000000000   13
339.90000000000000000000   10
340.00000000000000000000   11
340.10000000000000000000   9
340.20000000000000000000   8
340.30000000000000000000   9
340.40000000000000000000   8
340.50000000000000000000   12
340.60000000000000000000   11
340.70000000000000000000   11
340.80000000000000000000   11
340.90000000000000000000   13
341.00000000000000000000   6
341.10000000000000000000   7
341.20000000000000000000   8
341.30000000000000000000   8
341.40000000000000000000   8
341.50000000000000000000   15
341.60000000000000000000   13
341.70000000000000000000   10
341.80000000000000000000   15
341.90000000000000000000   16
342.00000000000000000000   11
342.10000000000000000000   13
342.20000000000000000000   11
342.30000000000000000000   11
342.40000000000000000000   13
342.50000000000000000000   16
342.60000000000000000000   12
342.70000000000000000000   9
342.80000000000000000000   10
342.90000000000000000000   11
343.00000000000000000000   13
343.10000000000000000000   14
343.20000000000000000000   13
343.30000000000000000000   9
343.40000000000000000000   11
343.50000000000000000000   12
343.60000000000000000000   12
343.70000000000000000000   10
343.80000000000000000000   13
343.90000000000000000000   11
344.00000000000000000000   12
344.10000000000000000000   17
344.20000000000000000000   14
344.30000000000000000000   15
344.40000000000000000000   11
344.50000000000000000000   14
344.60000000000000000000   11
344.70000000000000000000   11
344.80000000000000000000   13
344.90000000000000000000   8
345.00000000000000000000   7
345.10000000000000000000   4
345.20000000000000000000   5
345.30000000000000000000   5
345.40000000000000000000   6
345.50000000000000000000   6
345.60000000000000000000   6
345.70000000000000000000   6
345.80000000000000000000   8
345.90000000000000000000   8
346.00000000000000000000   7
346.10000000000000000000   4
346.20000000000000000000   2
346.30000000000000000000   4
346.40000000000000000000   10
346.50000000000000000000   3
346.60000000000000000000   8
346.70000000000000000000   9
346.80000000000000000000   6
346.90000000000000000000   8
347.00000000000000000000   5
347.10000000000000000000   6
347.20000000000000000000   3
347.30000000000000000000   3
347.40000000000000000000   4
347.50000000000000000000   3
347.60000000000000000000   4
347.70000000000000000000   4
347.80000000000000000000   6
347.90000000000000000000   5
348.00000000000000000000   5
348.10000000000000000000   4
348.20000000000000000000   3
348.30000000000000000000   5
348.40000000000000000000   4
348.50000000000000000000   0
348.60000000000000000000   3
348.70000000000000000000   2
348.80000000000000000000   4
348.90000000000000000000   3
349.00000000000000000000   4
349.10000000000000000000   3
349.20000000000000000000   4
349.30000000000000000000   2
349.40000000000000000000   10
349.50000000000000000000   5
349.60000000000000000000   7
349.70000000000000000000   6
349.80000000000000000000   8
349.90000000000000000000   5
350.00000000000000000000   5
350.10000000000000000000   6
350.20000000000000000000   7
350.30000000000000000000   6
350.40000000000000000000   7
350.50000000000000000000   6
350.60000000000000000000   6
350.70000000000000000000   5
350.80000000000000000000   4
350.90000000000000000000   5
351.00000000000000000000   2
351.10000000000000000000   4
351.20000000000000000000   2
351.30000000000000000000   3
351.40000000000000000000   4
351.50000000000000000000   11
351.60000000000000000000   6
351.70000000000000000000   2
351.80000000000000000000   5
351.90000000000000000000   10
352.00000000000000000000   6
352.10000000000000000000   9
352.20000000000000000000   10
352.30000000000000000000   6
352.40000000000000000000   5
352.50000000000000000000   5
352.60000000000000000000   5
352.70000000000000000000   9
352.80000000000000000000   6
352.90000000000000000000   7
353.00000000000000000000   10
353.10000000000000000000   10
353.20000000000000000000   10
353.30000000000000000000   12
353.40000000000000000000   9
353.50000000000000000000   8
353.60000000000000000000   10
353.70000000000000000000   10
353.80000000000000000000   12
353.90000000000000000000   10
354.00000000000000000000   11
354.10000000000000000000   11
354.20000000000000000000   9
354.30000000000000000000   11
354.40000000000000000000   10
354.50000000000000000000   10
354.60000000000000000000   10
354.70000000000000000000   12
354.80000000000000000000   5
354.90000000000000000000   11
355.00000000000000000000   13
355.10000000000000000000   12
355.20000000000000000000   15
355.30000000000000000000   14
355.40000000000000000000   11
355.50000000000000000000   10
355.60000000000000000000   11
355.70000000000000000000   9
355.80000000000000000000   10
355.90000000000000000000   11
356.00000000000000000000   13
356.10000000000000000000   11
356.20000000000000000000   11
356.30000000000000000000   9
356.40000000000000000000   9
356.50000000000000000000   11
356.60000000000000000000   9
356.70000000000000000000   12
356.80000000000000000000   10
356.90000000000000000000   12
357.00000000000000000000   11
357.10000000000000000000   8
357.20000000000000000000   11
357.30000000000000000000   14
357.40000000000000000000   17
357.50000000000000000000   17
357.60000000000000000000   14
357.70000000000000000000   13
357.80000000000000000000   13
357.90000000000000000000   11
358.00000000000000000000   8
358.10000000000000000000   8
358.20000000000000000000   6
358.30000000000000000000   9
358.40000000000000000000   9
358.50000000000000000000   6
358.60000000000000000000   6
358.70000000000000000000   9
358.80000000000000000000   7
358.90000000000000000000   9
359.00000000000000000000   8
359.10000000000000000000   7
359.20000000000000000000   8
359.30000000000000000000   7
359.40000000000000000000   7
359.50000000000000000000   8
359.60000000000000000000   10
359.70000000000000000000   8
359.80000000000000000000   7
359.90000000000000000000   7
360.00000000000000000000   9
360.10000000000000000000   9
360.20000000000000000000   10
360.30000000000000000000   10
360.40000000000000000000   9
360.50000000000000000000   8
360.60000000000000000000   6
360.70000000000000000000   6
360.80000000000000000000   7
360.90000000000000000000   8
361.00000000000000000000   10
361.10000000000000000000   9
361.20000000000000000000   9
361.30000000000000000000   11
361.40000000000000000000   12
361.50000000000000000000   12
361.60000000000000000000   10
361.70000000000000000000   17
361.80000000000000000000   13
361.90000000000000000000   13
362.00000000000000000000   10
362.10000000000000000000   16
362.20000000000000000000   11
362.30000000000000000000   15
362.40000000000000000000   13
362.50000000000000000000   11
362.60000000000000000000   16
362.70000000000000000000   13
362.80000000000000000000   15
362.90000000000000000000   14
363.00000000000000000000   17
363.10000000000000000000   15
363.20000000000000000000   19
363.30000000000000000000   18
363.40000000000000000000   21
363.50000000000000000000   15
363.60000000000000000000   18
363.70000000000000000000   17
363.80000000000000000000   18
363.90000000000000000000   17
364.00000000000000000000   14
364.10000000000000000000   14
364.20000000000000000000   15
364.30000000000000000000   16
364.40000000000000000000   16
364.50000000000000000000   16
364.60000000000000000000   19
364.70000000000000000000   16
364.80000000000000000000   18
364.90000000000000000000   14
365.00000000000000000000   14
365.10000000000000000000   15
365.20000000000000000000   15
365.30000000000000000000   16
365.40000000000000000000   12
365.50000000000000000000   13
365.60000000000000000000   16
365.70000000000000000000   13
365.80000000000000000000   14
365.90000000000000000000   17
366.00000000000000000000   16
366.10000000000000000000   15
366.20000000000000000000   15
366.30000000000000000000   14
366.40000000000000000000   15
366.50000000000000000000   17
366.60000000000000000000   13
366.70000000000000000000   12
366.80000000000000000000   14
366.90000000000000000000   15
367.00000000000000000000   16
367.10000000000000000000   14
367.20000000000000000000   13
367.30000000000000000000   12
367.40000000000000000000   9
367.50000000000000000000   9
367.60000000000000000000   8
367.70000000000000000000   12
367.80000000000000000000   11
367.90000000000000000000   10
368.00000000000000000000   8
368.10000000000000000000   9
368.20000000000000000000   9
368.30000000000000000000   10
368.40000000000000000000   10
368.50000000000000000000   13
368.60000000000000000000   14
368.70000000000000000000   14
368.80000000000000000000   10
368.90000000000000000000   8
369.00000000000000000000   12
369.10000000000000000000   12
369.20000000000000000000   12
369.30000000000000000000   12
369.40000000000000000000   13
369.50000000000000000000   11
369.60000000000000000000   10
369.70000000000000000000   14
369.80000000000000000000   13
369.90000000000000000000   9
370.00000000000000000000   9
370.10000000000000000000   8
370.20000000000000000000   11
370.30000000000000000000   9
370.40000000000000000000   9
370.50000000000000000000   13
370.60000000000000000000   10
370.70000000000000000000   14
370.80000000000000000000   11
370.90000000000000000000   15
371.00000000000000000000   14
371.10000000000000000000   12
371.20000000000000000000   13
371.30000000000000000000   12
371.40000000000000000000   14
371.50000000000000000000   14
371.60000000000000000000   12
371.70000000000000000000   9
371.80000000000000000000   10
371.90000000000000000000   8
372.00000000000000000000   7
372.10000000000000000000   11
372.20000000000000000000   9
372.30000000000000000000   10
372.40000000000000000000   10
372.50000000000000000000   13
372.60000000000000000000   9
372.70000000000000000000   13
372.80000000000000000000   7
372.90000000000000000000   9
373.00000000000000000000   9
373.10000000000000000000   9
373.20000000000000000000   11
373.30000000000000000000   10
373.40000000000000000000   8
373.50000000000000000000   10
373.60000000000000000000   7
373.70000000000000000000   6
373.80000000000000000000   12
373.90000000000000000000   11
374.00000000000000000000   12
374.10000000000000000000   10
374.20000000000000000000   10
374.30000000000000000000   10
374.40000000000000000000   11
374.50000000000000000000   8
374.60000000000000000000   12
374.70000000000000000000   10
374.80000000000000000000   10
374.90000000000000000000   10
375.00000000000000000000   12
375.10000000000000000000   10
375.20000000000000000000   7
375.30000000000000000000   7
375.40000000000000000000   8
375.50000000000000000000   8
375.60000000000000000000   5
375.70000000000000000000   8
375.80000000000000000000   10
375.90000000000000000000   5
376.00000000000000000000   6
376.10000000000000000000   6
376.20000000000000000000   7
376.30000000000000000000   6
376.40000000000000000000   9
376.50000000000000000000   7
376.60000000000000000000   7
376.70000000000000000000   6
376.80000000000000000000   6
376.90000000000000000000   7
377.00000000000000000000   5
377.10000000000000000000   6
377.20000000000000000000   5
377.30000000000000000000   6
377.40000000000000000000   5
377.50000000000000000000   4
377.60000000000000000000   5
377.70000000000000000000   5
377.80000000000000000000   8
377.90000000000000000000   6
378.00000000000000000000   9
378.10000000000000000000   11
378.20000000000000000000   7
378.30000000000000000000   9
378.40000000000000000000   10
378.50000000000000000000   13
378.60000000000000000000   14
378.70000000000000000000   15
378.80000000000000000000   8
378.90000000000000000000   12
379.00000000000000000000   13
379.10000000000000000000   7
379.20000000000000000000   11
379.30000000000000000000   11
379.40000000000000000000   6
379.50000000000000000000   6
379.60000000000000000000   2
379.70000000000000000000   2
379.80000000000000000000   1
379.90000000000000000000   1
380.00000000000000000000   6
380.10000000000000000000   10
380.20000000000000000000   7
380.30000000000000000000   10
380.40000000000000000000   7
380.50000000000000000000   7
380.60000000000000000000   6
380.70000000000000000000   5
380.80000000000000000000   2
380.90000000000000000000   0
381.00000000000000000000   0
381.10000000000000000000   1
381.20000000000000000000   4
381.30000000000000000000   5
381.40000000000000000000   4
381.50000000000000000000   2
381.60000000000000000000   2
381.70000000000000000000   6
381.80000000000000000000   6
381.90000000000000000000   3
382.00000000000000000000   4
382.10000000000000000000   1
382.20000000000000000000   1
382.30000000000000000000   3
382.40000000000000000000   1
382.50000000000000000000   3
382.60000000000000000000   6
382.70000000000000000000   2
382.80000000000000000000   1
382.90000000000000000000   3
383.00000000000000000000   4
383.10000000000000000000   2
383.20000000000000000000   1
383.30000000000000000000   3
383.40000000000000000000   1
383.50000000000000000000   3
383.60000000000000000000   4
383.70000000000000000000   7
383.80000000000000000000   6
383.90000000000000000000   7
384.00000000000000000000   9
384.10000000000000000000   5
384.20000000000000000000   4
384.30000000000000000000   1
384.40000000000000000000   1
384.50000000000000000000   0
384.60000000000000000000   4
384.70000000000000000000   4
384.80000000000000000000   4
384.90000000000000000000   2
385.00000000000000000000   4
385.10000000000000000000   4
385.20000000000000000000   3
385.30000000000000000000   2
385.40000000000000000000   2
385.50000000000000000000   2
385.60000000000000000000   3
385.70000000000000000000   3
385.80000000000000000000   2
385.90000000000000000000   4
386.00000000000000000000   5
386.10000000000000000000   7
386.20000000000000000000   5
386.30000000000000000000   2
386.40000000000000000000   3
386.50000000000000000000   4
386.60000000000000000000   6
386.70000000000000000000   1
386.80000000000000000000   1
386.90000000000000000000   2
387.00000000000000000000   4
387.10000000000000000000   3
387.20000000000000000000   4
387.30000000000000000000   4
387.40000000000000000000   5
387.50000000000000000000   6
387.60000000000000000000   7
387.70000000000000000000   5
387.80000000000000000000   4
387.90000000000000000000   5
388.00000000000000000000   4
388.10000000000000000000   4
388.20000000000000000000   6
388.30000000000000000000   8
388.40000000000000000000   7
388.50000000000000000000   10
388.60000000000000000000   6
388.70000000000000000000   14
388.80000000000000000000   10
388.90000000000000000000   7
389.00000000000000000000   9
389.10000000000000000000   11
389.20000000000000000000   13
389.30000000000000000000   8
389.40000000000000000000   7
389.50000000000000000000   9
389.60000000000000000000   8
389.70000000000000000000   12
389.80000000000000000000   9
389.90000000000000000000   10
390.00000000000000000000   10
390.10000000000000000000   10
390.20000000000000000000   10
390.30000000000000000000   7
390.40000000000000000000   11
390.50000000000000000000   10
390.60000000000000000000   8
390.70000000000000000000   10
390.80000000000000000000   9
390.90000000000000000000   7
391.00000000000000000000   8
391.10000000000000000000   11
391.20000000000000000000   7
391.30000000000000000000   7
391.40000000000000000000   10
391.50000000000000000000   10
391.60000000000000000000   7
391.70000000000000000000   10
391.80000000000000000000   8
391.90000000000000000000   8
392.00000000000000000000   9
392.10000000000000000000   8
392.20000000000000000000   12
392.30000000000000000000   15
392.40000000000000000000   15
392.50000000000000000000   10
392.60000000000000000000   9
392.70000000000000000000   11
392.80000000000000000000   10
392.90000000000000000000   11
393.00000000000000000000   12
393.10000000000000000000   13
393.20000000000000000000   14
393.30000000000000000000   12
393.40000000000000000000   12
393.50000000000000000000   15
393.60000000000000000000   10
393.70000000000000000000   11
393.80000000000000000000   6
393.90000000000000000000   5
394.00000000000000000000   8
394.10000000000000000000   6
394.20000000000000000000   6
394.30000000000000000000   6
394.40000000000000000000   10
394.50000000000000000000   4
394.60000000000000000000   4
394.70000000000000000000   6
394.80000000000000000000   5
394.90000000000000000000   8
395.00000000000000000000   6
395.10000000000000000000   5
395.20000000000000000000   7
395.30000000000000000000   7
395.40000000000000000000   7
395.50000000000000000000   9
395.60000000000000000000   4
395.70000000000000000000   9
395.80000000000000000000   10
395.90000000000000000000   10
396.00000000000000000000   12
396.10000000000000000000   11
396.20000000000000000000   9
396.30000000000000000000   11
396.40000000000000000000   9
396.50000000000000000000   7
396.60000000000000000000   5
396.70000000000000000000   5
396.80000000000000000000   5
396.90000000000000000000   5
397.00000000000000000000   3
397.10000000000000000000   5
397.20000000000000000000   5
397.30000000000000000000   5
397.40000000000000000000   5
397.50000000000000000000   3
397.60000000000000000000   4
397.70000000000000000000   5
397.80000000000000000000   5
397.90000000000000000000   5
398.00000000000000000000   5
398.10000000000000000000   4
398.20000000000000000000   3
398.30000000000000000000   3
398.40000000000000000000   2
398.50000000000000000000   4
398.60000000000000000000   3
398.70000000000000000000   4
398.80000000000000000000   4
398.90000000000000000000   0
399.00000000000000000000   0
399.10000000000000000000   2
399.20000000000000000000   5
399.30000000000000000000   5
399.40000000000000000000   2
399.50000000000000000000   13
399.60000000000000000000   7
399.70000000000000000000   7
