200.00000000000000000000   4
200.10000000000000000000   4
200.20000000000000000000   4
200.30000000000000000000   4
200.40000000000000000000   4
200.50000000000000000000   4
200.60000000000000000000   4
200.70000000000000000000   4
200.80000000000000000000   4
200.90000000000000000000   4
201.00000000000000000000   4
201.10000000000000000000   4
201.20000000000000000000   4
201.30000000000000000000   4
201.40000000000000000000   4
201.50000000000000000000   4
201.60000000000000000000   4
201.70000000000000000000   4
201.80000000000000000000   4
201.90000000000000000000   4
202.00000000000000000000   4
202.10000000000000000000   4
202.20000000000000000000   4
202.30000000000000000000   4
202.40000000000000000000   4
202.50000000000000000000   4
202.60000000000000000000   4
202.70000000000000000000   5
202.80000000000000000000   4
202.90000000000000000000   5
203.00000000000000000000   4
203.10000000000000000000   4
203.20000000000000000000   4
203.30000000000000000000   4
203.40000000000000000000   4
203.50000000000000000000   3
203.60000000000000000000   2
203.70000000000000000000   4
203.80000000000000000000   4
203.90000000000000000000   6
204.00000000000000000000   6
204.10000000000000000000   5
204.20000000000000000000   3
204.30000000000000000000   4
204.40000000000000000000   4
204.50000000000000000000   4
204.60000000000000000000   4
204.70000000000000000000   4
204.80000000000000000000   4
204.90000000000000000000   4
205.00000000000000000000   4
205.10000000000000000000   4
205.20000000000000000000   1
205.30000000000000000000   5
205.40000000000000000000   4
205.50000000000000000000   3
205.60000000000000000000   2
205.70000000000000000000   1
205.80000000000000000000   1
205.90000000000000000000   2
206.00000000000000000000   2
206.10000000000000000000   2
206.20000000000000000000   2
206.30000000000000000000   2
206.40000000000000000000   2
206.50000000000000000000   3
206.60000000000000000000   2
206.70000000000000000000   2
206.80000000000000000000   2
206.90000000000000000000   3
207.00000000000000000000   3
207.10000000000000000000   3
207.20000000000000000000   3
207.30000000000000000000   2
207.40000000000000000000   3
207.50000000000000000000   4
207.60000000000000000000   2
207.70000000000000000000   1
207.80000000000000000000   1
207.90000000000000000000   2
208.00000000000000000000   2
208.10000000000000000000   2
208.20000000000000000000   2
208.30000000000000000000   2
208.40000000000000000000   2
208.50000000000000000000   2
208.60000000000000000000   2
208.70000000000000000000   2
208.80000000000000000000   2
208.90000000000000000000   2
209.00000000000000000000   3
209.10000000000000000000   2
209.20000000000000000000   1
209.30000000000000000000   3
209.40000000000000000000   2
209.50000000000000000000   3
209.60000000000000000000   4
209.70000000000000000000   0
209.80000000000000000000   2
209.90000000000000000000   2
210.00000000000000000000   5
210.10000000000000000000   3
210.20000000000000000000   3
210.30000000000000000000   5
210.40000000000000000000   4
210.50000000000000000000   3
210.60000000000000000000   5
210.70000000000000000000   5
210.80000000000000000000   7
210.90000000000000000000   5
211.00000000000000000000   4
211.10000000000000000000   4
211.20000000000000000000   3
211.30000000000000000000   2
211.40000000000000000000   2
211.50000000000000000000   2
211.60000000000000000000   3
211.70000000000000000000   2
211.80000000000000000000   3
211.90000000000000000000   3
212.00000000000000000000   2
212.10000000000000000000   4
212.20000000000000000000   4
212.30000000000000000000   5
212.40000000000000000000   5
212.50000000000000000000   4
212.60000000000000000000   5
212.70000000000000000000   5
212.80000000000000000000   4
212.90000000000000000000   4
213.00000000000000000000   4
213.10000000000000000000   5
213.20000000000000000000   6
213.30000000000000000000   4
213.40000000000000000000   3
213.50000000000000000000   3
213.60000000000000000000   3
213.70000000000000000000   4
213.80000000000000000000   3
213.90000000000000000000   4
214.00000000000000000000   4
214.10000000000000000000   4
214.20000000000000000000   4
214.30000000000000000000   4
214.40000000000000000000   5
214.50000000000000000000   5
214.60000000000000000000   5
214.70000000000000000000   5
214.80000000000000000000   5
214.90000000000000000000   5
215.00000000000000000000   5
215.10000000000000000000   4
215.20000000000000000000   2
215.30000000000000000000   2
215.40000000000000000000   3
215.50000000000000000000   4
215.60000000000000000000   3
215.70000000000000000000   3
215.80000000000000000000   1
215.90000000000000000000   2
216.00000000000000000000   3
216.10000000000000000000   8
216.20000000000000000000   2
216.30000000000000000000   2
216.40000000000000000000   3
216.50000000000000000000   1
216.60000000000000000000   2
216.70000000000000000000   2
216.80000000000000000000   2
216.90000000000000000000   3
217.00000000000000000000   2
217.10000000000000000000   2
217.20000000000000000000   3
217.30000000000000000000   2
217.40000000000000000000   2
217.50000000000000000000   3
217.60000000000000000000   2
217.70000000000000000000   4
217.80000000000000000000   3
217.90000000000000000000   3
218.00000000000000000000   3
218.10000000000000000000   2
218.20000000000000000000   3
218.30000000000000000000   2
218.40000000000000000000   2
218.50000000000000000000   3
218.60000000000000000000   3
218.70000000000000000000   4
218.80000000000000000000   2
218.90000000000000000000   4
219.00000000000000000000   4
219.10000000000000000000   3
219.20000000000000000000   2
219.30000000000000000000   4
219.40000000000000000000   4
219.50000000000000000000   3
219.60000000000000000000   4
219.70000000000000000000   3
219.80000000000000000000   1
219.90000000000000000000   3
220.00000000000000000000   3
220.10000000000000000000   3
220.20000000000000000000   4
220.30000000000000000000   5
220.40000000000000000000   3
220.50000000000000000000   1
220.60000000000000000000   2
220.70000000000000000000   2
220.80000000000000000000   2
220.90000000000000000000   4
221.00000000000000000000   6
221.10000000000000000000   6
221.20000000000000000000   3
221.30000000000000000000   5
221.40000000000000000000   5
221.50000000000000000000   4
221.60000000000000000000   1
221.70000000000000000000   2
221.80000000000000000000   2
221.90000000000000000000   0
222.00000000000000000000   0
222.10000000000000000000   0
222.20000000000000000000   0
222.30000000000000000000   0
222.40000000000000000000   0
222.50000000000000000000   0
222.60000000000000000000   0
222.70000000000000000000   0
222.80000000000000000000   0
222.90000000000000000000   0
223.00000000000000000000   0
223.10000000000000000000   0
223.20000000000000000000   0
223.30000000000000000000   1
223.40000000000000000000   2
223.50000000000000000000   2
223.60000000000000000000   1
223.70000000000000000000   3
223.80000000000000000000   2
223.90000000000000000000   1
224.00000000000000000000   3
224.10000000000000000000   2
224.20000000000000000000   1
224.30000000000000000000   4
224.40000000000000000000   1
224.50000000000000000000   4
224.60000000000000000000   2
224.70000000000000000000   3
224.80000000000000000000   2
224.90000000000000000000   2
225.00000000000000000000   0
225.10000000000000000000   0
225.20000000000000000000   0
225.30000000000000000000   0
225.40000000000000000000   2
225.50000000000000000000   1
225.60000000000000000000   2
225.70000000000000000000   1
225.80000000000000000000   1
225.90000000000000000000   2
226.00000000000000000000   2
226.10000000000000000000   3
226.20000000000000000000   2
226.30000000000000000000   3
226.40000000000000000000   1
226.50000000000000000000   3
226.60000000000000000000   2
226.70000000000000000000   1
226.80000000000000000000   2
226.90000000000000000000   2
227.00000000000000000000   2
227.10000000000000000000   2
227.20000000000000000000   2
227.30000000000000000000   2
227.40000000000000000000   1
227.50000000000000000000   2
227.60000000000000000000   3
227.70000000000000000000   2
227.80000000000000000000   2
227.90000000000000000000   1
228.00000000000000000000   1
228.10000000000000000000   3
228.20000000000000000000   2
228.30000000000000000000   4
228.40000000000000000000   2
228.50000000000000000000   4
228.60000000000000000000   4
228.70000000000000000000   5
228.80000000000000000000   5
228.90000000000000000000   5
229.00000000000000000000   4
229.10000000000000000000   5
229.20000000000000000000   6
229.30000000000000000000   5
229.40000000000000000000   5
229.50000000000000000000   5
229.60000000000000000000   5
229.70000000000000000000   7
229.80000000000000000000   4
229.90000000000000000000   4
230.00000000000000000000   3
230.10000000000000000000   3
230.20000000000000000000   4
230.30000000000000000000   5
230.40000000000000000000   4
230.50000000000000000000   4
230.60000000000000000000   4
230.70000000000000000000   3
230.80000000000000000000   5
230.90000000000000000000   4
231.00000000000000000000   7
231.10000000000000000000   5
231.20000000000000000000   5
231.30000000000000000000   5
231.40000000000000000000   4
231.50000000000000000000   6
231.60000000000000000000   6
231.70000000000000000000   3
231.80000000000000000000   4
231.90000000000000000000   2
232.00000000000000000000   5
232.10000000000000000000   4
232.20000000000000000000   1
232.30000000000000000000   3
232.40000000000000000000   3
232.50000000000000000000   4
232.60000000000000000000   2
232.70000000000000000000   2
232.80000000000000000000   3
232.90000000000000000000   3
233.00000000000000000000   5
233.10000000000000000000   5
233.20000000000000000000   6
233.30000000000000000000   5
233.40000000000000000000   3
233.50000000000000000000   7
233.60000000000000000000   5
233.70000000000000000000   5
233.80000000000000000000   5
233.90000000000000000000   6
234.00000000000000000000   5
234.10000000000000000000   4
234.20000000000000000000   6
234.30000000000000000000   5
234.40000000000000000000   2
234.50000000000000000000   4
234.60000000000000000000   5
234.70000000000000000000   5
234.80000000000000000000   3
234.90000000000000000000   4
235.00000000000000000000   5
235.10000000000000000000   4
235.20000000000000000000   3
235.30000000000000000000   4
235.40000000000000000000   5
235.50000000000000000000   6
235.60000000000000000000   7
235.70000000000000000000   6
235.80000000000000000000   5
235.90000000000000000000   4
236.00000000000000000000   4
236.10000000000000000000   4
236.20000000000000000000   4
236.30000000000000000000   4
236.40000000000000000000   4
236.50000000000000000000   6
236.60000000000000000000   6
236.70000000000000000000   5
236.80000000000000000000   6
236.90000000000000000000   5
237.00000000000000000000   3
237.10000000000000000000   3
237.20000000000000000000   5
237.30000000000000000000   4
237.40000000000000000000   5
237.50000000000000000000   5
237.60000000000000000000   3
237.70000000000000000000   3
237.80000000000000000000   5
237.90000000000000000000   4
238.00000000000000000000   2
238.10000000000000000000   3
238.20000000000000000000   5
238.30000000000000000000   5
238.40000000000000000000   5
238.50000000000000000000   5
238.60000000000000000000   4
238.70000000000000000000   7
238.80000000000000000000   5
238.90000000000000000000   4
239.00000000000000000000   4
239.10000000000000000000   4
239.20000000000000000000   3
239.30000000000000000000   6
239.40000000000000000000   5
239.50000000000000000000   4
239.60000000000000000000   5
239.70000000000000000000   0
239.80000000000000000000   4
239.90000000000000000000   5
240.00000000000000000000   5
240.10000000000000000000   3
240.20000000000000000000   4
240.30000000000000000000   1
240.40000000000000000000   4
240.50000000000000000000   3
240.60000000000000000000   4
240.70000000000000000000   5
240.80000000000000000000   5
240.90000000000000000000   5
241.00000000000000000000   5
241.10000000000000000000   5
241.20000000000000000000   5
241.30000000000000000000   5
241.40000000000000000000   5
241.50000000000000000000   2
241.60000000000000000000   3
241.70000000000000000000   2
241.80000000000000000000   1
241.90000000000000000000   2
242.00000000000000000000   4
242.10000000000000000000   4
242.20000000000000000000   3
242.30000000000000000000   3
242.40000000000000000000   5
242.50000000000000000000   4
242.60000000000000000000   5
242.70000000000000000000   3
242.80000000000000000000   3
242.90000000000000000000   3
243.00000000000000000000   2
243.10000000000000000000   3
243.20000000000000000000   3
243.30000000000000000000   3
243.40000000000000000000   4
243.50000000000000000000   4
243.60000000000000000000   5
243.70000000000000000000   5
243.80000000000000000000   5
243.90000000000000000000   5
244.00000000000000000000   5
244.10000000000000000000   6
244.20000000000000000000   5
244.30000000000000000000   6
244.40000000000000000000   4
244.50000000000000000000   3
244.60000000000000000000   3
244.70000000000000000000   2
244.80000000000000000000   4
244.90000000000000000000   2
245.00000000000000000000   3
245.10000000000000000000   3
245.20000000000000000000   5
245.30000000000000000000   4
245.40000000000000000000   3
245.50000000000000000000   3
245.60000000000000000000   3
245.70000000000000000000   4
245.80000000000000000000   3
245.90000000000000000000   2
246.00000000000000000000   3
246.10000000000000000000   3
246.20000000000000000000   3
246.30000000000000000000   1
246.40000000000000000000   1
246.50000000000000000000   1
246.60000000000000000000   1
246.70000000000000000000   1
246.80000000000000000000   1
246.90000000000000000000   4
247.00000000000000000000   1
247.10000000000000000000   1
247.20000000000000000000   0
247.30000000000000000000   0
247.40000000000000000000   0
247.50000000000000000000   0
247.60000000000000000000   0
247.70000000000000000000   0
247.80000000000000000000   0
247.90000000000000000000   0
248.00000000000000000000   0
248.10000000000000000000   0
248.20000000000000000000   0
248.30000000000000000000   0
248.40000000000000000000   0
248.50000000000000000000   0
248.60000000000000000000   1
248.70000000000000000000   0
248.80000000000000000000   0
248.90000000000000000000   0
249.00000000000000000000   0
249.10000000000000000000   1
249.20000000000000000000   0
249.30000000000000000000   0
249.40000000000000000000   0
249.50000000000000000000   0
249.60000000000000000000   0
249.70000000000000000000   0
249.80000000000000000000   2
249.90000000000000000000   0
250.00000000000000000000   0
250.10000000000000000000   0
250.20000000000000000000   0
250.30000000000000000000   0
250.40000000000000000000   0
250.50000000000000000000   0
250.60000000000000000000   0
250.70000000000000000000   1
250.80000000000000000000   0
250.90000000000000000000   0
251.00000000000000000000   0
251.10000000000000000000   0
251.20000000000000000000   0
251.30000000000000000000   0
251.40000000000000000000   0
251.50000000000000000000   0
251.60000000000000000000   0
251.70000000000000000000   0
251.80000000000000000000   0
251.90000000000000000000   0
252.00000000000000000000   0
252.10000000000000000000   0
252.20000000000000000000   0
252.30000000000000000000   0
252.40000000000000000000   0
252.50000000000000000000   3
252.60000000000000000000   0
252.70000000000000000000   0
252.80000000000000000000   0
252.90000000000000000000   0
253.00000000000000000000   0
253.10000000000000000000   0
253.20000000000000000000   0
253.30000000000000000000   0
253.40000000000000000000   0
253.50000000000000000000   0
253.60000000000000000000   0
253.70000000000000000000   0
253.80000000000000000000   0
253.90000000000000000000   0
254.00000000000000000000   0
254.10000000000000000000   0
254.20000000000000000000   0
254.30000000000000000000   0
254.40000000000000000000   0
254.50000000000000000000   1
254.60000000000000000000   2
254.70000000000000000000   1
254.80000000000000000000   1
254.90000000000000000000   2
255.00000000000000000000   2
255.10000000000000000000   3
255.20000000000000000000   2
255.30000000000000000000   0
255.40000000000000000000   1
255.50000000000000000000   2
255.60000000000000000000   0
255.70000000000000000000   0
255.80000000000000000000   0
255.90000000000000000000   0
256.00000000000000000000   0
256.10000000000000000000   0
256.20000000000000000000   0
256.30000000000000000000   1
256.40000000000000000000   0
256.50000000000000000000   0
256.60000000000000000000   0
256.70000000000000000000   0
256.80000000000000000000   0
256.90000000000000000000   0
257.00000000000000000000   0
257.10000000000000000000   0
257.20000000000000000000   0
257.30000000000000000000   0
257.40000000000000000000   0
257.50000000000000000000   0
257.60000000000000000000   1
257.70000000000000000000   0
257.80000000000000000000   1
257.90000000000000000000   0
258.00000000000000000000   1
258.10000000000000000000   1
258.20000000000000000000   1
258.30000000000000000000   0
258.40000000000000000000   1
258.50000000000000000000   0
258.60000000000000000000   0
258.70000000000000000000   1
258.80000000000000000000   0
258.90000000000000000000   0
259.00000000000000000000   0
259.10000000000000000000   2
259.20000000000000000000   1
259.30000000000000000000   0
259.40000000000000000000   0
259.50000000000000000000   1
259.60000000000000000000   1
259.70000000000000000000   1
259.80000000000000000000   1
259.90000000000000000000   0
260.00000000000000000000   2
260.10000000000000000000   0
260.20000000000000000000   1
260.30000000000000000000   1
260.40000000000000000000   2
260.50000000000000000000   0
260.60000000000000000000   0
260.70000000000000000000   0
260.80000000000000000000   0
260.90000000000000000000   0
261.00000000000000000000   0
261.10000000000000000000   0
261.20000000000000000000   1
261.30000000000000000000   1
261.40000000000000000000   1
261.50000000000000000000   0
261.60000000000000000000   0
261.70000000000000000000   0
261.80000000000000000000   0
261.90000000000000000000   0
262.00000000000000000000   0
262.10000000000000000000   0
262.20000000000000000000   0
262.30000000000000000000   0
262.40000000000000000000   3
262.50000000000000000000   2
262.60000000000000000000   0
262.70000000000000000000   1
262.80000000000000000000   0
262.90000000000000000000   0
263.00000000000000000000   0
263.10000000000000000000   0
263.20000000000000000000   0
263.30000000000000000000   0
263.40000000000000000000   0
263.50000000000000000000   0
263.60000000000000000000   1
263.70000000000000000000   0
263.80000000000000000000   0
263.90000000000000000000   0
264.00000000000000000000   0
264.10000000000000000000   2
264.20000000000000000000   2
264.30000000000000000000   3
264.40000000000000000000   1
264.50000000000000000000   3
264.60000000000000000000   4
264.70000000000000000000   3
264.80000000000000000000   7
264.90000000000000000000   2
265.00000000000000000000   2
265.10000000000000000000   1
265.20000000000000000000   2
265.30000000000000000000   2
265.40000000000000000000   2
265.50000000000000000000   3
265.60000000000000000000   3
265.70000000000000000000   3
265.80000000000000000000   3
265.90000000000000000000   3
266.00000000000000000000   3
266.10000000000000000000   3
266.20000000000000000000   3
266.30000000000000000000   3
266.40000000000000000000   3
266.50000000000000000000   2
266.60000000000000000000   2
266.70000000000000000000   1
266.80000000000000000000   4
266.90000000000000000000   4
267.00000000000000000000   3
267.10000000000000000000   4
267.20000000000000000000   3
267.30000000000000000000   4
267.40000000000000000000   3
267.50000000000000000000   5
267.60000000000000000000   3
267.70000000000000000000   3
267.80000000000000000000   3
267.90000000000000000000   2
268.00000000000000000000   3
268.10000000000000000000   2
268.20000000000000000000   2
268.30000000000000000000   4
268.40000000000000000000   3
268.50000000000000000000   4
268.60000000000000000000   2
268.70000000000000000000   1
268.80000000000000000000   4
268.90000000000000000000   3
269.00000000000000000000   4
269.10000000000000000000   6
269.20000000000000000000   2
269.30000000000000000000   2
269.40000000000000000000   6
269.50000000000000000000   4
269.60000000000000000000   4
269.70000000000000000000   4
269.80000000000000000000   6
269.90000000000000000000   6
270.00000000000000000000   7
270.10000000000000000000   4
270.20000000000000000000   4
270.30000000000000000000   4
270.40000000000000000000   4
270.50000000000000000000   4
270.60000000000000000000   3
270.70000000000000000000   4
270.80000000000000000000   4
270.90000000000000000000   4
271.00000000000000000000   4
271.10000000000000000000   3
271.20000000000000000000   4
271.30000000000000000000   7
271.40000000000000000000   5
271.50000000000000000000   8
271.60000000000000000000   6
271.70000000000000000000   7
271.80000000000000000000   5
271.90000000000000000000   4
272.00000000000000000000   4
272.10000000000000000000   5
272.20000000000000000000   4
272.30000000000000000000   4
272.40000000000000000000   4
272.50000000000000000000   4
272.60000000000000000000   4
272.70000000000000000000   4
272.80000000000000000000   4
272.90000000000000000000   3
273.00000000000000000000   4
273.10000000000000000000   4
273.20000000000000000000   4
273.30000000000000000000   4
273.40000000000000000000   4
273.50000000000000000000   2
273.60000000000000000000   4
273.70000000000000000000   3
273.80000000000000000000   4
273.90000000000000000000   4
274.00000000000000000000   4
274.10000000000000000000   4
274.20000000000000000000   4
274.30000000000000000000   6
274.40000000000000000000   4
274.50000000000000000000   4
274.60000000000000000000   3
274.70000000000000000000   2
274.80000000000000000000   2
274.90000000000000000000   4
275.00000000000000000000   4
275.10000000000000000000   4
275.20000000000000000000   4
275.30000000000000000000   4
275.40000000000000000000   4
275.50000000000000000000   4
275.60000000000000000000   4
275.70000000000000000000   4
275.80000000000000000000   4
275.90000000000000000000   4
276.00000000000000000000   4
276.10000000000000000000   4
276.20000000000000000000   4
276.30000000000000000000   4
276.40000000000000000000   5
276.50000000000000000000   4
276.60000000000000000000   5
276.70000000000000000000   5
276.80000000000000000000   5
276.90000000000000000000   4
277.00000000000000000000   5
277.10000000000000000000   5
277.20000000000000000000   4
277.30000000000000000000   5
277.40000000000000000000   5
277.50000000000000000000   6
277.60000000000000000000   5
277.70000000000000000000   4
277.80000000000000000000   5
277.90000000000000000000   5
278.00000000000000000000   4
278.10000000000000000000   5
278.20000000000000000000   4
278.30000000000000000000   4
278.40000000000000000000   5
278.50000000000000000000   4
278.60000000000000000000   4
278.70000000000000000000   4
278.80000000000000000000   4
278.90000000000000000000   4
279.00000000000000000000   5
279.10000000000000000000   4
279.20000000000000000000   4
279.30000000000000000000   4
279.40000000000000000000   4
279.50000000000000000000   4
279.60000000000000000000   6
279.70000000000000000000   5
279.80000000000000000000   6
279.90000000000000000000   4
280.00000000000000000000   4
280.10000000000000000000   5
280.20000000000000000000   6
280.30000000000000000000   6
280.40000000000000000000   7
280.50000000000000000000   4
280.60000000000000000000   5
280.70000000000000000000   4
280.80000000000000000000   4
280.90000000000000000000   4
281.00000000000000000000   3
281.10000000000000000000   4
281.20000000000000000000   5
281.30000000000000000000   4
281.40000000000000000000   4
281.50000000000000000000   4
281.60000000000000000000   4
281.70000000000000000000   4
281.80000000000000000000   4
281.90000000000000000000   5
282.00000000000000000000   4
282.10000000000000000000   7
282.20000000000000000000   4
282.30000000000000000000   4
282.40000000000000000000   2
282.50000000000000000000   5
282.60000000000000000000   7
282.70000000000000000000   4
282.80000000000000000000   4
282.90000000000000000000   6
283.00000000000000000000   6
283.10000000000000000000   7
283.20000000000000000000   5
283.30000000000000000000   5
283.40000000000000000000   5
283.50000000000000000000   4
283.60000000000000000000   5
283.70000000000000000000   4
283.80000000000000000000   4
283.90000000000000000000   4
284.00000000000000000000   4
284.10000000000000000000   4
284.20000000000000000000   4
284.30000000000000000000   4
284.40000000000000000000   4
284.50000000000000000000   4
284.60000000000000000000   4
284.70000000000000000000   4
284.80000000000000000000   4
284.90000000000000000000   4
285.00000000000000000000   6
285.10000000000000000000   5
285.20000000000000000000   5
285.30000000000000000000   4
285.40000000000000000000   4
285.50000000000000000000   3
285.60000000000000000000   4
285.70000000000000000000   4
285.80000000000000000000   5
285.90000000000000000000   4
286.00000000000000000000   5
286.10000000000000000000   5
286.20000000000000000000   6
286.30000000000000000000   6
286.40000000000000000000   5
286.50000000000000000000   2
286.60000000000000000000   5
286.70000000000000000000   4
286.80000000000000000000   4
286.90000000000000000000   4
287.00000000000000000000   4
287.10000000000000000000   5
287.20000000000000000000   4
287.30000000000000000000   5
287.40000000000000000000   5
287.50000000000000000000   5
287.60000000000000000000   5
287.70000000000000000000   5
287.80000000000000000000   5
287.90000000000000000000   4
288.00000000000000000000   2
288.10000000000000000000   4
288.20000000000000000000   4
288.30000000000000000000   4
288.40000000000000000000   4
288.50000000000000000000   4
288.60000000000000000000   6
288.70000000000000000000   5
288.80000000000000000000   5
288.90000000000000000000   4
289.00000000000000000000   6
289.10000000000000000000   8
289.20000000000000000000   5
289.30000000000000000000   7
289.40000000000000000000   5
289.50000000000000000000   5
289.60000000000000000000   4
289.70000000000000000000   6
289.80000000000000000000   5
289.90000000000000000000   6
290.00000000000000000000   8
290.10000000000000000000   5
290.20000000000000000000   5
290.30000000000000000000   5
290.40000000000000000000   5
290.50000000000000000000   5
290.60000000000000000000   5
290.70000000000000000000   7
290.80000000000000000000   5
290.90000000000000000000   6
291.00000000000000000000   6
291.10000000000000000000   5
291.20000000000000000000   6
291.30000000000000000000   7
291.40000000000000000000   5
291.50000000000000000000   5
291.60000000000000000000   5
291.70000000000000000000   4
291.80000000000000000000   4
291.90000000000000000000   4
292.00000000000000000000   4
292.10000000000000000000   5
292.20000000000000000000   4
292.30000000000000000000   4
292.40000000000000000000   4
292.50000000000000000000   6
292.60000000000000000000   4
292.70000000000000000000   5
292.80000000000000000000   4
292.90000000000000000000   4
293.00000000000000000000   5
293.10000000000000000000   5
293.20000000000000000000   4
293.30000000000000000000   4
293.40000000000000000000   4
293.50000000000000000000   4
293.60000000000000000000   4
293.70000000000000000000   4
293.80000000000000000000   4
293.90000000000000000000   4
294.00000000000000000000   4
294.10000000000000000000   5
294.20000000000000000000   5
294.30000000000000000000   5
294.40000000000000000000   3
294.50000000000000000000   4
294.60000000000000000000   5
294.70000000000000000000   4
294.80000000000000000000   4
294.90000000000000000000   5
295.00000000000000000000   4
295.10000000000000000000   4
295.20000000000000000000   5
295.30000000000000000000   4
295.40000000000000000000   6
295.50000000000000000000   4
295.60000000000000000000   5
295.70000000000000000000   2
295.80000000000000000000   4
295.90000000000000000000   5
296.00000000000000000000   4
296.10000000000000000000   4
296.20000000000000000000   4
296.30000000000000000000   5
296.40000000000000000000   4
296.50000000000000000000   5
296.60000000000000000000   5
296.70000000000000000000   5
296.80000000000000000000   4
296.90000000000000000000   5
297.00000000000000000000   5
297.10000000000000000000   5
297.20000000000000000000   4
297.30000000000000000000   6
297.40000000000000000000   5
297.50000000000000000000   5
297.60000000000000000000   4
297.70000000000000000000   5
297.80000000000000000000   4
297.90000000000000000000   4
298.00000000000000000000   4
298.10000000000000000000   5
298.20000000000000000000   5
298.30000000000000000000   4
298.40000000000000000000   5
298.50000000000000000000   4
298.60000000000000000000   4
298.70000000000000000000   5
298.80000000000000000000   4
298.90000000000000000000   4
299.00000000000000000000   5
299.10000000000000000000   4
299.20000000000000000000   4
299.30000000000000000000   4
299.40000000000000000000   4
299.50000000000000000000   4
299.60000000000000000000   4
299.70000000000000000000   4
299.80000000000000000000   5
299.90000000000000000000   4
300.00000000000000000000   4
300.10000000000000000000   4
300.20000000000000000000   4
300.30000000000000000000   4
300.40000000000000000000   5
300.50000000000000000000   4
300.60000000000000000000   4
300.70000000000000000000   4
300.80000000000000000000   4
300.90000000000000000000   4
301.00000000000000000000   4
301.10000000000000000000   4
301.20000000000000000000   3
301.30000000000000000000   5
301.40000000000000000000   4
301.50000000000000000000   4
301.60000000000000000000   4
301.70000000000000000000   4
301.80000000000000000000   4
301.90000000000000000000   4
302.00000000000000000000   3
302.10000000000000000000   3
302.20000000000000000000   4
302.30000000000000000000   5
302.40000000000000000000   4
302.50000000000000000000   4
302.60000000000000000000   5
302.70000000000000000000   4
302.80000000000000000000   4
302.90000000000000000000   4
303.00000000000000000000   5
303.10000000000000000000   4
303.20000000000000000000   5
303.30000000000000000000   5
303.40000000000000000000   5
303.50000000000000000000   4
303.60000000000000000000   4
303.70000000000000000000   5
303.80000000000000000000   4
303.90000000000000000000   4
304.00000000000000000000   4
304.10000000000000000000   4
304.20000000000000000000   4
304.30000000000000000000   4
304.40000000000000000000   5
304.50000000000000000000   4
304.60000000000000000000   5
304.70000000000000000000   4
304.80000000000000000000   4
304.90000000000000000000   4
305.00000000000000000000   5
305.10000000000000000000   5
305.20000000000000000000   4
305.30000000000000000000   5
305.40000000000000000000   4
305.50000000000000000000   4
305.60000000000000000000   4
305.70000000000000000000   4
305.80000000000000000000   4
305.90000000000000000000   4
306.00000000000000000000   4
306.10000000000000000000   4
306.20000000000000000000   3
306.30000000000000000000   4
306.40000000000000000000   4
306.50000000000000000000   5
306.60000000000000000000   4
306.70000000000000000000   4
306.80000000000000000000   5
306.90000000000000000000   4
307.00000000000000000000   4
307.10000000000000000000   4
307.20000000000000000000   4
307.30000000000000000000   2
307.40000000000000000000   2
307.50000000000000000000   2
307.60000000000000000000   2
307.70000000000000000000   3
307.80000000000000000000   1
307.90000000000000000000   2
308.00000000000000000000   2
308.10000000000000000000   2
308.20000000000000000000   4
308.30000000000000000000   5
308.40000000000000000000   5
308.50000000000000000000   4
308.60000000000000000000   5
308.70000000000000000000   5
308.80000000000000000000   5
308.90000000000000000000   4
309.00000000000000000000   4
309.10000000000000000000   4
309.20000000000000000000   5
309.30000000000000000000   4
309.40000000000000000000   2
309.50000000000000000000   4
309.60000000000000000000   2
309.70000000000000000000   4
309.80000000000000000000   4
309.90000000000000000000   4
310.00000000000000000000   4
310.10000000000000000000   4
310.20000000000000000000   4
310.30000000000000000000   4
310.40000000000000000000   4
310.50000000000000000000   4
310.60000000000000000000   5
310.70000000000000000000   4
310.80000000000000000000   4
310.90000000000000000000   4
311.00000000000000000000   2
311.10000000000000000000   4
311.20000000000000000000   5
311.30000000000000000000   2
311.40000000000000000000   4
311.50000000000000000000   3
311.60000000000000000000   4
311.70000000000000000000   4
311.80000000000000000000   4
311.90000000000000000000   4
312.00000000000000000000   4
312.10000000000000000000   4
312.20000000000000000000   4
312.30000000000000000000   4
312.40000000000000000000   4
312.50000000000000000000   4
312.60000000000000000000   4
312.70000000000000000000   4
312.80000000000000000000   4
312.90000000000000000000   4
313.00000000000000000000   4
313.10000000000000000000   4
313.20000000000000000000   3
313.30000000000000000000   2
313.40000000000000000000   2
313.50000000000000000000   5
313.60000000000000000000   0
313.70000000000000000000   2
313.80000000000000000000   2
313.90000000000000000000   1
314.00000000000000000000   2
314.10000000000000000000   2
314.20000000000000000000   2
314.30000000000000000000   4
314.40000000000000000000   4
314.50000000000000000000   4
314.60000000000000000000   4
314.70000000000000000000   3
314.80000000000000000000   2
314.90000000000000000000   1
315.00000000000000000000   2
315.10000000000000000000   2
315.20000000000000000000   1
315.30000000000000000000   2
315.40000000000000000000   2
315.50000000000000000000   1
315.60000000000000000000   2
315.70000000000000000000   2
315.80000000000000000000   2
315.90000000000000000000   1
316.00000000000000000000   2
316.10000000000000000000   5
316.20000000000000000000   2
316.30000000000000000000   2
316.40000000000000000000   3
316.50000000000000000000   1
316.60000000000000000000   2
316.70000000000000000000   1
316.80000000000000000000   1
316.90000000000000000000   3
317.00000000000000000000   1
317.10000000000000000000   0
317.20000000000000000000   1
317.30000000000000000000   3
317.40000000000000000000   1
317.50000000000000000000   1
317.60000000000000000000   3
317.70000000000000000000   3
317.80000000000000000000   4
317.90000000000000000000   4
318.00000000000000000000   4
318.10000000000000000000   4
318.20000000000000000000   4
318.30000000000000000000   4
318.40000000000000000000   3
318.50000000000000000000   4
318.60000000000000000000   4
318.70000000000000000000   5
318.80000000000000000000   4
318.90000000000000000000   4
319.00000000000000000000   5
319.10000000000000000000   5
319.20000000000000000000   4
319.30000000000000000000   5
319.40000000000000000000   4
319.50000000000000000000   5
319.60000000000000000000   4
319.70000000000000000000   6
319.80000000000000000000   4
319.90000000000000000000   4
320.00000000000000000000   5
320.10000000000000000000   5
320.20000000000000000000   4
320.30000000000000000000   4
320.40000000000000000000   4
320.50000000000000000000   4
320.60000000000000000000   4
320.70000000000000000000   5
320.80000000000000000000   4
320.90000000000000000000   4
321.00000000000000000000   4
321.10000000000000000000   5
321.20000000000000000000   4
321.30000000000000000000   4
321.40000000000000000000   4
321.50000000000000000000   4
321.60000000000000000000   4
321.70000000000000000000   4
321.80000000000000000000   4
321.90000000000000000000   5
322.00000000000000000000   3
322.10000000000000000000   5
322.20000000000000000000   5
322.30000000000000000000   5
322.40000000000000000000   4
322.50000000000000000000   4
322.60000000000000000000   4
322.70000000000000000000   4
322.80000000000000000000   4
322.90000000000000000000   5
323.00000000000000000000   4
323.10000000000000000000   4
323.20000000000000000000   4
323.30000000000000000000   4
323.40000000000000000000   4
323.50000000000000000000   5
323.60000000000000000000   4
323.70000000000000000000   4
323.80000000000000000000   4
323.90000000000000000000   4
324.00000000000000000000   4
324.10000000000000000000   4
324.20000000000000000000   5
324.30000000000000000000   3
324.40000000000000000000   4
324.50000000000000000000   5
324.60000000000000000000   4
324.70000000000000000000   4
324.80000000000000000000   5
324.90000000000000000000   4
325.00000000000000000000   4
325.10000000000000000000   4
325.20000000000000000000   4
325.30000000000000000000   5
325.40000000000000000000   6
325.50000000000000000000   9
325.60000000000000000000   5
325.70000000000000000000   6
325.80000000000000000000   6
325.90000000000000000000   9
326.00000000000000000000   6
326.10000000000000000000   6
326.20000000000000000000   6
326.30000000000000000000   6
326.40000000000000000000   8
326.50000000000000000000   7
326.60000000000000000000   6
326.70000000000000000000   5
326.80000000000000000000   6
326.90000000000000000000   6
327.00000000000000000000   4
327.10000000000000000000   5
327.20000000000000000000   4
327.30000000000000000000   4
327.40000000000000000000   3
327.50000000000000000000   1
327.60000000000000000000   4
327.70000000000000000000   4
327.80000000000000000000   2
327.90000000000000000000   6
328.00000000000000000000   7
328.10000000000000000000   7
328.20000000000000000000   7
328.30000000000000000000   7
328.40000000000000000000   4
328.50000000000000000000   4
328.60000000000000000000   5
328.70000000000000000000   4
328.80000000000000000000   4
328.90000000000000000000   5
329.00000000000000000000   4
329.10000000000000000000   4
329.20000000000000000000   5
329.30000000000000000000   5
329.40000000000000000000   4
329.50000000000000000000   3
329.60000000000000000000   5
329.70000000000000000000   4
329.80000000000000000000   5
329.90000000000000000000   5
330.00000000000000000000   5
330.10000000000000000000   5
330.20000000000000000000   5
330.30000000000000000000   5
330.40000000000000000000   2
330.50000000000000000000   4
330.60000000000000000000   4
330.70000000000000000000   5
330.80000000000000000000   5
330.90000000000000000000   5
331.00000000000000000000   4
331.10000000000000000000   5
331.20000000000000000000   5
331.30000000000000000000   5
331.40000000000000000000   5
331.50000000000000000000   5
331.60000000000000000000   6
331.70000000000000000000   5
331.80000000000000000000   4
331.90000000000000000000   5
332.00000000000000000000   4
332.10000000000000000000   5
332.20000000000000000000   6
332.30000000000000000000   6
332.40000000000000000000   5
332.50000000000000000000   4
332.60000000000000000000   5
332.70000000000000000000   6
332.80000000000000000000   5
332.90000000000000000000   5
333.00000000000000000000   5
333.10000000000000000000   4
333.20000000000000000000   4
333.30000000000000000000   5
333.40000000000000000000   4
333.50000000000000000000   5
333.60000000000000000000   4
333.70000000000000000000   5
333.80000000000000000000   5
333.90000000000000000000   4
334.00000000000000000000   5
334.10000000000000000000   5
334.20000000000000000000   4
334.30000000000000000000   4
334.40000000000000000000   4
334.50000000000000000000   4
334.60000000000000000000   4
334.70000000000000000000   5
334.80000000000000000000   4
334.90000000000000000000   4
335.00000000000000000000   4
335.10000000000000000000   6
335.20000000000000000000   6
335.30000000000000000000   3
335.40000000000000000000   2
335.50000000000000000000   3
335.60000000000000000000   2
335.70000000000000000000   2
335.80000000000000000000   4
335.90000000000000000000   3
336.00000000000000000000   4
336.10000000000000000000   2
336.20000000000000000000   4
336.30000000000000000000   2
336.40000000000000000000   2
336.50000000000000000000   4
336.60000000000000000000   2
336.70000000000000000000   5
336.80000000000000000000   4
336.90000000000000000000   4
337.00000000000000000000   4
337.10000000000000000000   4
337.20000000000000000000   4
337.30000000000000000000   2
337.40000000000000000000   3
337.50000000000000000000   3
337.60000000000000000000   2
337.70000000000000000000   4
337.80000000000000000000   5
337.90000000000000000000   4
338.00000000000000000000   4
338.10000000000000000000   4
338.20000000000000000000   3
338.30000000000000000000   4
338.40000000000000000000   4
338.50000000000000000000   2
338.60000000000000000000   2
338.70000000000000000000   4
338.80000000000000000000   4
338.90000000000000000000   4
339.00000000000000000000   4
339.10000000000000000000   3
339.20000000000000000000   4
339.30000000000000000000   4
339.40000000000000000000   4
339.50000000000000000000   3
339.60000000000000000000   4
339.70000000000000000000   4
339.80000000000000000000   4
339.90000000000000000000   4
340.00000000000000000000   4
340.10000000000000000000   4
340.20000000000000000000   2
340.30000000000000000000   4
340.40000000000000000000   3
340.50000000000000000000   4
340.60000000000000000000   5
340.70000000000000000000   4
340.80000000000000000000   4
340.90000000000000000000   2
341.00000000000000000000   1
341.10000000000000000000   1
341.20000000000000000000   4
341.30000000000000000000   4
341.40000000000000000000   4
341.50000000000000000000   4
341.60000000000000000000   4
341.70000000000000000000   4
341.80000000000000000000   3
341.90000000000000000000   2
342.00000000000000000000   3
342.10000000000000000000   4
342.20000000000000000000   3
342.30000000000000000000   3
342.40000000000000000000   3
342.50000000000000000000   4
342.60000000000000000000   4
342.70000000000000000000   2
342.80000000000000000000   3
342.90000000000000000000   3
343.00000000000000000000   3
343.10000000000000000000   2
343.20000000000000000000   4
343.30000000000000000000   5
343.40000000000000000000   4
343.50000000000000000000   2
343.60000000000000000000   1
343.70000000000000000000   1
343.80000000000000000000   0
343.90000000000000000000   1
344.00000000000000000000   0
344.10000000000000000000   0
344.20000000000000000000   0
344.30000000000000000000   0
344.40000000000000000000   0
344.50000000000000000000   0
344.60000000000000000000   0
344.70000000000000000000   0
344.80000000000000000000   2
344.90000000000000000000   3
345.00000000000000000000   0
345.10000000000000000000   0
345.20000000000000000000   1
345.30000000000000000000   0
345.40000000000000000000   0
345.50000000000000000000   0
345.60000000000000000000   1
345.70000000000000000000   0
345.80000000000000000000   0
345.90000000000000000000   0
346.00000000000000000000   0
346.10000000000000000000   1
346.20000000000000000000   1
346.30000000000000000000   1
346.40000000000000000000   3
346.50000000000000000000   5
346.60000000000000000000   3
346.70000000000000000000   2
346.80000000000000000000   1
346.90000000000000000000   0
347.00000000000000000000   0
347.10000000000000000000   0
347.20000000000000000000   1
347.30000000000000000000   3
347.40000000000000000000   0
347.50000000000000000000   0
347.60000000000000000000   0
347.70000000000000000000   0
347.80000000000000000000   0
347.90000000000000000000   0
348.00000000000000000000   0
348.10000000000000000000   0
348.20000000000000000000   0
348.30000000000000000000   0
348.40000000000000000000   0
348.50000000000000000000   0
348.60000000000000000000   0
348.70000000000000000000   0
348.80000000000000000000   0
348.90000000000000000000   0
349.00000000000000000000   0
349.10000000000000000000   0
349.20000000000000000000   1
349.30000000000000000000   1
349.40000000000000000000   2
349.50000000000000000000   2
349.60000000000000000000   2
349.70000000000000000000   1
349.80000000000000000000   0
349.90000000000000000000   0
350.00000000000000000000   0
350.10000000000000000000   0
350.20000000000000000000   0
350.30000000000000000000   0
350.40000000000000000000   0
350.50000000000000000000   0
350.60000000000000000000   0
350.70000000000000000000   0
350.80000000000000000000   0
350.90000000000000000000   0
351.00000000000000000000   0
351.10000000000000000000   0
351.20000000000000000000   1
351.30000000000000000000   0
351.40000000000000000000   0
351.50000000000000000000   0
351.60000000000000000000   1
351.70000000000000000000   1
351.80000000000000000000   4
351.90000000000000000000   4
352.00000000000000000000   4
352.10000000000000000000   3
352.20000000000000000000   0
352.30000000000000000000   0
352.40000000000000000000   0
352.50000000000000000000   0
352.60000000000000000000   1
352.70000000000000000000   0
352.80000000000000000000   0
352.90000000000000000000   0
353.00000000000000000000   0
353.10000000000000000000   0
353.20000000000000000000   1
353.30000000000000000000   1
353.40000000000000000000   1
353.50000000000000000000   0
353.60000000000000000000   0
353.70000000000000000000   0
353.80000000000000000000   0
353.90000000000000000000   0
354.00000000000000000000   0
354.10000000000000000000   1
354.20000000000000000000   0
354.30000000000000000000   1
354.40000000000000000000   2
354.50000000000000000000   1
354.60000000000000000000   0
354.70000000000000000000   0
354.80000000000000000000   0
354.90000000000000000000   0
355.00000000000000000000   0
355.10000000000000000000   0
355.20000000000000000000   0
355.30000000000000000000   0
355.40000000000000000000   0
355.50000000000000000000   0
355.60000000000000000000   4
355.70000000000000000000   1
355.80000000000000000000   0
355.90000000000000000000   0
356.00000000000000000000   0
356.10000000000000000000   1
356.20000000000000000000   0
356.30000000000000000000   0
356.40000000000000000000   0
356.50000000000000000000   0
356.60000000000000000000   0
356.70000000000000000000   0
356.80000000000000000000   0
356.90000000000000000000   0
357.00000000000000000000   0
357.10000000000000000000   0
357.20000000000000000000   1
357.30000000000000000000   0
357.40000000000000000000   0
357.50000000000000000000   0
357.60000000000000000000   0
357.70000000000000000000   0
357.80000000000000000000   1
357.90000000000000000000   0
358.00000000000000000000   0
358.10000000000000000000   0
358.20000000000000000000   0
358.30000000000000000000   0
358.40000000000000000000   0
358.50000000000000000000   0
358.60000000000000000000   0
358.70000000000000000000   0
358.80000000000000000000   0
358.90000000000000000000   0
359.00000000000000000000   0
359.10000000000000000000   0
359.20000000000000000000   0
359.30000000000000000000   0
359.40000000000000000000   0
359.50000000000000000000   0
359.60000000000000000000   0
359.70000000000000000000   0
359.80000000000000000000   0
359.90000000000000000000   0
360.00000000000000000000   0
360.10000000000000000000   0
360.20000000000000000000   0
360.30000000000000000000   0
360.40000000000000000000   0
360.50000000000000000000   0
360.60000000000000000000   0
360.70000000000000000000   0
360.80000000000000000000   0
360.90000000000000000000   0
361.00000000000000000000   0
361.10000000000000000000   0
361.20000000000000000000   0
361.30000000000000000000   0
361.40000000000000000000   0
361.50000000000000000000   0
361.60000000000000000000   0
361.70000000000000000000   0
361.80000000000000000000   0
361.90000000000000000000   0
362.00000000000000000000   0
362.10000000000000000000   0
362.20000000000000000000   0
362.30000000000000000000   0
362.40000000000000000000   0
362.50000000000000000000   0
362.60000000000000000000   0
362.70000000000000000000   0
362.80000000000000000000   0
362.90000000000000000000   0
363.00000000000000000000   0
363.10000000000000000000   0
363.20000000000000000000   0
363.30000000000000000000   0
363.40000000000000000000   0
363.50000000000000000000   0
363.60000000000000000000   0
363.70000000000000000000   0
363.80000000000000000000   0
363.90000000000000000000   1
364.00000000000000000000   0
364.10000000000000000000   0
364.20000000000000000000   0
364.30000000000000000000   0
364.40000000000000000000   0
364.50000000000000000000   0
364.60000000000000000000   0
364.70000000000000000000   0
364.80000000000000000000   0
364.90000000000000000000   0
365.00000000000000000000   0
365.10000000000000000000   0
365.20000000000000000000   0
365.30000000000000000000   0
365.40000000000000000000   1
365.50000000000000000000   0
365.60000000000000000000   0
365.70000000000000000000   0
365.80000000000000000000   0
365.90000000000000000000   0
366.00000000000000000000   0
366.10000000000000000000   0
366.20000000000000000000   0
366.30000000000000000000   0
366.40000000000000000000   0
366.50000000000000000000   0
366.60000000000000000000   0
366.70000000000000000000   2
366.80000000000000000000   0
366.90000000000000000000   0
367.00000000000000000000   0
367.10000000000000000000   0
367.20000000000000000000   0
367.30000000000000000000   0
367.40000000000000000000   0
367.50000000000000000000   0
367.60000000000000000000   0
367.70000000000000000000   0
367.80000000000000000000   0
367.90000000000000000000   0
368.00000000000000000000   0
368.10000000000000000000   0
368.20000000000000000000   0
368.30000000000000000000   0
368.40000000000000000000   0
368.50000000000000000000   0
368.60000000000000000000   0
368.70000000000000000000   0
368.80000000000000000000   0
368.90000000000000000000   0
369.00000000000000000000   0
369.10000000000000000000   0
369.20000000000000000000   0
369.30000000000000000000   0
369.40000000000000000000   0
369.50000000000000000000   0
369.60000000000000000000   0
369.70000000000000000000   0
369.80000000000000000000   0
369.90000000000000000000   0
370.00000000000000000000   1
370.10000000000000000000   3
370.20000000000000000000   2
370.30000000000000000000   3
370.40000000000000000000   1
370.50000000000000000000   2
370.60000000000000000000   2
370.70000000000000000000   4
370.80000000000000000000   5
370.90000000000000000000   5
371.00000000000000000000   6
371.10000000000000000000   6
371.20000000000000000000   6
371.30000000000000000000   6
371.40000000000000000000   6
371.50000000000000000000   7
371.60000000000000000000   6
371.70000000000000000000   5
371.80000000000000000000   6
371.90000000000000000000   7
372.00000000000000000000   6
372.10000000000000000000   6
372.20000000000000000000   6
372.30000000000000000000   5
372.40000000000000000000   6
372.50000000000000000000   3
372.60000000000000000000   8
372.70000000000000000000   8
372.80000000000000000000   9
372.90000000000000000000   8
373.00000000000000000000   9
373.10000000000000000000   10
373.20000000000000000000   9
373.30000000000000000000   8
373.40000000000000000000   9
373.50000000000000000000   8
373.60000000000000000000   8
373.70000000000000000000   5
373.80000000000000000000   10
373.90000000000000000000   8
374.00000000000000000000   9
374.10000000000000000000   4
374.20000000000000000000   5
374.30000000000000000000   4
374.40000000000000000000   2
374.50000000000000000000   4
374.60000000000000000000   2
374.70000000000000000000   2
374.80000000000000000000   2
374.90000000000000000000   3
375.00000000000000000000   2
375.10000000000000000000   2
375.20000000000000000000   2
375.30000000000000000000   1
375.40000000000000000000   2
375.50000000000000000000   3
375.60000000000000000000   1
375.70000000000000000000   2
375.80000000000000000000   2
375.90000000000000000000   2
376.00000000000000000000   4
376.10000000000000000000   1
376.20000000000000000000   0
376.30000000000000000000   2
376.40000000000000000000   2
376.50000000000000000000   3
376.60000000000000000000   1
376.70000000000000000000   4
376.80000000000000000000   2
376.90000000000000000000   2
377.00000000000000000000   2
377.10000000000000000000   2
377.20000000000000000000   2
377.30000000000000000000   2
377.40000000000000000000   3
377.50000000000000000000   1
377.60000000000000000000   1
377.70000000000000000000   2
377.80000000000000000000   2
377.90000000000000000000   2
378.00000000000000000000   3
378.10000000000000000000   2
378.20000000000000000000   5
378.30000000000000000000   5
378.40000000000000000000   0
378.50000000000000000000   0
378.60000000000000000000   5
378.70000000000000000000   2
378.80000000000000000000   3
378.90000000000000000000   5
379.00000000000000000000   0
379.10000000000000000000   0
379.20000000000000000000   0
379.30000000000000000000   2
379.40000000000000000000   3
379.50000000000000000000   2
379.60000000000000000000   1
379.70000000000000000000   1
379.80000000000000000000   0
379.90000000000000000000   1
380.00000000000000000000   1
380.10000000000000000000   1
380.20000000000000000000   2
380.30000000000000000000   3
380.40000000000000000000   2
380.50000000000000000000   1
380.60000000000000000000   3
380.70000000000000000000   3
380.80000000000000000000   4
380.90000000000000000000   2
381.00000000000000000000   3
381.10000000000000000000   1
381.20000000000000000000   1
381.30000000000000000000   1
381.40000000000000000000   1
381.50000000000000000000   1
381.60000000000000000000   1
381.70000000000000000000   1
381.80000000000000000000   0
381.90000000000000000000   1
382.00000000000000000000   2
382.10000000000000000000   3
382.20000000000000000000   4
382.30000000000000000000   1
382.40000000000000000000   2
382.50000000000000000000   2
382.60000000000000000000   0
382.70000000000000000000   3
382.80000000000000000000   0
382.90000000000000000000   5
383.00000000000000000000   3
383.10000000000000000000   2
383.20000000000000000000   3
383.30000000000000000000   1
383.40000000000000000000   5
383.50000000000000000000   3
383.60000000000000000000   5
383.70000000000000000000   5
383.80000000000000000000   9
383.90000000000000000000   6
384.00000000000000000000   6
384.10000000000000000000   6
384.20000000000000000000   7
384.30000000000000000000   5
384.40000000000000000000   8
384.50000000000000000000   6
384.60000000000000000000   6
384.70000000000000000000   6
384.80000000000000000000   6
384.90000000000000000000   4
385.00000000000000000000   5
385.10000000000000000000   7
385.20000000000000000000   6
385.30000000000000000000   6
385.40000000000000000000   6
385.50000000000000000000   7
385.60000000000000000000   7
385.70000000000000000000   6
385.80000000000000000000   7
385.90000000000000000000   6
386.00000000000000000000   6
386.10000000000000000000   7
386.20000000000000000000   5
386.30000000000000000000   6
386.40000000000000000000   6
386.50000000000000000000   6
386.60000000000000000000   6
386.70000000000000000000   6
386.80000000000000000000   6
386.90000000000000000000   4
387.00000000000000000000   3
387.10000000000000000000   4
387.20000000000000000000   4
387.30000000000000000000   3
387.40000000000000000000   4
387.50000000000000000000   5
387.60000000000000000000   4
387.70000000000000000000   3
387.80000000000000000000   4
387.90000000000000000000   5
388.00000000000000000000   5
388.10000000000000000000   5
388.20000000000000000000   4
388.30000000000000000000   6
388.40000000000000000000   3
388.50000000000000000000   4
388.60000000000000000000   5
388.70000000000000000000   5
388.80000000000000000000   4
388.90000000000000000000   4
389.00000000000000000000   4
389.10000000000000000000   4
389.20000000000000000000   6
389.30000000000000000000   6
389.40000000000000000000   5
389.50000000000000000000   4
389.60000000000000000000   5
389.70000000000000000000   5
389.80000000000000000000   4
389.90000000000000000000   6
390.00000000000000000000   5
390.10000000000000000000   5
390.20000000000000000000   5
390.30000000000000000000   5
390.40000000000000000000   6
390.50000000000000000000   6
390.60000000000000000000   5
390.70000000000000000000   5
390.80000000000000000000   5
390.90000000000000000000   6
391.00000000000000000000   4
391.10000000000000000000   6
391.20000000000000000000   6
391.30000000000000000000   6
391.40000000000000000000   7
391.50000000000000000000   7
391.60000000000000000000   5
391.70000000000000000000   7
391.80000000000000000000   7
391.90000000000000000000   7
392.00000000000000000000   7
392.10000000000000000000   6
392.20000000000000000000   6
392.30000000000000000000   6
392.40000000000000000000   5
392.50000000000000000000   6
392.60000000000000000000   5
392.70000000000000000000   6
392.80000000000000000000   5
392.90000000000000000000   4
393.00000000000000000000   4
393.10000000000000000000   5
393.20000000000000000000   6
393.30000000000000000000   6
393.40000000000000000000   6
393.50000000000000000000   6
393.60000000000000000000   6
393.70000000000000000000   6
393.80000000000000000000   5
393.90000000000000000000   5
394.00000000000000000000   3
394.10000000000000000000   6
394.20000000000000000000   4
394.30000000000000000000   6
394.40000000000000000000   6
394.50000000000000000000   6
394.60000000000000000000   4
394.70000000000000000000   4
394.80000000000000000000   4
394.90000000000000000000   3
395.00000000000000000000   5
395.10000000000000000000   4
395.20000000000000000000   3
395.30000000000000000000   4
395.40000000000000000000   3
395.50000000000000000000   6
395.60000000000000000000   5
395.70000000000000000000   3
395.80000000000000000000   5
395.90000000000000000000   1
396.00000000000000000000   4
396.10000000000000000000   4
396.20000000000000000000   4
396.30000000000000000000   7
396.40000000000000000000   3
396.50000000000000000000   7
396.60000000000000000000   1
396.70000000000000000000   1
396.80000000000000000000   2
396.90000000000000000000   2
397.00000000000000000000   1
397.10000000000000000000   2
397.20000000000000000000   3
397.30000000000000000000   2
397.40000000000000000000   0
397.50000000000000000000   0
397.60000000000000000000   0
397.70000000000000000000   1
397.80000000000000000000   1
397.90000000000000000000   1
398.00000000000000000000   0
398.10000000000000000000   2
398.20000000000000000000   1
398.30000000000000000000   0
398.40000000000000000000   0
398.50000000000000000000   3
398.60000000000000000000   3
398.70000000000000000000   4
398.80000000000000000000   3
398.90000000000000000000   3
399.00000000000000000000   3
399.10000000000000000000   3
399.20000000000000000000   3
399.30000000000000000000   3
399.40000000000000000000   3
399.50000000000000000000   3
399.60000000000000000000   3
399.70000000000000000000   3
