200.00000000000000000000   21
200.10000000000000000000   13
200.20000000000000000000   19
200.30000000000000000000   18
200.40000000000000000000   13
200.50000000000000000000   15
200.60000000000000000000   12
200.70000000000000000000   7
200.80000000000000000000   13
200.90000000000000000000   13
201.00000000000000000000   10
201.10000000000000000000   8
201.20000000000000000000   8
201.30000000000000000000   9
201.40000000000000000000   13
201.50000000000000000000   10
201.60000000000000000000   16
201.70000000000000000000   13
201.80000000000000000000   12
201.90000000000000000000   12
202.00000000000000000000   12
202.10000000000000000000   10
202.20000000000000000000   15
202.30000000000000000000   16
202.40000000000000000000   17
202.50000000000000000000   13
202.60000000000000000000   14
202.70000000000000000000   17
202.80000000000000000000   15
202.90000000000000000000   19
203.00000000000000000000   17
203.10000000000000000000   16
203.20000000000000000000   14
203.30000000000000000000   10
203.40000000000000000000   13
203.50000000000000000000   14
203.60000000000000000000   16
203.70000000000000000000   14
203.80000000000000000000   13
203.90000000000000000000   12
204.00000000000000000000   12
204.10000000000000000000   13
204.20000000000000000000   11
204.30000000000000000000   11
204.40000000000000000000   14
204.50000000000000000000   16
204.60000000000000000000   12
204.70000000000000000000   11
204.80000000000000000000   14
204.90000000000000000000   12
205.00000000000000000000   14
205.10000000000000000000   11
205.20000000000000000000   8
205.30000000000000000000   12
205.40000000000000000000   9
205.50000000000000000000   16
205.60000000000000000000   13
205.70000000000000000000   16
205.80000000000000000000   14
205.90000000000000000000   16
206.00000000000000000000   12
206.10000000000000000000   11
206.20000000000000000000   13
206.30000000000000000000   9
206.40000000000000000000   13
206.50000000000000000000   12
206.60000000000000000000   12
206.70000000000000000000   14
206.80000000000000000000   10
206.90000000000000000000   9
207.00000000000000000000   9
207.10000000000000000000   10
207.20000000000000000000   14
207.30000000000000000000   14
207.40000000000000000000   13
207.50000000000000000000   12
207.60000000000000000000   12
207.70000000000000000000   9
207.80000000000000000000   14
207.90000000000000000000   9
208.00000000000000000000   9
208.10000000000000000000   14
208.20000000000000000000   12
208.30000000000000000000   13
208.40000000000000000000   12
208.50000000000000000000   13
208.60000000000000000000   11
208.70000000000000000000   11
208.80000000000000000000   13
208.90000000000000000000   15
209.00000000000000000000   13
209.10000000000000000000   14
209.20000000000000000000   15
209.30000000000000000000   16
209.40000000000000000000   16
209.50000000000000000000   18
209.60000000000000000000   16
209.70000000000000000000   15
209.80000000000000000000   13
209.90000000000000000000   15
210.00000000000000000000   15
210.10000000000000000000   9
210.20000000000000000000   14
210.30000000000000000000   13
210.40000000000000000000   12
210.50000000000000000000   11
210.60000000000000000000   13
210.70000000000000000000   17
210.80000000000000000000   15
210.90000000000000000000   12
211.00000000000000000000   16
211.10000000000000000000   12
211.20000000000000000000   7
211.30000000000000000000   7
211.40000000000000000000   10
211.50000000000000000000   14
211.60000000000000000000   13
211.70000000000000000000   12
211.80000000000000000000   12
211.90000000000000000000   10
212.00000000000000000000   15
212.10000000000000000000   14
212.20000000000000000000   9
212.30000000000000000000   12
212.40000000000000000000   13
212.50000000000000000000   7
212.60000000000000000000   10
212.70000000000000000000   9
212.80000000000000000000   12
212.90000000000000000000   16
213.00000000000000000000   13
213.10000000000000000000   12
213.20000000000000000000   8
213.30000000000000000000   9
213.40000000000000000000   10
213.50000000000000000000   9
213.60000000000000000000   7
213.70000000000000000000   10
213.80000000000000000000   7
213.90000000000000000000   8
214.00000000000000000000   6
214.10000000000000000000   9
214.20000000000000000000   11
214.30000000000000000000   14
214.40000000000000000000   10
214.50000000000000000000   6
214.60000000000000000000   10
214.70000000000000000000   10
214.80000000000000000000   5
214.90000000000000000000   7
215.00000000000000000000   8
215.10000000000000000000   7
215.20000000000000000000   7
215.30000000000000000000   12
215.40000000000000000000   9
215.50000000000000000000   10
215.60000000000000000000   10
215.70000000000000000000   12
215.80000000000000000000   12
215.90000000000000000000   9
216.00000000000000000000   7
216.10000000000000000000   14
216.20000000000000000000   15
216.30000000000000000000   16
216.40000000000000000000   11
216.50000000000000000000   16
216.60000000000000000000   12
216.70000000000000000000   18
216.80000000000000000000   18
216.90000000000000000000   16
217.00000000000000000000   12
217.10000000000000000000   12
217.20000000000000000000   12
217.30000000000000000000   13
217.40000000000000000000   10
217.50000000000000000000   13
217.60000000000000000000   13
217.70000000000000000000   15
217.80000000000000000000   14
217.90000000000000000000   15
218.00000000000000000000   15
218.10000000000000000000   15
218.20000000000000000000   12
218.30000000000000000000   14
218.40000000000000000000   14
218.50000000000000000000   14
218.60000000000000000000   7
218.70000000000000000000   10
218.80000000000000000000   8
218.90000000000000000000   12
219.00000000000000000000   8
219.10000000000000000000   12
219.20000000000000000000   12
219.30000000000000000000   12
219.40000000000000000000   12
219.50000000000000000000   15
219.60000000000000000000   16
219.70000000000000000000   15
219.80000000000000000000   15
219.90000000000000000000   11
220.00000000000000000000   12
220.10000000000000000000   14
220.20000000000000000000   11
220.30000000000000000000   12
220.40000000000000000000   16
220.50000000000000000000   18
220.60000000000000000000   20
220.70000000000000000000   23
220.80000000000000000000   18
220.90000000000000000000   18
221.00000000000000000000   19
221.10000000000000000000   18
221.20000000000000000000   14
221.30000000000000000000   15
221.40000000000000000000   14
221.50000000000000000000   16
221.60000000000000000000   14
221.70000000000000000000   13
221.80000000000000000000   15
221.90000000000000000000   15
222.00000000000000000000   15
222.10000000000000000000   13
222.20000000000000000000   11
222.30000000000000000000   12
222.40000000000000000000   11
222.50000000000000000000   12
222.60000000000000000000   13
222.70000000000000000000   9
222.80000000000000000000   13
222.90000000000000000000   16
223.00000000000000000000   13
223.10000000000000000000   14
223.20000000000000000000   9
223.30000000000000000000   12
223.40000000000000000000   16
223.50000000000000000000   11
223.60000000000000000000   10
223.70000000000000000000   12
223.80000000000000000000   13
223.90000000000000000000   12
224.00000000000000000000   14
224.10000000000000000000   12
224.20000000000000000000   16
224.30000000000000000000   15
224.40000000000000000000   15
224.50000000000000000000   17
224.60000000000000000000   21
224.70000000000000000000   16
224.80000000000000000000   21
224.90000000000000000000   18
225.00000000000000000000   13
225.10000000000000000000   15
225.20000000000000000000   16
225.30000000000000000000   21
225.40000000000000000000   19
225.50000000000000000000   15
225.60000000000000000000   16
225.70000000000000000000   19
225.80000000000000000000   15
225.90000000000000000000   15
226.00000000000000000000   14
226.10000000000000000000   16
226.20000000000000000000   12
226.30000000000000000000   16
226.40000000000000000000   12
226.50000000000000000000   17
226.60000000000000000000   17
226.70000000000000000000   17
226.80000000000000000000   16
226.90000000000000000000   15
227.00000000000000000000   16
227.10000000000000000000   14
227.20000000000000000000   12
227.30000000000000000000   12
227.40000000000000000000   14
227.50000000000000000000   14
227.60000000000000000000   16
227.70000000000000000000   19
227.80000000000000000000   18
227.90000000000000000000   17
228.00000000000000000000   16
228.10000000000000000000   13
228.20000000000000000000   13
228.30000000000000000000   17
228.40000000000000000000   19
228.50000000000000000000   12
228.60000000000000000000   11
228.70000000000000000000   16
228.80000000000000000000   9
228.90000000000000000000   13
229.00000000000000000000   15
229.10000000000000000000   14
229.20000000000000000000   8
229.30000000000000000000   12
229.40000000000000000000   12
229.50000000000000000000   11
229.60000000000000000000   10
229.70000000000000000000   14
229.80000000000000000000   11
229.90000000000000000000   10
230.00000000000000000000   13
230.10000000000000000000   11
230.20000000000000000000   14
230.30000000000000000000   11
230.40000000000000000000   11
230.50000000000000000000   11
230.60000000000000000000   13
230.70000000000000000000   13
230.80000000000000000000   14
230.90000000000000000000   14
231.00000000000000000000   14
231.10000000000000000000   13
231.20000000000000000000   12
231.30000000000000000000   13
231.40000000000000000000   18
231.50000000000000000000   15
231.60000000000000000000   13
231.70000000000000000000   17
231.80000000000000000000   21
231.90000000000000000000   25
232.00000000000000000000   23
232.10000000000000000000   23
232.20000000000000000000   18
232.30000000000000000000   20
232.40000000000000000000   19
232.50000000000000000000   19
232.60000000000000000000   20
232.70000000000000000000   18
232.80000000000000000000   22
232.90000000000000000000   21
233.00000000000000000000   22
233.10000000000000000000   23
233.20000000000000000000   20
233.30000000000000000000   20
233.40000000000000000000   20
233.50000000000000000000   23
233.60000000000000000000   20
233.70000000000000000000   19
233.80000000000000000000   14
233.90000000000000000000   19
234.00000000000000000000   18
234.10000000000000000000   19
234.20000000000000000000   19
234.30000000000000000000   23
234.40000000000000000000   20
234.50000000000000000000   19
234.60000000000000000000   21
234.70000000000000000000   17
234.80000000000000000000   15
234.90000000000000000000   16
235.00000000000000000000   17
235.10000000000000000000   16
235.20000000000000000000   17
235.30000000000000000000   15
235.40000000000000000000   17
235.50000000000000000000   14
235.60000000000000000000   17
235.70000000000000000000   17
235.80000000000000000000   19
235.90000000000000000000   15
236.00000000000000000000   14
236.10000000000000000000   16
236.20000000000000000000   14
236.30000000000000000000   17
236.40000000000000000000   16
236.50000000000000000000   14
236.60000000000000000000   15
236.70000000000000000000   15
236.80000000000000000000   15
236.90000000000000000000   17
237.00000000000000000000   16
237.10000000000000000000   17
237.20000000000000000000   16
237.30000000000000000000   15
237.40000000000000000000   13
237.50000000000000000000   14
237.60000000000000000000   18
237.70000000000000000000   14
237.80000000000000000000   12
237.90000000000000000000   9
238.00000000000000000000   12
238.10000000000000000000   14
238.20000000000000000000   10
238.30000000000000000000   10
238.40000000000000000000   11
238.50000000000000000000   12
238.60000000000000000000   14
238.70000000000000000000   13
238.80000000000000000000   14
238.90000000000000000000   13
239.00000000000000000000   15
239.10000000000000000000   12
239.20000000000000000000   13
239.30000000000000000000   11
239.40000000000000000000   14
239.50000000000000000000   14
239.60000000000000000000   13
239.70000000000000000000   14
239.80000000000000000000   14
239.90000000000000000000   15
240.00000000000000000000   15
240.10000000000000000000   16
240.20000000000000000000   15
240.30000000000000000000   17
240.40000000000000000000   15
240.50000000000000000000   16
240.60000000000000000000   19
240.70000000000000000000   19
240.80000000000000000000   17
240.90000000000000000000   18
241.00000000000000000000   16
241.10000000000000000000   14
241.20000000000000000000   16
241.30000000000000000000   13
241.40000000000000000000   13
241.50000000000000000000   13
241.60000000000000000000   17
241.70000000000000000000   12
241.80000000000000000000   14
241.90000000000000000000   16
242.00000000000000000000   15
242.10000000000000000000   14
242.20000000000000000000   13
242.30000000000000000000   19
242.40000000000000000000   16
242.50000000000000000000   14
242.60000000000000000000   14
242.70000000000000000000   11
242.80000000000000000000   15
242.90000000000000000000   16
243.00000000000000000000   13
243.10000000000000000000   12
243.20000000000000000000   14
243.30000000000000000000   15
243.40000000000000000000   14
243.50000000000000000000   12
243.60000000000000000000   12
243.70000000000000000000   13
243.80000000000000000000   16
243.90000000000000000000   15
244.00000000000000000000   15
244.10000000000000000000   15
244.20000000000000000000   17
244.30000000000000000000   16
244.40000000000000000000   16
244.50000000000000000000   12
244.60000000000000000000   16
244.70000000000000000000   16
244.80000000000000000000   16
244.90000000000000000000   9
245.00000000000000000000   8
245.10000000000000000000   12
245.20000000000000000000   12
245.30000000000000000000   9
245.40000000000000000000   11
245.50000000000000000000   13
245.60000000000000000000   12
245.70000000000000000000   14
245.80000000000000000000   15
245.90000000000000000000   20
246.00000000000000000000   19
246.10000000000000000000   16
246.20000000000000000000   18
246.30000000000000000000   17
246.40000000000000000000   17
246.50000000000000000000   18
246.60000000000000000000   16
246.70000000000000000000   18
246.80000000000000000000   17
246.90000000000000000000   15
247.00000000000000000000   15
247.10000000000000000000   16
247.20000000000000000000   17
247.30000000000000000000   16
247.40000000000000000000   16
247.50000000000000000000   16
247.60000000000000000000   12
247.70000000000000000000   15
247.80000000000000000000   19
247.90000000000000000000   19
248.00000000000000000000   19
248.10000000000000000000   16
248.20000000000000000000   10
248.30000000000000000000   16
248.40000000000000000000   21
248.50000000000000000000   17
248.60000000000000000000   18
248.70000000000000000000   16
248.80000000000000000000   16
248.90000000000000000000   19
249.00000000000000000000   15
249.10000000000000000000   18
249.20000000000000000000   13
249.30000000000000000000   18
249.40000000000000000000   17
249.50000000000000000000   25
249.60000000000000000000   24
249.70000000000000000000   27
249.80000000000000000000   28
249.90000000000000000000   27
250.00000000000000000000   20
250.10000000000000000000   20
250.20000000000000000000   20
250.30000000000000000000   21
250.40000000000000000000   20
250.50000000000000000000   20
250.60000000000000000000   21
250.70000000000000000000   18
250.80000000000000000000   22
250.90000000000000000000   20
251.00000000000000000000   20
251.10000000000000000000   19
251.20000000000000000000   20
251.30000000000000000000   18
251.40000000000000000000   17
251.50000000000000000000   17
251.60000000000000000000   19
251.70000000000000000000   21
251.80000000000000000000   19
251.90000000000000000000   19
252.00000000000000000000   20
252.10000000000000000000   15
252.20000000000000000000   17
252.30000000000000000000   19
252.40000000000000000000   21
252.50000000000000000000   19
252.60000000000000000000   19
252.70000000000000000000   19
252.80000000000000000000   21
252.90000000000000000000   20
253.00000000000000000000   22
253.10000000000000000000   20
253.20000000000000000000   20
253.30000000000000000000   20
253.40000000000000000000   22
253.50000000000000000000   23
253.60000000000000000000   24
253.70000000000000000000   22
253.80000000000000000000   22
253.90000000000000000000   23
254.00000000000000000000   15
254.10000000000000000000   18
254.20000000000000000000   20
254.30000000000000000000   17
254.40000000000000000000   19
254.50000000000000000000   18
254.60000000000000000000   21
254.70000000000000000000   20
254.80000000000000000000   24
254.90000000000000000000   24
255.00000000000000000000   23
255.10000000000000000000   22
255.20000000000000000000   25
255.30000000000000000000   21
255.40000000000000000000   20
255.50000000000000000000   19
255.60000000000000000000   22
255.70000000000000000000   19
255.80000000000000000000   19
255.90000000000000000000   21
256.00000000000000000000   20
256.10000000000000000000   18
256.20000000000000000000   18
256.30000000000000000000   17
256.40000000000000000000   17
256.50000000000000000000   15
256.60000000000000000000   15
256.70000000000000000000   17
256.80000000000000000000   19
256.90000000000000000000   18
257.00000000000000000000   15
257.10000000000000000000   15
257.20000000000000000000   14
257.30000000000000000000   15
257.40000000000000000000   18
257.50000000000000000000   16
257.60000000000000000000   19
257.70000000000000000000   14
257.80000000000000000000   13
257.90000000000000000000   15
258.00000000000000000000   14
258.10000000000000000000   14
258.20000000000000000000   12
258.30000000000000000000   13
258.40000000000000000000   11
258.50000000000000000000   16
258.60000000000000000000   15
258.70000000000000000000   17
258.80000000000000000000   16
258.90000000000000000000   18
259.00000000000000000000   15
259.10000000000000000000   16
259.20000000000000000000   18
259.30000000000000000000   19
259.40000000000000000000   13
259.50000000000000000000   15
259.60000000000000000000   15
259.70000000000000000000   14
259.80000000000000000000   11
259.90000000000000000000   19
260.00000000000000000000   18
260.10000000000000000000   12
260.20000000000000000000   15
260.30000000000000000000   12
260.40000000000000000000   17
260.50000000000000000000   13
260.60000000000000000000   14
260.70000000000000000000   17
260.80000000000000000000   14
260.90000000000000000000   15
261.00000000000000000000   11
261.10000000000000000000   15
261.20000000000000000000   14
261.30000000000000000000   13
261.40000000000000000000   13
261.50000000000000000000   14
261.60000000000000000000   12
261.70000000000000000000   12
261.80000000000000000000   15
261.90000000000000000000   13
262.00000000000000000000   18
262.10000000000000000000   18
262.20000000000000000000   13
262.30000000000000000000   17
262.40000000000000000000   17
262.50000000000000000000   17
262.60000000000000000000   18
262.70000000000000000000   19
262.80000000000000000000   18
262.90000000000000000000   21
263.00000000000000000000   20
263.10000000000000000000   22
263.20000000000000000000   22
263.30000000000000000000   24
263.40000000000000000000   23
263.50000000000000000000   20
263.60000000000000000000   19
263.70000000000000000000   15
263.80000000000000000000   23
263.90000000000000000000   16
264.00000000000000000000   18
264.10000000000000000000   18
264.20000000000000000000   20
264.30000000000000000000   15
264.40000000000000000000   18
264.50000000000000000000   18
264.60000000000000000000   19
264.70000000000000000000   21
264.80000000000000000000   21
264.90000000000000000000   21
265.00000000000000000000   24
265.10000000000000000000   19
265.20000000000000000000   25
265.30000000000000000000   23
265.40000000000000000000   18
265.50000000000000000000   23
265.60000000000000000000   21
265.70000000000000000000   20
265.80000000000000000000   20
265.90000000000000000000   19
266.00000000000000000000   19
266.10000000000000000000   17
266.20000000000000000000   20
266.30000000000000000000   22
266.40000000000000000000   22
266.50000000000000000000   22
266.60000000000000000000   14
266.70000000000000000000   17
266.80000000000000000000   14
266.90000000000000000000   13
267.00000000000000000000   12
267.10000000000000000000   16
267.20000000000000000000   21
267.30000000000000000000   23
267.40000000000000000000   23
267.50000000000000000000   20
267.60000000000000000000   20
267.70000000000000000000   17
267.80000000000000000000   18
267.90000000000000000000   21
268.00000000000000000000   20
268.10000000000000000000   18
268.20000000000000000000   16
268.30000000000000000000   17
268.40000000000000000000   12
268.50000000000000000000   14
268.60000000000000000000   16
268.70000000000000000000   11
268.80000000000000000000   16
268.90000000000000000000   15
269.00000000000000000000   14
269.10000000000000000000   14
269.20000000000000000000   12
269.30000000000000000000   18
269.40000000000000000000   22
269.50000000000000000000   16
269.60000000000000000000   17
269.70000000000000000000   16
269.80000000000000000000   12
269.90000000000000000000   16
270.00000000000000000000   14
270.10000000000000000000   16
270.20000000000000000000   13
270.30000000000000000000   16
270.40000000000000000000   13
270.50000000000000000000   20
270.60000000000000000000   14
270.70000000000000000000   12
270.80000000000000000000   15
270.90000000000000000000   11
271.00000000000000000000   13
271.10000000000000000000   15
271.20000000000000000000   15
271.30000000000000000000   16
271.40000000000000000000   21
271.50000000000000000000   22
271.60000000000000000000   21
271.70000000000000000000   19
271.80000000000000000000   18
271.90000000000000000000   20
272.00000000000000000000   20
272.10000000000000000000   21
272.20000000000000000000   20
272.30000000000000000000   19
272.40000000000000000000   19
272.50000000000000000000   24
272.60000000000000000000   22
272.70000000000000000000   19
272.80000000000000000000   15
272.90000000000000000000   20
273.00000000000000000000   20
273.10000000000000000000   19
273.20000000000000000000   20
273.30000000000000000000   21
273.40000000000000000000   21
273.50000000000000000000   20
273.60000000000000000000   21
273.70000000000000000000   15
273.80000000000000000000   21
273.90000000000000000000   20
274.00000000000000000000   20
274.10000000000000000000   23
274.20000000000000000000   24
274.30000000000000000000   24
274.40000000000000000000   23
274.50000000000000000000   26
274.60000000000000000000   18
274.70000000000000000000   22
274.80000000000000000000   22
274.90000000000000000000   20
275.00000000000000000000   24
275.10000000000000000000   23
275.20000000000000000000   26
275.30000000000000000000   23
275.40000000000000000000   25
275.50000000000000000000   21
275.60000000000000000000   26
275.70000000000000000000   23
275.80000000000000000000   22
275.90000000000000000000   24
276.00000000000000000000   21
276.10000000000000000000   19
276.20000000000000000000   18
276.30000000000000000000   18
276.40000000000000000000   15
276.50000000000000000000   23
276.60000000000000000000   19
276.70000000000000000000   18
276.80000000000000000000   22
276.90000000000000000000   18
277.00000000000000000000   15
277.10000000000000000000   17
277.20000000000000000000   18
277.30000000000000000000   18
277.40000000000000000000   17
277.50000000000000000000   17
277.60000000000000000000   16
277.70000000000000000000   15
277.80000000000000000000   15
277.90000000000000000000   16
278.00000000000000000000   15
278.10000000000000000000   16
278.20000000000000000000   20
278.30000000000000000000   18
278.40000000000000000000   17
278.50000000000000000000   18
278.60000000000000000000   17
278.70000000000000000000   14
278.80000000000000000000   16
278.90000000000000000000   16
279.00000000000000000000   18
279.10000000000000000000   11
279.20000000000000000000   11
279.30000000000000000000   14
279.40000000000000000000   13
279.50000000000000000000   10
279.60000000000000000000   12
279.70000000000000000000   12
279.80000000000000000000   14
279.90000000000000000000   19
280.00000000000000000000   16
280.10000000000000000000   12
280.20000000000000000000   13
280.30000000000000000000   16
280.40000000000000000000   18
280.50000000000000000000   17
280.60000000000000000000   17
280.70000000000000000000   16
280.80000000000000000000   19
280.90000000000000000000   16
281.00000000000000000000   20
281.10000000000000000000   18
281.20000000000000000000   20
281.30000000000000000000   18
281.40000000000000000000   17
281.50000000000000000000   16
281.60000000000000000000   19
281.70000000000000000000   20
281.80000000000000000000   22
281.90000000000000000000   17
282.00000000000000000000   18
282.10000000000000000000   21
282.20000000000000000000   18
282.30000000000000000000   23
282.40000000000000000000   23
282.50000000000000000000   22
282.60000000000000000000   23
282.70000000000000000000   19
282.80000000000000000000   18
282.90000000000000000000   18
283.00000000000000000000   16
283.10000000000000000000   14
283.20000000000000000000   17
283.30000000000000000000   17
283.40000000000000000000   14
283.50000000000000000000   21
283.60000000000000000000   17
283.70000000000000000000   21
283.80000000000000000000   19
283.90000000000000000000   20
284.00000000000000000000   18
284.10000000000000000000   18
284.20000000000000000000   16
284.30000000000000000000   13
284.40000000000000000000   17
284.50000000000000000000   15
284.60000000000000000000   14
284.70000000000000000000   17
284.80000000000000000000   19
284.90000000000000000000   20
285.00000000000000000000   19
285.10000000000000000000   17
285.20000000000000000000   14
285.30000000000000000000   11
285.40000000000000000000   12
285.50000000000000000000   13
285.60000000000000000000   13
285.70000000000000000000   9
285.80000000000000000000   12
285.90000000000000000000   12
286.00000000000000000000   17
286.10000000000000000000   16
286.20000000000000000000   12
286.30000000000000000000   15
286.40000000000000000000   14
286.50000000000000000000   17
286.60000000000000000000   23
286.70000000000000000000   19
286.80000000000000000000   17
286.90000000000000000000   17
287.00000000000000000000   20
287.10000000000000000000   14
287.20000000000000000000   17
287.30000000000000000000   14
287.40000000000000000000   15
287.50000000000000000000   10
287.60000000000000000000   15
287.70000000000000000000   10
287.80000000000000000000   14
287.90000000000000000000   17
288.00000000000000000000   11
288.10000000000000000000   14
288.20000000000000000000   16
288.30000000000000000000   15
288.40000000000000000000   15
288.50000000000000000000   16
288.60000000000000000000   17
288.70000000000000000000   17
288.80000000000000000000   16
288.90000000000000000000   15
289.00000000000000000000   16
289.10000000000000000000   17
289.20000000000000000000   15
289.30000000000000000000   14
289.40000000000000000000   17
289.50000000000000000000   18
289.60000000000000000000   14
289.70000000000000000000   15
289.80000000000000000000   15
289.90000000000000000000   14
290.00000000000000000000   12
290.10000000000000000000   11
290.20000000000000000000   20
290.30000000000000000000   15
290.40000000000000000000   18
290.50000000000000000000   16
290.60000000000000000000   21
290.70000000000000000000   17
290.80000000000000000000   16
290.90000000000000000000   20
291.00000000000000000000   16
291.10000000000000000000   17
291.20000000000000000000   13
291.30000000000000000000   16
291.40000000000000000000   16
291.50000000000000000000   16
291.60000000000000000000   18
291.70000000000000000000   18
291.80000000000000000000   17
291.90000000000000000000   19
292.00000000000000000000   19
292.10000000000000000000   19
292.20000000000000000000   17
292.30000000000000000000   14
292.40000000000000000000   13
292.50000000000000000000   14
292.60000000000000000000   19
292.70000000000000000000   18
292.80000000000000000000   17
292.90000000000000000000   16
293.00000000000000000000   19
293.10000000000000000000   15
293.20000000000000000000   16
293.30000000000000000000   18
293.40000000000000000000   20
293.50000000000000000000   19
293.60000000000000000000   21
293.70000000000000000000   17
293.80000000000000000000   24
293.90000000000000000000   16
294.00000000000000000000   17
294.10000000000000000000   17
294.20000000000000000000   16
294.30000000000000000000   11
294.40000000000000000000   8
294.50000000000000000000   12
294.60000000000000000000   15
294.70000000000000000000   15
294.80000000000000000000   18
294.90000000000000000000   16
295.00000000000000000000   12
295.10000000000000000000   14
295.20000000000000000000   12
295.30000000000000000000   13
295.40000000000000000000   17
295.50000000000000000000   21
295.60000000000000000000   19
295.70000000000000000000   16
295.80000000000000000000   16
295.90000000000000000000   16
296.00000000000000000000   16
296.10000000000000000000   19
296.20000000000000000000   18
296.30000000000000000000   14
296.40000000000000000000   17
296.50000000000000000000   20
296.60000000000000000000   15
296.70000000000000000000   8
296.80000000000000000000   15
296.90000000000000000000   11
297.00000000000000000000   10
297.10000000000000000000   11
297.20000000000000000000   14
297.30000000000000000000   11
297.40000000000000000000   13
297.50000000000000000000   15
297.60000000000000000000   14
297.70000000000000000000   14
297.80000000000000000000   15
297.90000000000000000000   15
298.00000000000000000000   13
298.10000000000000000000   13
298.20000000000000000000   16
298.30000000000000000000   14
298.40000000000000000000   11
298.50000000000000000000   17
298.60000000000000000000   17
298.70000000000000000000   18
298.80000000000000000000   15
298.90000000000000000000   18
299.00000000000000000000   19
299.10000000000000000000   20
299.20000000000000000000   21
299.30000000000000000000   20
299.40000000000000000000   19
299.50000000000000000000   20
299.60000000000000000000   19
299.70000000000000000000   18
299.80000000000000000000   19
299.90000000000000000000   19
300.00000000000000000000   20
300.10000000000000000000   16
300.20000000000000000000   13
300.30000000000000000000   15
300.40000000000000000000   14
300.50000000000000000000   19
300.60000000000000000000   15
300.70000000000000000000   18
300.80000000000000000000   15
300.90000000000000000000   19
301.00000000000000000000   19
301.10000000000000000000   16
301.20000000000000000000   13
301.30000000000000000000   13
301.40000000000000000000   14
301.50000000000000000000   14
301.60000000000000000000   14
301.70000000000000000000   14
301.80000000000000000000   14
301.90000000000000000000   13
302.00000000000000000000   8
302.10000000000000000000   13
302.20000000000000000000   13
302.30000000000000000000   16
302.40000000000000000000   14
302.50000000000000000000   14
302.60000000000000000000   14
302.70000000000000000000   15
302.80000000000000000000   12
302.90000000000000000000   12
303.00000000000000000000   14
303.10000000000000000000   14
303.20000000000000000000   12
303.30000000000000000000   16
303.40000000000000000000   10
303.50000000000000000000   9
303.60000000000000000000   13
303.70000000000000000000   12
303.80000000000000000000   9
303.90000000000000000000   12
304.00000000000000000000   9
304.10000000000000000000   11
304.20000000000000000000   12
304.30000000000000000000   7
304.40000000000000000000   10
304.50000000000000000000   11
304.60000000000000000000   13
304.70000000000000000000   12
304.80000000000000000000   13
304.90000000000000000000   13
305.00000000000000000000   9
305.10000000000000000000   10
305.20000000000000000000   8
305.30000000000000000000   10
305.40000000000000000000   4
305.50000000000000000000   11
305.60000000000000000000   14
305.70000000000000000000   14
305.80000000000000000000   10
305.90000000000000000000   9
306.00000000000000000000   8
306.10000000000000000000   6
306.20000000000000000000   9
306.30000000000000000000   8
306.40000000000000000000   7
306.50000000000000000000   5
306.60000000000000000000   6
306.70000000000000000000   10
306.80000000000000000000   11
306.90000000000000000000   11
307.00000000000000000000   7
307.10000000000000000000   12
307.20000000000000000000   8
307.30000000000000000000   12
307.40000000000000000000   13
307.50000000000000000000   13
307.60000000000000000000   17
307.70000000000000000000   14
307.80000000000000000000   15
307.90000000000000000000   13
308.00000000000000000000   17
308.10000000000000000000   12
308.20000000000000000000   11
308.30000000000000000000   15
308.40000000000000000000   15
308.50000000000000000000   13
308.60000000000000000000   13
308.70000000000000000000   15
308.80000000000000000000   13
308.90000000000000000000   14
309.00000000000000000000   15
309.10000000000000000000   14
309.20000000000000000000   15
309.30000000000000000000   17
309.40000000000000000000   17
309.50000000000000000000   18
309.60000000000000000000   18
309.70000000000000000000   17
309.80000000000000000000   19
309.90000000000000000000   19
310.00000000000000000000   16
310.10000000000000000000   17
310.20000000000000000000   12
310.30000000000000000000   16
310.40000000000000000000   16
310.50000000000000000000   14
310.60000000000000000000   18
310.70000000000000000000   13
310.80000000000000000000   16
310.90000000000000000000   17
311.00000000000000000000   16
311.10000000000000000000   14
311.20000000000000000000   13
311.30000000000000000000   12
311.40000000000000000000   13
311.50000000000000000000   18
311.60000000000000000000   17
311.70000000000000000000   17
311.80000000000000000000   16
311.90000000000000000000   14
312.00000000000000000000   13
312.10000000000000000000   13
312.20000000000000000000   20
312.30000000000000000000   17
312.40000000000000000000   13
312.50000000000000000000   15
312.60000000000000000000   16
312.70000000000000000000   15
312.80000000000000000000   13
312.90000000000000000000   14
313.00000000000000000000   9
313.10000000000000000000   11
313.20000000000000000000   15
313.30000000000000000000   11
313.40000000000000000000   19
313.50000000000000000000   15
313.60000000000000000000   11
313.70000000000000000000   15
313.80000000000000000000   16
313.90000000000000000000   11
314.00000000000000000000   12
314.10000000000000000000   11
314.20000000000000000000   11
314.30000000000000000000   12
314.40000000000000000000   11
314.50000000000000000000   11
314.60000000000000000000   11
314.70000000000000000000   12
314.80000000000000000000   14
314.90000000000000000000   12
315.00000000000000000000   17
315.10000000000000000000   11
315.20000000000000000000   14
315.30000000000000000000   12
315.40000000000000000000   13
315.50000000000000000000   11
315.60000000000000000000   9
315.70000000000000000000   9
315.80000000000000000000   7
315.90000000000000000000   13
316.00000000000000000000   12
316.10000000000000000000   13
316.20000000000000000000   14
316.30000000000000000000   13
316.40000000000000000000   12
316.50000000000000000000   11
316.60000000000000000000   9
316.70000000000000000000   14
316.80000000000000000000   15
316.90000000000000000000   14
317.00000000000000000000   13
317.10000000000000000000   10
317.20000000000000000000   12
317.30000000000000000000   12
317.40000000000000000000   13
317.50000000000000000000   11
317.60000000000000000000   8
317.70000000000000000000   11
317.80000000000000000000   17
317.90000000000000000000   13
318.00000000000000000000   14
318.10000000000000000000   14
318.20000000000000000000   11
318.30000000000000000000   14
318.40000000000000000000   13
318.50000000000000000000   14
318.60000000000000000000   18
318.70000000000000000000   12
318.80000000000000000000   17
318.90000000000000000000   15
319.00000000000000000000   13
319.10000000000000000000   15
319.20000000000000000000   13
319.30000000000000000000   13
319.40000000000000000000   12
319.50000000000000000000   12
319.60000000000000000000   14
319.70000000000000000000   13
319.80000000000000000000   17
319.90000000000000000000   14
320.00000000000000000000   11
320.10000000000000000000   15
320.20000000000000000000   18
320.30000000000000000000   21
320.40000000000000000000   19
320.50000000000000000000   17
320.60000000000000000000   16
320.70000000000000000000   18
320.80000000000000000000   16
320.90000000000000000000   20
321.00000000000000000000   18
321.10000000000000000000   20
321.20000000000000000000   18
321.30000000000000000000   19
321.40000000000000000000   19
321.50000000000000000000   18
321.60000000000000000000   21
321.70000000000000000000   20
321.80000000000000000000   20
321.90000000000000000000   25
322.00000000000000000000   20
322.10000000000000000000   18
322.20000000000000000000   19
322.30000000000000000000   19
322.40000000000000000000   17
322.50000000000000000000   20
322.60000000000000000000   17
322.70000000000000000000   20
322.80000000000000000000   17
322.90000000000000000000   20
323.00000000000000000000   19
323.10000000000000000000   18
323.20000000000000000000   17
323.30000000000000000000   16
323.40000000000000000000   19
323.50000000000000000000   19
323.60000000000000000000   19
323.70000000000000000000   17
323.80000000000000000000   18
323.90000000000000000000   16
324.00000000000000000000   16
324.10000000000000000000   17
324.20000000000000000000   18
324.30000000000000000000   16
324.40000000000000000000   17
324.50000000000000000000   21
324.60000000000000000000   19
324.70000000000000000000   13
324.80000000000000000000   16
324.90000000000000000000   17
325.00000000000000000000   20
325.10000000000000000000   16
325.20000000000000000000   17
325.30000000000000000000   19
325.40000000000000000000   22
325.50000000000000000000   21
325.60000000000000000000   17
325.70000000000000000000   15
325.80000000000000000000   17
325.90000000000000000000   17
326.00000000000000000000   18
326.10000000000000000000   19
326.20000000000000000000   15
326.30000000000000000000   18
326.40000000000000000000   17
326.50000000000000000000   17
326.60000000000000000000   22
326.70000000000000000000   18
326.80000000000000000000   18
326.90000000000000000000   18
327.00000000000000000000   15
327.10000000000000000000   17
327.20000000000000000000   17
327.30000000000000000000   18
327.40000000000000000000   20
327.50000000000000000000   21
327.60000000000000000000   20
327.70000000000000000000   24
327.80000000000000000000   18
327.90000000000000000000   22
328.00000000000000000000   22
328.10000000000000000000   20
328.20000000000000000000   22
328.30000000000000000000   21
328.40000000000000000000   25
328.50000000000000000000   22
328.60000000000000000000   22
328.70000000000000000000   23
328.80000000000000000000   26
328.90000000000000000000   26
329.00000000000000000000   24
329.10000000000000000000   24
329.20000000000000000000   21
329.30000000000000000000   24
329.40000000000000000000   23
329.50000000000000000000   24
329.60000000000000000000   23
329.70000000000000000000   21
329.80000000000000000000   21
329.90000000000000000000   20
330.00000000000000000000   21
330.10000000000000000000   22
330.20000000000000000000   26
330.30000000000000000000   22
330.40000000000000000000   24
330.50000000000000000000   23
330.60000000000000000000   24
330.70000000000000000000   23
330.80000000000000000000   30
330.90000000000000000000   23
331.00000000000000000000   24
331.10000000000000000000   26
331.20000000000000000000   21
331.30000000000000000000   21
331.40000000000000000000   21
331.50000000000000000000   23
331.60000000000000000000   21
331.70000000000000000000   20
331.80000000000000000000   16
331.90000000000000000000   17
332.00000000000000000000   18
332.10000000000000000000   19
332.20000000000000000000   20
332.30000000000000000000   21
332.40000000000000000000   18
332.50000000000000000000   19
332.60000000000000000000   19
332.70000000000000000000   15
332.80000000000000000000   18
332.90000000000000000000   20
333.00000000000000000000   17
333.10000000000000000000   16
333.20000000000000000000   19
333.30000000000000000000   19
333.40000000000000000000   16
333.50000000000000000000   17
333.60000000000000000000   16
333.70000000000000000000   19
333.80000000000000000000   18
333.90000000000000000000   16
334.00000000000000000000   18
334.10000000000000000000   22
334.20000000000000000000   21
334.30000000000000000000   20
334.40000000000000000000   20
334.50000000000000000000   20
334.60000000000000000000   18
334.70000000000000000000   19
334.80000000000000000000   20
334.90000000000000000000   16
335.00000000000000000000   19
335.10000000000000000000   17
335.20000000000000000000   20
335.30000000000000000000   19
335.40000000000000000000   21
335.50000000000000000000   19
335.60000000000000000000   17
335.70000000000000000000   18
335.80000000000000000000   17
335.90000000000000000000   19
336.00000000000000000000   20
336.10000000000000000000   16
336.20000000000000000000   18
336.30000000000000000000   17
336.40000000000000000000   17
336.50000000000000000000   19
336.60000000000000000000   16
336.70000000000000000000   13
336.80000000000000000000   14
336.90000000000000000000   13
337.00000000000000000000   16
337.10000000000000000000   11
337.20000000000000000000   13
337.30000000000000000000   11
337.40000000000000000000   12
337.50000000000000000000   14
337.60000000000000000000   11
337.70000000000000000000   10
337.80000000000000000000   13
337.90000000000000000000   14
338.00000000000000000000   12
338.10000000000000000000   11
338.20000000000000000000   13
338.30000000000000000000   11
338.40000000000000000000   12
338.50000000000000000000   14
338.60000000000000000000   11
338.70000000000000000000   11
338.80000000000000000000   12
338.90000000000000000000   12
339.00000000000000000000   11
339.10000000000000000000   9
339.20000000000000000000   9
339.30000000000000000000   10
339.40000000000000000000   11
339.50000000000000000000   11
339.60000000000000000000   11
339.70000000000000000000   11
339.80000000000000000000   10
339.90000000000000000000   9
340.00000000000000000000   13
340.10000000000000000000   11
340.20000000000000000000   15
340.30000000000000000000   14
340.40000000000000000000   16
340.50000000000000000000   19
340.60000000000000000000   17
340.70000000000000000000   20
340.80000000000000000000   17
340.90000000000000000000   20
341.00000000000000000000   16
341.10000000000000000000   13
341.20000000000000000000   12
341.30000000000000000000   15
341.40000000000000000000   10
341.50000000000000000000   17
341.60000000000000000000   19
341.70000000000000000000   18
341.80000000000000000000   19
341.90000000000000000000   16
342.00000000000000000000   18
342.10000000000000000000   16
342.20000000000000000000   13
342.30000000000000000000   19
342.40000000000000000000   17
342.50000000000000000000   16
342.60000000000000000000   16
342.70000000000000000000   17
342.80000000000000000000   13
342.90000000000000000000   17
343.00000000000000000000   21
343.10000000000000000000   17
343.20000000000000000000   20
343.30000000000000000000   16
343.40000000000000000000   17
343.50000000000000000000   18
343.60000000000000000000   16
343.70000000000000000000   15
343.80000000000000000000   17
343.90000000000000000000   18
344.00000000000000000000   20
344.10000000000000000000   20
344.20000000000000000000   20
344.30000000000000000000   19
344.40000000000000000000   15
344.50000000000000000000   17
344.60000000000000000000   17
344.70000000000000000000   17
344.80000000000000000000   16
344.90000000000000000000   20
345.00000000000000000000   17
345.10000000000000000000   20
345.20000000000000000000   20
345.30000000000000000000   17
345.40000000000000000000   21
345.50000000000000000000   20
345.60000000000000000000   18
345.70000000000000000000   17
345.80000000000000000000   18
345.90000000000000000000   20
346.00000000000000000000   15
346.10000000000000000000   13
346.20000000000000000000   14
346.30000000000000000000   13
346.40000000000000000000   14
346.50000000000000000000   15
346.60000000000000000000   13
346.70000000000000000000   13
346.80000000000000000000   17
346.90000000000000000000   16
347.00000000000000000000   15
347.10000000000000000000   17
347.20000000000000000000   23
347.30000000000000000000   21
347.40000000000000000000   18
347.50000000000000000000   20
347.60000000000000000000   17
347.70000000000000000000   21
347.80000000000000000000   19
347.90000000000000000000   18
348.00000000000000000000   19
348.10000000000000000000   20
348.20000000000000000000   18
348.30000000000000000000   19
348.40000000000000000000   21
348.50000000000000000000   22
348.60000000000000000000   20
348.70000000000000000000   22
348.80000000000000000000   21
348.90000000000000000000   19
349.00000000000000000000   18
349.10000000000000000000   18
349.20000000000000000000   17
349.30000000000000000000   20
349.40000000000000000000   17
349.50000000000000000000   18
349.60000000000000000000   20
349.70000000000000000000   18
349.80000000000000000000   19
349.90000000000000000000   22
350.00000000000000000000   20
350.10000000000000000000   18
350.20000000000000000000   21
350.30000000000000000000   22
350.40000000000000000000   23
350.50000000000000000000   20
350.60000000000000000000   22
350.70000000000000000000   21
350.80000000000000000000   21
350.90000000000000000000   18
351.00000000000000000000   17
351.10000000000000000000   15
351.20000000000000000000   15
351.30000000000000000000   16
351.40000000000000000000   19
351.50000000000000000000   19
351.60000000000000000000   18
351.70000000000000000000   18
351.80000000000000000000   17
351.90000000000000000000   18
352.00000000000000000000   20
352.10000000000000000000   19
352.20000000000000000000   19
352.30000000000000000000   18
352.40000000000000000000   21
352.50000000000000000000   17
352.60000000000000000000   18
352.70000000000000000000   22
352.80000000000000000000   20
352.90000000000000000000   17
353.00000000000000000000   17
353.10000000000000000000   16
353.20000000000000000000   17
353.30000000000000000000   17
353.40000000000000000000   16
353.50000000000000000000   15
353.60000000000000000000   16
353.70000000000000000000   17
353.80000000000000000000   18
353.90000000000000000000   15
354.00000000000000000000   13
354.10000000000000000000   16
354.20000000000000000000   16
354.30000000000000000000   17
354.40000000000000000000   12
354.50000000000000000000   16
354.60000000000000000000   18
354.70000000000000000000   16
354.80000000000000000000   15
354.90000000000000000000   13
355.00000000000000000000   14
355.10000000000000000000   19
355.20000000000000000000   19
355.30000000000000000000   18
355.40000000000000000000   22
355.50000000000000000000   18
355.60000000000000000000   15
355.70000000000000000000   19
355.80000000000000000000   20
355.90000000000000000000   19
356.00000000000000000000   19
356.10000000000000000000   19
356.20000000000000000000   17
356.30000000000000000000   19
356.40000000000000000000   17
356.50000000000000000000   18
356.60000000000000000000   19
356.70000000000000000000   16
356.80000000000000000000   20
356.90000000000000000000   18
357.00000000000000000000   15
357.10000000000000000000   16
357.20000000000000000000   17
357.30000000000000000000   12
357.40000000000000000000   13
357.50000000000000000000   12
357.60000000000000000000   12
357.70000000000000000000   11
357.80000000000000000000   11
357.90000000000000000000   10
358.00000000000000000000   12
358.10000000000000000000   15
358.20000000000000000000   15
358.30000000000000000000   13
358.40000000000000000000   16
358.50000000000000000000   15
358.60000000000000000000   13
358.70000000000000000000   14
358.80000000000000000000   15
358.90000000000000000000   15
359.00000000000000000000   15
359.10000000000000000000   14
359.20000000000000000000   15
359.30000000000000000000   17
359.40000000000000000000   14
359.50000000000000000000   16
359.60000000000000000000   17
359.70000000000000000000   16
359.80000000000000000000   15
359.90000000000000000000   16
360.00000000000000000000   17
360.10000000000000000000   16
360.20000000000000000000   19
360.30000000000000000000   19
360.40000000000000000000   16
360.50000000000000000000   18
360.60000000000000000000   19
360.70000000000000000000   16
360.80000000000000000000   17
360.90000000000000000000   17
361.00000000000000000000   18
361.10000000000000000000   17
361.20000000000000000000   16
361.30000000000000000000   19
361.40000000000000000000   15
361.50000000000000000000   18
361.60000000000000000000   18
361.70000000000000000000   15
361.80000000000000000000   17
361.90000000000000000000   15
362.00000000000000000000   15
362.10000000000000000000   16
362.20000000000000000000   15
362.30000000000000000000   15
362.40000000000000000000   15
362.50000000000000000000   14
362.60000000000000000000   18
362.70000000000000000000   14
362.80000000000000000000   16
362.90000000000000000000   16
363.00000000000000000000   16
363.10000000000000000000   13
363.20000000000000000000   13
363.30000000000000000000   12
363.40000000000000000000   13
363.50000000000000000000   13
363.60000000000000000000   16
363.70000000000000000000   12
363.80000000000000000000   14
363.90000000000000000000   15
364.00000000000000000000   16
364.10000000000000000000   17
364.20000000000000000000   16
364.30000000000000000000   16
364.40000000000000000000   18
364.50000000000000000000   16
364.60000000000000000000   17
364.70000000000000000000   19
364.80000000000000000000   18
364.90000000000000000000   19
365.00000000000000000000   17
365.10000000000000000000   17
365.20000000000000000000   17
365.30000000000000000000   18
365.40000000000000000000   17
365.50000000000000000000   17
365.60000000000000000000   19
365.70000000000000000000   20
365.80000000000000000000   16
365.90000000000000000000   18
366.00000000000000000000   19
366.10000000000000000000   17
366.20000000000000000000   17
366.30000000000000000000   19
366.40000000000000000000   19
366.50000000000000000000   21
366.60000000000000000000   19
366.70000000000000000000   22
366.80000000000000000000   19
366.90000000000000000000   18
367.00000000000000000000   19
367.10000000000000000000   21
367.20000000000000000000   22
367.30000000000000000000   19
367.40000000000000000000   22
367.50000000000000000000   19
367.60000000000000000000   17
367.70000000000000000000   22
367.80000000000000000000   16
367.90000000000000000000   16
368.00000000000000000000   13
368.10000000000000000000   15
368.20000000000000000000   17
368.30000000000000000000   18
368.40000000000000000000   19
368.50000000000000000000   14
368.60000000000000000000   16
368.70000000000000000000   16
368.80000000000000000000   16
368.90000000000000000000   16
369.00000000000000000000   19
369.10000000000000000000   20
369.20000000000000000000   18
369.30000000000000000000   18
369.40000000000000000000   19
369.50000000000000000000   21
369.60000000000000000000   19
369.70000000000000000000   19
369.80000000000000000000   16
369.90000000000000000000   18
370.00000000000000000000   18
370.10000000000000000000   19
370.20000000000000000000   19
370.30000000000000000000   21
370.40000000000000000000   23
370.50000000000000000000   18
370.60000000000000000000   21
370.70000000000000000000   21
370.80000000000000000000   22
370.90000000000000000000   19
371.00000000000000000000   19
371.10000000000000000000   19
371.20000000000000000000   16
371.30000000000000000000   19
371.40000000000000000000   19
371.50000000000000000000   19
371.60000000000000000000   18
371.70000000000000000000   18
371.80000000000000000000   17
371.90000000000000000000   15
372.00000000000000000000   19
372.10000000000000000000   18
372.20000000000000000000   20
372.30000000000000000000   19
372.40000000000000000000   18
372.50000000000000000000   21
372.60000000000000000000   22
372.70000000000000000000   22
372.80000000000000000000   18
372.90000000000000000000   17
373.00000000000000000000   16
373.10000000000000000000   17
373.20000000000000000000   17
373.30000000000000000000   18
373.40000000000000000000   18
373.50000000000000000000   17
373.60000000000000000000   16
373.70000000000000000000   16
373.80000000000000000000   17
373.90000000000000000000   19
374.00000000000000000000   17
374.10000000000000000000   17
374.20000000000000000000   17
374.30000000000000000000   18
374.40000000000000000000   16
374.50000000000000000000   18
374.60000000000000000000   19
374.70000000000000000000   20
374.80000000000000000000   25
374.90000000000000000000   21
375.00000000000000000000   21
375.10000000000000000000   20
375.20000000000000000000   22
375.30000000000000000000   19
375.40000000000000000000   20
375.50000000000000000000   19
375.60000000000000000000   19
375.70000000000000000000   17
375.80000000000000000000   18
375.90000000000000000000   15
376.00000000000000000000   18
376.10000000000000000000   17
376.20000000000000000000   19
376.30000000000000000000   21
376.40000000000000000000   20
376.50000000000000000000   20
376.60000000000000000000   19
376.70000000000000000000   18
376.80000000000000000000   14
376.90000000000000000000   13
377.00000000000000000000   16
377.10000000000000000000   15
377.20000000000000000000   15
377.30000000000000000000   11
377.40000000000000000000   12
377.50000000000000000000   16
377.60000000000000000000   15
377.70000000000000000000   15
377.80000000000000000000   15
377.90000000000000000000   16
378.00000000000000000000   16
378.10000000000000000000   17
378.20000000000000000000   16
378.30000000000000000000   16
378.40000000000000000000   21
378.50000000000000000000   20
378.60000000000000000000   19
378.70000000000000000000   20
378.80000000000000000000   19
378.90000000000000000000   18
379.00000000000000000000   20
379.10000000000000000000   19
379.20000000000000000000   22
379.30000000000000000000   19
379.40000000000000000000   20
379.50000000000000000000   19
379.60000000000000000000   25
379.70000000000000000000   23
379.80000000000000000000   24
379.90000000000000000000   22
380.00000000000000000000   22
380.10000000000000000000   20
380.20000000000000000000   22
380.30000000000000000000   13
380.40000000000000000000   17
380.50000000000000000000   17
380.60000000000000000000   22
380.70000000000000000000   19
380.80000000000000000000   16
380.90000000000000000000   14
381.00000000000000000000   13
381.10000000000000000000   10
381.20000000000000000000   13
381.30000000000000000000   15
381.40000000000000000000   18
381.50000000000000000000   18
381.60000000000000000000   18
381.70000000000000000000   19
381.80000000000000000000   16
381.90000000000000000000   17
382.00000000000000000000   19
382.10000000000000000000   18
382.20000000000000000000   18
382.30000000000000000000   16
382.40000000000000000000   12
382.50000000000000000000   15
382.60000000000000000000   14
382.70000000000000000000   14
382.80000000000000000000   14
382.90000000000000000000   16
383.00000000000000000000   15
383.10000000000000000000   15
383.20000000000000000000   14
383.30000000000000000000   17
383.40000000000000000000   16
383.50000000000000000000   15
383.60000000000000000000   14
383.70000000000000000000   19
383.80000000000000000000   19
383.90000000000000000000   16
384.00000000000000000000   17
384.10000000000000000000   16
384.20000000000000000000   17
384.30000000000000000000   18
384.40000000000000000000   15
384.50000000000000000000   14
384.60000000000000000000   14
384.70000000000000000000   16
384.80000000000000000000   14
384.90000000000000000000   16
385.00000000000000000000   17
385.10000000000000000000   16
385.20000000000000000000   14
385.30000000000000000000   14
385.40000000000000000000   13
385.50000000000000000000   13
385.60000000000000000000   14
385.70000000000000000000   15
385.80000000000000000000   15
385.90000000000000000000   16
386.00000000000000000000   14
386.10000000000000000000   15
386.20000000000000000000   13
386.30000000000000000000   13
386.40000000000000000000   15
386.50000000000000000000   15
386.60000000000000000000   13
386.70000000000000000000   12
386.80000000000000000000   16
386.90000000000000000000   14
387.00000000000000000000   13
387.10000000000000000000   14
387.20000000000000000000   17
387.30000000000000000000   15
387.40000000000000000000   17
387.50000000000000000000   15
387.60000000000000000000   15
387.70000000000000000000   16
387.80000000000000000000   16
387.90000000000000000000   14
388.00000000000000000000   13
388.10000000000000000000   17
388.20000000000000000000   16
388.30000000000000000000   14
388.40000000000000000000   14
388.50000000000000000000   16
388.60000000000000000000   17
388.70000000000000000000   12
388.80000000000000000000   13
388.90000000000000000000   12
389.00000000000000000000   14
389.10000000000000000000   13
389.20000000000000000000   10
389.30000000000000000000   11
389.40000000000000000000   12
389.50000000000000000000   14
389.60000000000000000000   14
389.70000000000000000000   15
389.80000000000000000000   14
389.90000000000000000000   10
390.00000000000000000000   11
390.10000000000000000000   13
390.20000000000000000000   11
390.30000000000000000000   15
390.40000000000000000000   14
390.50000000000000000000   15
390.60000000000000000000   11
390.70000000000000000000   15
390.80000000000000000000   15
390.90000000000000000000   15
391.00000000000000000000   18
391.10000000000000000000   13
391.20000000000000000000   14
391.30000000000000000000   16
391.40000000000000000000   12
391.50000000000000000000   12
391.60000000000000000000   18
391.70000000000000000000   14
391.80000000000000000000   14
391.90000000000000000000   16
392.00000000000000000000   14
392.10000000000000000000   15
392.20000000000000000000   14
392.30000000000000000000   16
392.40000000000000000000   15
392.50000000000000000000   18
392.60000000000000000000   16
392.70000000000000000000   13
392.80000000000000000000   16
392.90000000000000000000   16
393.00000000000000000000   16
393.10000000000000000000   14
393.20000000000000000000   16
393.30000000000000000000   15
393.40000000000000000000   15
393.50000000000000000000   13
393.60000000000000000000   14
393.70000000000000000000   16
393.80000000000000000000   16
393.90000000000000000000   16
394.00000000000000000000   18
394.10000000000000000000   17
394.20000000000000000000   17
394.30000000000000000000   16
394.40000000000000000000   13
394.50000000000000000000   14
394.60000000000000000000   13
394.70000000000000000000   11
394.80000000000000000000   17
394.90000000000000000000   13
395.00000000000000000000   11
395.10000000000000000000   13
395.20000000000000000000   11
395.30000000000000000000   16
395.40000000000000000000   12
395.50000000000000000000   11
395.60000000000000000000   13
395.70000000000000000000   13
395.80000000000000000000   13
395.90000000000000000000   14
396.00000000000000000000   16
396.10000000000000000000   16
396.20000000000000000000   18
396.30000000000000000000   17
396.40000000000000000000   14
396.50000000000000000000   14
396.60000000000000000000   13
396.70000000000000000000   16
396.80000000000000000000   18
396.90000000000000000000   15
397.00000000000000000000   14
397.10000000000000000000   14
397.20000000000000000000   14
397.30000000000000000000   20
397.40000000000000000000   16
397.50000000000000000000   18
397.60000000000000000000   19
397.70000000000000000000   16
397.80000000000000000000   14
397.90000000000000000000   15
398.00000000000000000000   18
398.10000000000000000000   20
398.20000000000000000000   18
398.30000000000000000000   15
398.40000000000000000000   12
398.50000000000000000000   16
398.60000000000000000000   19
398.70000000000000000000   19
398.80000000000000000000   20
398.90000000000000000000   20
399.00000000000000000000   20
399.10000000000000000000   20
399.20000000000000000000   20
399.30000000000000000000   20
399.40000000000000000000   20
399.50000000000000000000   20
399.60000000000000000000   20
399.70000000000000000000   20
