# Total_native_contacts: 525
#Frame Native_contacts
0 440
1 448
2 441
3 437
4 434
5 448
6 433
7 450
8 435
9 442
10 434
11 432
12 440
13 427
14 427
15 430
16 432
17 440
18 446
19 447
20 449
21 451
22 451
23 442
24 450
25 460
26 458
27 437
28 448
29 451
30 445
31 452
32 447
33 452
34 455
35 451
36 451
37 446
38 469
39 454
40 457
41 455
42 456
43 457
44 450
45 445
46 451
47 460
48 452
49 447
50 448
51 444
52 442
53 450
54 435
55 448
56 443
57 445
58 446
59 441
60 445
61 437
62 433
63 448
64 443
65 448
66 457
67 443
68 435
69 440
70 443
71 442
72 440
73 440
74 441
75 440
76 444
77 445
78 446
79 446
80 445
81 445
82 450
83 441
84 442
85 442
86 438
87 437
88 433
89 444
90 441
91 439
92 445
93 438
94 440
95 446
96 442
97 443
98 437
99 439
100 455
101 442
102 441
103 439
104 446
105 447
106 449
107 450
108 456
109 437
110 446
111 441
112 441
113 439
114 444
115 447
116 436
117 439
118 442
119 440
120 449
121 440
122 441
123 447
124 433
125 439
126 433
127 438
128 439
129 435
130 436
131 442
132 435
133 436
134 440
135 431
136 437
137 433
138 427
139 427
140 432
141 435
142 436
143 429
144 426
145 415
146 426
147 429
148 430
149 439
150 442
151 435
152 434
153 434
154 427
155 434
156 434
157 435
158 422
159 423
160 431
161 423
162 418
163 430
164 417
165 422
166 419
167 419
168 437
169 421
170 420
171 426
172 430
173 416
174 426
175 419
176 423
177 431
178 414
179 425
180 416
181 419
182 417
183 430
184 447
185 435
186 429
187 426
188 418
189 414
190 412
191 423
192 419
193 423
194 431
195 423
196 436
197 427
198 415
199 416
200 426
201 414
202 419
203 425
204 407
205 402
206 429
207 412
208 417
209 425
210 423
211 429
212 412
213 412
214 403
215 407
216 404
217 407
218 410
219 405
220 409
221 404
222 410
223 398
224 419
225 420
226 425
227 422
228 413
229 428
230 417
231 430
232 424
233 421
234 424
235 426
236 424
237 423
238 423
239 427
240 424
241 413
242 408
243 421
244 413
245 415
246 406
247 407
248 411
249 413
250 398
251 407
252 415
253 412
254 403
255 403
256 415
257 412
258 408
259 426
260 407
261 424
262 411
263 414
264 425
265 409
266 412
267 414
268 414
269 413
270 417
271 415
272 413
273 405
274 399
275 416
276 412
277 410
278 418
279 420
280 413
281 413
282 414
283 411
284 402
285 415
286 419
287 410
288 417
289 415
290 415
291 408
292 426
293 406
294 405
295 409
296 404
297 403
298 402
299 393
300 392
301 391
302 394
303 400
304 385
305 387
306 382
307 389
308 395
309 391
310 391
311 387
312 392
313 384
314 388
315 394
316 391
317 388
318 387
319 393
320 386
321 393
322 391
323 388
324 385
325 388
326 386
327 377
328 390
329 388
330 379
331 386
332 385
333 393
334 394
335 381
336 391
337 394
338 385
339 386
340 387
341 382
342 389
343 392
344 393
345 395
346 394
347 403
348 398
349 393
350 409
351 405
352 401
353 390
354 389
355 405
356 395
357 398
358 404
359 396
360 395
361 406
362 398
363 399
364 410
365 410
366 404
367 400
368 401
369 396
370 399
371 403
372 400
373 399
374 397
375 399
376 394
377 394
378 389
379 402
380 398
381 400
382 400
383 396
384 400
385 390
386 394
387 390
388 387
389 402
390 396
391 394
392 397
393 393
394 390
395 393
396 400
397 395
398 400
399 397
400 386
401 390
402 401
403 399
404 389
405 393
406 397
407 398
408 398
409 393
410 398
411 398
412 389
413 402
414 395
415 405
416 393
417 385
418 388
419 390
420 383
421 380
422 373
423 373
424 379
425 384
426 374
427 375
428 386
429 377
430 389
431 386
432 379
433 382
434 384
435 381
436 385
437 394
438 388
439 385
440 377
441 367
442 378
443 381
444 372
445 375
446 375
447 378
448 381
449 370
450 384
451 378
452 378
453 381
454 374
455 385
456 376
457 369
458 379
459 378
460 383
461 386
462 374
463 377
464 385
465 378
466 380
467 375
468 374
469 382
470 382
471 388
472 383
473 392
474 384
475 387
476 376
477 382
478 379
479 379
480 379
481 379
482 385
483 384
484 371
485 383
486 379
487 382
488 385
489 388
490 391
491 399
492 386
493 384
494 382
495 384
496 384
497 387
498 383
499 384
500 380
501 392
502 383
503 380
504 385
505 376
506 374
507 377
508 380
509 387
510 380
511 379
512 390
513 388
514 382
515 376
516 376
517 375
518 379
519 369
520 367
521 379
522 376
523 374
524 388
525 394
526 383
527 382
528 387
529 391
530 385
531 381
532 385
533 377
534 384
535 382
536 386
537 382
538 375
539 392
540 380
541 376
542 382
543 373
544 380
545 377
546 369
547 376
548 374
549 375
550 377
551 378
552 396
553 385
554 397
555 391
556 388
557 408
558 398
559 400
560 391
561 390
562 383
563 382
564 385
565 390
566 385
567 389
568 395
569 397
570 395
571 382
572 378
573 378
574 374
575 377
576 377
577 374
578 387
579 385
580 380
581 376
582 373
583 373
584 378
585 374
586 365
587 364
588 365
589 373
590 370
591 367
592 372
593 367
594 386
595 376
596 369
597 376
598 372
599 371
600 363
601 373
602 366
603 372
604 374
605 370
606 383
607 382
608 377
609 381
610 383
611 376
612 371
613 369
614 382
615 372
616 370
617 371
618 366
619 370
620 369
621 381
622 389
623 386
624 374
625 378
626 371
627 369
628 371
629 377
630 358
631 366
632 378
633 372
634 383
635 376
636 371
637 379
638 382
639 380
640 369
641 372
642 364
643 379
644 366
645 364
646 377
647 367
648 367
649 370
650 368
651 359
652 370
653 378
654 384
655 369
656 374
657 378
658 374
659 378
660 376
661 374
662 375
663 377
664 384
665 372
666 379
667 370
668 378
669 370
670 370
671 371
672 374
673 370
674 361
675 364
676 360
677 362
678 367
679 366
680 369
681 366
682 364
683 369
684 369
685 362
686 360
687 365
688 361
689 357
690 362
691 368
692 354
693 357
694 357
695 350
696 340
697 359
698 360
699 361
700 360
701 359
702 362
703 358
704 366
705 366
706 369
707 360
708 361
709 358
710 357
711 346
712 352
713 356
714 354
715 347
716 347
717 343
718 336
719 352
720 352
721 358
722 365
723 358
724 352
725 355
726 347
727 358
728 354
729 356
730 359
731 351
732 355
733 361
734 355
735 359
736 353
737 344
738 356
739 342
740 344
741 351
742 356
743 355
744 345
745 340
746 341
747 348
748 344
749 335
750 339
751 343
752 346
753 343
754 364
755 354
756 372
757 360
758 348
759 347
760 359
761 349
762 358
763 340
764 348
765 339
766 362
767 353
768 356
769 350
770 350
771 348
772 347
773 344
774 346
775 343
776 354
777 351
778 350
779 361
780 347
781 358
782 343
783 354
784 350
785 354
786 331
787 351
788 344
789 348
790 348
791 341
792 346
793 345
794 345
795 341
796 348
797 343
798 342
799 348
800 355
801 358
802 360
803 353
804 357
805 361
806 360
807 361
808 363
809 354
810 361
811 353
812 359
813 356
814 357
815 354
816 371
817 359
818 354
819 353
820 356
821 350
822 355
823 363
824 371
825 367
826 370
827 355
828 373
829 367
830 374
831 370
832 379
833 368
834 374
835 368
836 363
837 367
838 373
839 367
840 376
841 365
842 382
843 374
844 377
845 377
846 382
847 380
848 367
849 374
850 382
851 381
852 374
853 372
854 369
855 370
856 374
857 375
858 371
859 369
860 380
861 374
862 365
863 371
864 360
865 370
866 368
867 356
868 357
869 366
870 364
871 365
872 364
873 362
874 369
875 366
876 349
877 359
878 366
879 351
880 362
881 364
882 371
883 368
884 363
885 370
886 371
887 371
888 374
889 368
890 373
891 378
892 375
893 377
894 367
895 367
896 357
897 360
898 366
899 373
900 357
901 366
902 362
903 362
904 366
905 367
906 360
907 367
908 365
909 372
910 368
911 350
912 357
913 365
914 363
915 359
916 373
917 388
918 372
919 362
920 372
921 355
922 360
923 369
924 360
925 364
926 365
927 376
928 366
929 359
930 365
931 360
932 373
933 354
934 351
935 368
936 361
937 365
938 375
939 366
940 361
941 372
942 378
943 369
944 358
945 367
946 369
947 374
948 364
949 365
950 365
951 364
952 358
953 368
954 362
955 360
956 353
957 361
958 368
959 354
960 362
961 366
962 365
963 363
964 354
965 349
966 363
967 354
968 352
969 356
970 363
971 367
972 366
973 360
974 362
975 353
976 359
977 361
978 359
979 360
980 349
981 353
982 364
983 371
984 357
985 359
986 363
987 365
988 358
989 361
990 359
991 347
992 367
993 355
994 365
995 355
996 362
997 365
998 362
999 356
1000 366
1001 356
1002 371
1003 364
1004 362
1005 357
1006 359
1007 361
1008 353
1009 364
1010 364
1011 365
1012 365
1013 364
1014 364
1015 360
1016 367
1017 361
1018 363
1019 359
1020 360
1021 355
1022 362
1023 365
1024 359
1025 371
1026 369
1027 374
1028 363
1029 356
1030 371
1031 368
1032 362
1033 356
1034 361
1035 361
1036 364
1037 362
1038 365
1039 361
1040 366
1041 363
1042 368
1043 373
1044 365
1045 367
1046 361
1047 354
1048 361
1049 350
1050 360
1051 356
1052 361
1053 350
1054 371
1055 364
1056 370
1057 358
1058 360
1059 365
1060 357
1061 352
1062 352
1063 359
1064 348
1065 359
1066 365
1067 363
1068 362
1069 358
1070 368
1071 355
1072 348
1073 363
1074 357
1075 342
1076 350
1077 364
1078 347
1079 350
1080 357
1081 358
1082 356
1083 360
1084 355
1085 351
1086 350
1087 353
1088 343
1089 356
1090 353
1091 346
1092 352
1093 344
1094 336
1095 347
1096 349
1097 348
1098 351
1099 347
1100 358
1101 352
1102 354
1103 353
1104 353
1105 349
1106 356
1107 354
1108 349
1109 349
1110 357
1111 352
1112 355
1113 358
1114 361
1115 350
1116 354
1117 361
1118 354
1119 354
1120 342
1121 356
1122 351
1123 353
1124 349
1125 357
1126 355
1127 354
1128 352
1129 367
1130 362
1131 360
1132 360
1133 353
1134 360
1135 363
1136 355
1137 348
1138 353
1139 356
1140 358
1141 347
1142 358
1143 353
1144 346
1145 353
1146 355
1147 361
1148 357
1149 369
1150 352
1151 362
1152 361
1153 354
1154 367
1155 366
1156 361
1157 368
1158 356
1159 355
1160 366
1161 376
1162 365
1163 371
1164 367
1165 361
1166 365
1167 362
1168 371
1169 366
1170 366
1171 365
1172 357
1173 364
1174 359
1175 358
1176 356
1177 359
1178 361
1179 354
1180 358
1181 371
1182 358
1183 361
1184 354
1185 357
1186 354
1187 353
1188 359
1189 347
1190 358
1191 368
1192 362
1193 368
1194 366
1195 360
1196 367
1197 372
1198 365
1199 370
1200 357
1201 364
1202 358
1203 368
1204 362
1205 362
1206 362
1207 371
1208 360
1209 370
1210 373
1211 375
1212 369
1213 364
1214 369
1215 360
1216 364
1217 373
1218 373
1219 374
1220 370
1221 368
1222 364
1223 377
1224 371
1225 355
1226 372
1227 359
1228 360
1229 362
1230 351
1231 363
1232 366
1233 361
1234 365
1235 359
1236 361
1237 361
1238 379
1239 365
1240 368
1241 352
1242 356
1243 360
1244 358
1245 368
1246 363
1247 363
1248 362
1249 355
1250 358
1251 360
1252 355
1253 371
1254 364
1255 361
1256 361
1257 365
1258 369
1259 366
1260 354
1261 362
1262 364
1263 368
1264 356
1265 361
1266 349
1267 359
1268 356
1269 361
1270 359
1271 355
1272 358
1273 367
1274 366
1275 362
1276 359
1277 353
1278 359
1279 353
1280 358
1281 357
1282 359
1283 362
1284 352
1285 374
1286 361
1287 355
1288 363
1289 355
1290 364
1291 355
1292 352
1293 345
1294 354
1295 351
1296 355
1297 357
1298 356
1299 366
1300 361
1301 367
1302 353
1303 355
1304 351
1305 357
1306 364
1307 361
1308 355
1309 362
1310 360
1311 357
1312 354
1313 355
1314 354
1315 356
1316 347
1317 356
1318 351
1319 354
1320 351
1321 359
1322 358
1323 363
1324 355
1325 357
1326 353
1327 353
1328 358
1329 361
1330 357
1331 370
1332 363
1333 357
1334 367
1335 352
1336 362
1337 351
1338 363
1339 355
1340 351
1341 358
1342 360
1343 352
1344 359
1345 364
1346 361
1347 363
1348 358
1349 359
1350 358
1351 344
1352 355
1353 355
1354 351
1355 352
1356 346
1357 351
1358 352
1359 341
1360 355
1361 351
1362 363
1363 357
1364 355
1365 356
1366 349
1367 352
1368 348
1369 353
1370 358
1371 358
1372 359
1373 351
1374 354
1375 358
1376 358
1377 358
1378 363
1379 356
1380 361
1381 356
1382 348
1383 361
1384 354
1385 353
1386 358
1387 357
1388 364
1389 353
1390 348
1391 354
1392 346
1393 360
1394 353
1395 352
1396 356
1397 353
1398 353
1399 354
1400 363
1401 360
1402 362
1403 349
1404 358
1405 349
1406 358
1407 354
1408 364
1409 356
1410 362
1411 354
1412 360
1413 356
1414 365
1415 360
1416 360
1417 359
1418 359
1419 366
1420 354
1421 350
1422 367
1423 357
1424 356
1425 356
1426 359
1427 356
1428 355
1429 356
1430 360
1431 359
1432 355
1433 354
1434 353
1435 352
1436 367
1437 358
1438 362
1439 354
1440 358
1441 358
1442 363
1443 363
1444 359
1445 351
1446 358
1447 356
1448 363
1449 363
1450 360
1451 355
1452 354
1453 366
1454 357
1455 355
1456 356
1457 358
1458 356
1459 360
1460 351
1461 351
1462 361
1463 351
1464 351
1465 359
1466 351
1467 349
1468 347
1469 348
1470 350
1471 356
1472 349
1473 363
1474 348
1475 353
1476 354
1477 358
1478 354
1479 345
1480 351
1481 354
1482 346
1483 338
1484 352
1485 347
1486 351
1487 353
1488 355
1489 352
1490 350
1491 352
1492 349
1493 352
1494 347
1495 348
1496 356
1497 352
1498 351
1499 353
1500 343
1501 349
1502 347
1503 338
1504 338
1505 341
1506 345
1507 348
1508 345
1509 342
1510 354
1511 344
1512 351
1513 353
1514 347
1515 344
1516 351
1517 355
1518 349
1519 339
1520 348
1521 344
1522 345
1523 353
1524 348
1525 357
1526 349
1527 345
1528 342
1529 352
1530 343
1531 344
1532 353
1533 350
1534 344
1535 355
1536 348
1537 348
1538 350
1539 352
1540 347
1541 346
1542 349
1543 354
1544 343
1545 347
1546 346
1547 352
1548 342
1549 347
1550 338
1551 343
1552 343
1553 345
1554 345
1555 336
1556 343
1557 333
1558 344
1559 346
1560 351
1561 339
1562 334
1563 355
1564 337
1565 340
1566 350
1567 345
1568 344
1569 352
1570 340
1571 345
1572 345
1573 337
1574 344
1575 335
1576 336
1577 347
1578 349
1579 345
1580 343
1581 345
1582 344
1583 355
1584 355
1585 344
1586 347
1587 347
1588 348
1589 350
1590 352
1591 350
1592 345
1593 351
1594 345
1595 343
1596 348
1597 341
1598 354
1599 366
1600 351
1601 347
1602 353
1603 356
1604 350
1605 355
1606 351
1607 350
1608 351
1609 352
1610 358
1611 356
1612 351
1613 347
1614 350
1615 349
1616 353
1617 347
1618 347
1619 346
1620 354
1621 345
1622 348
1623 345
1624 345
1625 340
1626 344
1627 343
1628 338
1629 339
1630 333
1631 342
1632 338
1633 342
1634 332
1635 340
1636 343
1637 341
1638 339
1639 344
1640 339
1641 332
1642 339
1643 339
1644 342
1645 341
1646 337
1647 345
1648 346
1649 347
1650 336
1651 347
1652 344
1653 343
1654 346
1655 352
1656 336
1657 348
1658 344
1659 341
1660 339
1661 340
1662 328
1663 337
1664 338
1665 337
1666 338
1667 340
1668 343
1669 344
1670 338
1671 344
1672 345
1673 343
1674 343
1675 353
1676 351
1677 343
1678 349
1679 343
1680 342
1681 342
1682 344
1683 345
1684 338
1685 345
1686 339
1687 341
1688 345
1689 335
1690 339
1691 337
1692 342
1693 344
1694 354
1695 346
1696 338
1697 343
1698 360
1699 339
1700 346
1701 346
1702 352
1703 348
1704 356
1705 350
1706 354
1707 358
1708 358
1709 354
1710 355
1711 344
1712 356
1713 349
1714 364
1715 351
1716 351
1717 358
1718 361
1719 361
1720 360
1721 365
1722 355
1723 353
1724 353
1725 357
1726 360
1727 362
1728 367
1729 360
1730 366
1731 355
1732 363
1733 354
1734 360
1735 366
1736 359
1737 362
1738 348
1739 355
1740 353
1741 359
1742 362
1743 356
1744 367
1745 369
1746 367
1747 363
1748 367
1749 359
1750 362
1751 371
1752 367
1753 362
1754 370
1755 362
1756 356
1757 351
1758 356
1759 361
1760 364
1761 356
1762 358
1763 364
1764 364
1765 363
1766 357
1767 357
1768 368
1769 352
1770 364
1771 351
1772 362
1773 356
1774 360
1775 364
1776 365
1777 367
1778 360
1779 367
1780 365
1781 374
1782 350
1783 363
1784 361
1785 365
1786 364
1787 368
1788 363
1789 377
1790 369
1791 362
1792 366
1793 360
1794 362
1795 364
1796 366
1797 367
1798 362
1799 367
1800 366
1801 367
1802 364
1803 368
1804 368
1805 366
1806 370
1807 366
1808 361
1809 363
1810 370
1811 360
1812 365
1813 355
1814 365
1815 367
1816 364
1817 365
1818 370
1819 366
1820 358
1821 370
1822 366
1823 364
1824 368
1825 362
1826 355
1827 370
1828 362
1829 359
1830 360
1831 371
1832 365
1833 366
1834 369
1835 358
1836 362
1837 363
1838 365
1839 359
1840 354
1841 367
1842 360
1843 353
1844 355
1845 355
1846 363
1847 361
1848 351
1849 349
1850 359
1851 357
1852 363
1853 356
1854 357
1855 354
1856 357
1857 351
1858 354
1859 356
1860 346
1861 358
1862 347
1863 339
1864 350
1865 355
1866 352
1867 347
1868 352
1869 349
1870 351
1871 368
1872 353
1873 360
1874 354
1875 348
1876 356
1877 351
1878 345
1879 363
1880 352
1881 341
1882 354
1883 346
1884 346
1885 337
1886 345
1887 333
1888 336
1889 339
1890 346
1891 337
1892 336
1893 346
1894 342
1895 349
1896 348
1897 341
1898 337
1899 344
1900 340
1901 343
1902 339
1903 347
1904 344
1905 338
1906 339
1907 343
1908 344
1909 349
1910 349
1911 342
1912 338
1913 339
1914 346
1915 341
1916 335
1917 338
1918 349
1919 352
1920 351
1921 346
1922 346
1923 343
1924 343
1925 357
1926 349
1927 354
1928 343
1929 355
1930 354
1931 365
1932 352
1933 356
1934 364
1935 354
1936 359
1937 357
1938 351
1939 355
1940 353
1941 353
1942 355
1943 361
1944 356
1945 351
1946 353
1947 353
1948 354
1949 353
1950 351
1951 363
1952 357
1953 361
1954 354
1955 356
1956 355
1957 364
1958 368
1959 364
1960 369
1961 373
1962 364
1963 365
1964 365
1965 368
1966 362
1967 370
1968 371
1969 366
1970 367
1971 364
1972 372
1973 367
1974 353
1975 357
1976 340
1977 349
1978 351
1979 355
1980 348
1981 364
1982 351
1983 352
1984 355
1985 355
1986 352
1987 353
1988 355
1989 360
1990 346
1991 352
1992 358
1993 353
1994 349
1995 361
1996 352
1997 352
1998 347
1999 347
2000 347
2001 339
2002 334
2003 337
2004 332
2005 349
2006 340
2007 341
2008 337
2009 341
2010 350
2011 351
2012 356
2013 349
2014 349
2015 344
2016 345
2017 342
2018 347
2019 343
2020 340
2021 329
2022 341
2023 342
2024 344
2025 336
2026 352
2027 339
2028 338
2029 342
2030 346
2031 343
2032 342
2033 347
2034 340
2035 341
2036 349
2037 345
2038 336
2039 335
2040 331
2041 337
2042 332
2043 338
2044 339
2045 338
2046 340
2047 340
2048 351
2049 357
2050 350
2051 348
2052 350
2053 345
2054 348
2055 346
2056 351
2057 341
2058 342
2059 336
2060 343
2061 341
2062 354
2063 345
2064 345
2065 345
2066 341
2067 344
2068 337
2069 345
2070 337
2071 335
2072 334
2073 341
2074 338
2075 338
2076 339
2077 333
2078 351
2079 344
2080 342
2081 347
2082 342
2083 345
2084 348
2085 345
2086 345
2087 337
2088 342
2089 343
2090 346
2091 342
2092 329
2093 348
2094 337
2095 341
2096 340
2097 347
2098 338
2099 341
2100 340
2101 346
2102 340
2103 358
2104 357
2105 348
2106 346
2107 354
2108 350
2109 348
2110 343
2111 357
2112 364
2113 354
2114 353
2115 345
2116 350
2117 353
2118 352
2119 359
2120 358
2121 362
2122 361
2123 350
2124 355
2125 352
2126 358
2127 354
2128 354
2129 351
2130 344
2131 351
2132 368
2133 373
2134 347
2135 345
2136 345
2137 345
2138 344
2139 348
2140 351
2141 342
2142 338
2143 335
2144 336
2145 342
2146 348
2147 340
2148 346
2149 359
2150 349
2151 347
2152 348
2153 348
2154 343
2155 352
2156 358
2157 349
2158 362
2159 362
2160 364
2161 345
2162 350
2163 345
2164 348
2165 363
2166 355
2167 361
2168 352
2169 370
2170 368
2171 357
2172 359
2173 357
2174 362
2175 362
2176 365
2177 355
2178 361
2179 357
2180 356
2181 354
2182 359
2183 365
2184 355
2185 360
2186 363
2187 359
2188 357
2189 368
2190 363
2191 357
2192 357
2193 359
2194 360
2195 360
2196 360
2197 371
2198 362
2199 361
2200 361
2201 364
2202 360
2203 353
2204 350
2205 358
2206 354
2207 350
2208 357
2209 345
2210 349
2211 342
2212 349
2213 353
2214 350
2215 353
2216 353
2217 356
2218 358
2219 347
2220 356
2221 362
2222 363
2223 345
2224 339
2225 351
2226 342
2227 358
2228 353
2229 363
2230 361
2231 357
2232 359
2233 359
2234 365
2235 355
2236 360
2237 353
2238 344
2239 352
2240 359
2241 355
2242 354
2243 348
2244 353
2245 353
2246 364
2247 354
2248 361
2249 360
2250 355
2251 354
2252 358
2253 357
2254 357
2255 351
2256 357
2257 359
2258 357
2259 354
2260 362
2261 359
2262 358
2263 356
2264 350
2265 356
2266 353
2267 354
2268 360
2269 357
2270 352
2271 350
2272 353
2273 353
2274 350
2275 351
2276 360
2277 356
2278 354
2279 356
2280 349
2281 348
2282 347
2283 352
2284 357
2285 354
2286 350
2287 344
2288 356
2289 361
2290 359
2291 346
2292 359
2293 361
2294 357
2295 349
2296 349
2297 353
2298 359
2299 358
2300 347
2301 351
2302 350
2303 343
2304 349
2305 350
2306 341
2307 359
2308 355
2309 352
2310 350
2311 352
2312 350
2313 355
2314 357
2315 341
2316 350
2317 349
2318 342
2319 359
2320 362
2321 354
2322 350
2323 351
2324 345
2325 348
2326 343
2327 353
2328 346
2329 349
2330 355
2331 352
2332 345
2333 354
2334 343
2335 355
2336 360
2337 347
2338 353
2339 342
2340 359
2341 345
2342 355
2343 349
2344 343
2345 344
2346 357
2347 355
2348 350
2349 356
2350 353
2351 346
2352 355
2353 352
2354 356
2355 352
2356 355
2357 353
2358 361
2359 358
2360 356
2361 347
2362 353
2363 363
2364 361
2365 351
2366 342
2367 344
2368 352
2369 358
2370 352
2371 357
2372 366
2373 361
2374 354
2375 356
2376 349
2377 358
2378 357
2379 366
2380 373
2381 366
2382 364
2383 360
2384 367
2385 365
2386 358
2387 357
2388 352
2389 350
2390 347
2391 352
2392 357
2393 361
2394 362
2395 357
2396 355
2397 359
2398 357
2399 369
2400 356
2401 366
2402 362
2403 358
2404 356
2405 354
2406 353
2407 357
2408 364
2409 351
2410 355
2411 356
2412 362
2413 357
2414 353
2415 360
2416 368
2417 355
2418 358
2419 369
2420 356
2421 357
2422 360
2423 356
2424 357
2425 363
2426 357
2427 366
2428 368
2429 360
2430 361
2431 355
2432 366
2433 361
2434 364
2435 356
2436 358
2437 359
2438 359
2439 366
2440 355
2441 352
2442 364
2443 349
2444 361
2445 356
2446 350
2447 355
2448 348
2449 352
2450 357
2451 357
2452 361
2453 354
2454 362
2455 365
2456 358
2457 352
2458 368
2459 355
2460 356
2461 348
2462 358
2463 357
2464 352
2465 345
2466 360
2467 350
2468 355
2469 341
2470 343
2471 359
2472 352
2473 351
2474 357
2475 354
2476 356
2477 352
2478 358
2479 353
2480 357
2481 362
2482 359
2483 361
2484 355
2485 363
2486 350
2487 352
2488 353
2489 356
2490 351
2491 357
2492 358
2493 360
2494 357
2495 359
2496 361
2497 362
2498 354
2499 356
2500 355
2501 355
2502 352
2503 357
2504 356
2505 354
2506 348
2507 345
2508 350
2509 348
2510 356
2511 352
2512 342
2513 347
2514 351
2515 354
2516 352
2517 359
2518 357
2519 358
2520 351
2521 356
2522 354
2523 354
2524 361
2525 359
2526 360
2527 351
2528 365
2529 361
2530 359
2531 354
2532 357
2533 370
2534 365
2535 358
2536 370
2537 349
2538 359
2539 352
2540 368
2541 359
2542 349
2543 347
2544 347
2545 349
2546 347
2547 354
2548 353
2549 362
2550 355
2551 360
2552 354
2553 359
2554 356
2555 348
2556 359
2557 359
2558 358
2559 353
2560 354
2561 357
2562 346
2563 361
2564 357
2565 354
2566 354
2567 364
2568 349
2569 360
2570 357
2571 354
2572 351
2573 353
2574 354
2575 346
2576 357
2577 356
2578 359
2579 355
2580 357
2581 363
2582 353
2583 357
2584 357
2585 353
2586 342
2587 357
2588 348
2589 356
2590 344
2591 349
2592 357
2593 357
2594 359
2595 356
2596 347
2597 349
2598 352
2599 353
2600 350
2601 353
2602 357
2603 352
2604 361
2605 359
2606 356
2607 363
2608 359
2609 350
2610 355
2611 357
2612 359
2613 355
2614 357
2615 355
2616 362
2617 360
2618 357
2619 360
2620 363
2621 366
2622 367
2623 368
2624 370
2625 364
2626 364
2627 361
2628 351
2629 371
2630 359
2631 363
2632 356
2633 356
2634 356
2635 360
2636 364
2637 370
2638 363
2639 369
2640 368
2641 363
2642 372
2643 361
2644 369
2645 357
2646 368
2647 369
2648 364
2649 371
2650 370
2651 369
2652 365
2653 365
2654 370
2655 364
2656 363
2657 360
2658 362
2659 363
2660 364
2661 362
2662 358
2663 363
2664 357
2665 360
2666 367
2667 363
2668 363
2669 361
2670 361
2671 350
2672 348
2673 357
2674 355
2675 344
2676 352
2677 349
2678 353
2679 341
2680 353
2681 353
2682 348
2683 348
2684 354
2685 354
2686 355
2687 360
2688 356
2689 353
2690 364
2691 356
2692 360
2693 365
2694 358
2695 361
2696 353
2697 347
2698 355
2699 357
2700 360
2701 362
2702 358
2703 356
2704 361
2705 363
2706 355
2707 362
2708 355
2709 349
2710 356
2711 353
2712 356
2713 360
2714 350
2715 344
2716 354
2717 349
2718 349
2719 349
2720 352
2721 351
2722 351
2723 347
2724 356
2725 354
2726 354
2727 352
2728 356
2729 357
2730 356
2731 354
2732 355
2733 356
2734 352
2735 355
2736 356
2737 356
2738 357
2739 351
2740 353
2741 356
2742 356
2743 351
2744 349
2745 343
2746 339
2747 341
2748 343
2749 351
2750 351
2751 354
2752 345
2753 349
2754 349
2755 353
2756 345
2757 354
2758 350
2759 349
2760 353
2761 354
2762 352
2763 351
2764 354
2765 355
2766 345
2767 358
2768 346
2769 347
2770 345
2771 351
2772 348
2773 353
2774 354
2775 356
2776 353
2777 356
2778 360
2779 351
2780 350
2781 350
2782 347
2783 355
2784 353
2785 353
2786 354
2787 352
2788 348
2789 356
2790 341
2791 345
2792 348
2793 360
2794 369
2795 356
2796 349
2797 355
2798 351
2799 346
2800 353
2801 353
2802 352
2803 354
2804 356
2805 357
2806 349
2807 354
2808 355
2809 354
2810 356
2811 360
2812 349
2813 355
2814 356
2815 351
2816 351
2817 356
2818 361
2819 367
2820 361
2821 358
2822 357
2823 352
2824 349
2825 350
2826 352
2827 361
2828 347
2829 351
2830 355
2831 360
2832 353
2833 359
2834 355
2835 359
2836 358
2837 345
2838 353
2839 359
2840 346
2841 357
2842 347
2843 350
2844 343
2845 347
2846 346
2847 346
2848 354
2849 353
2850 360
2851 350
2852 356
2853 349
2854 344
2855 354
2856 356
2857 355
2858 350
2859 350
2860 358
2861 361
2862 351
2863 352
2864 355
2865 354
2866 357
2867 354
2868 353
2869 358
2870 357
2871 354
2872 364
2873 354
2874 355
2875 349
2876 350
2877 356
2878 348
2879 359
2880 350
2881 359
2882 356
2883 360
2884 346
2885 348
2886 352
2887 353
2888 353
2889 352
2890 354
2891 356
2892 352
2893 360
2894 362
2895 346
2896 348
2897 361
2898 356
2899 348
2900 353
2901 353
2902 354
2903 355
2904 347
2905 345
2906 357
2907 348
2908 346
2909 346
2910 348
2911 345
2912 351
2913 348
2914 346
2915 348
2916 340
2917 334
2918 337
2919 346
2920 337
2921 349
2922 339
2923 351
2924 342
2925 343
2926 341
2927 345
2928 350
2929 353
2930 354
2931 355
2932 357
2933 347
2934 347
2935 351
2936 355
2937 351
2938 360
2939 356
2940 361
2941 347
2942 340
2943 340
2944 346
2945 344
2946 344
2947 347
2948 344
2949 342
2950 346
2951 350
2952 360
2953 355
2954 350
2955 353
2956 352
2957 354
2958 349
2959 352
2960 347
2961 350
2962 354
2963 352
2964 352
2965 357
2966 349
2967 350
2968 348
2969 354
2970 349
2971 353
2972 352
2973 350
2974 351
2975 351
2976 343
2977 353
2978 356
2979 354
2980 352
2981 355
2982 354
2983 355
2984 349
2985 354
2986 351
2987 354
2988 350
2989 346
2990 351
2991 350
2992 351
2993 340
2994 349
2995 354
2996 355
2997 346
2998 344
2999 352
3000 343
3001 351
3002 348
3003 351
3004 352
3005 347
3006 345
3007 355
3008 344
3009 346
3010 349
3011 346
3012 344
3013 350
3014 349
3015 344
3016 351
3017 347
3018 339
3019 341
3020 347
3021 344
3022 349
3023 344
3024 351
3025 347
3026 342
3027 339
3028 343
3029 347
3030 351
3031 348
3032 348
3033 341
3034 343
3035 338
3036 344
3037 340
3038 346
3039 348
3040 352
3041 339
3042 347
3043 341
3044 345
3045 343
3046 352
3047 345
3048 352
3049 350
3050 346
3051 351
3052 351
3053 347
3054 339
3055 353
3056 354
3057 344
3058 346
3059 348
3060 346
3061 350
3062 343
3063 346
3064 346
3065 341
3066 338
3067 343
3068 347
3069 344
3070 338
3071 349
3072 346
3073 350
3074 347
3075 340
3076 345
3077 346
3078 343
3079 339
3080 334
3081 354
3082 336
3083 350
3084 343
3085 352
3086 348
3087 352
3088 345
3089 353
3090 348
3091 355
3092 346
3093 350
3094 348
3095 347
3096 347
3097 351
3098 351
3099 352
3100 352
3101 345
3102 348
3103 345
3104 358
3105 349
3106 340
3107 344
3108 346
3109 353
3110 355
3111 347
3112 355
3113 345
3114 344
3115 352
3116 350
3117 335
3118 358
3119 354
3120 355
3121 352
3122 354
3123 349
3124 352
3125 354
3126 345
3127 353
3128 349
3129 354
3130 353
3131 352
3132 344
3133 349
3134 347
3135 349
3136 344
3137 330
3138 343
3139 345
3140 340
3141 342
3142 340
3143 337
3144 344
3145 350
3146 341
3147 339
3148 346
3149 350
3150 347
3151 350
3152 340
3153 345
3154 344
3155 341
3156 338
3157 342
3158 337
3159 342
3160 350
3161 342
3162 349
3163 345
3164 345
3165 351
3166 346
3167 348
3168 356
3169 352
3170 357
3171 364
3172 361
3173 354
3174 357
3175 354
3176 360
3177 371
3178 356
3179 370
3180 377
3181 369
3182 373
3183 370
3184 367
3185 373
3186 370
3187 375
3188 366
3189 366
3190 366
3191 365
3192 361
3193 361
3194 371
3195 374
3196 376
3197 375
3198 372
3199 373
3200 369
3201 368
3202 370
3203 370
3204 376
3205 366
3206 368
3207 372
3208 372
3209 369
3210 368
3211 368
3212 372
3213 373
3214 371
3215 369
3216 370
3217 369
3218 366
3219 373
3220 363
3221 364
3222 367
3223 366
3224 376
3225 367
3226 363
3227 364
3228 369
3229 362
3230 355
3231 366
3232 370
3233 368
3234 367
3235 372
3236 369
3237 377
3238 369
3239 366
3240 372
3241 367
3242 363
3243 366
3244 367
3245 362
3246 358
3247 352
3248 354
3249 351
3250 354
3251 350
3252 356
3253 352
3254 346
3255 348
3256 343
3257 342
3258 350
3259 343
3260 353
3261 345
3262 348
3263 347
3264 344
3265 339
3266 345
3267 342
3268 351
3269 349
3270 338
3271 347
3272 338
3273 347
3274 349
3275 354
3276 346
3277 358
3278 355
3279 347
3280 349
3281 355
3282 349
3283 344
3284 351
3285 349
3286 354
3287 339
3288 338
3289 347
3290 345
3291 345
3292 346
3293 352
3294 344
3295 347
3296 351
3297 355
3298 365
3299 356
3300 352
3301 357
3302 361
3303 361
3304 359
3305 351
3306 352
3307 354
3308 357
3309 359
3310 365
3311 357
3312 356
3313 349
3314 352
3315 352
3316 346
3317 356
3318 350
3319 356
3320 354
3321 365
3322 347
3323 366
3324 360
3325 358
3326 347
3327 351
3328 357
3329 354
3330 360
3331 348
3332 361
3333 351
3334 349
3335 368
3336 359
3337 352
3338 348
3339 353
3340 359
3341 358
3342 358
3343 353
3344 356
3345 363
3346 356
3347 358
3348 357
3349 348
3350 358
3351 351
3352 352
3353 352
3354 353
3355 344
3356 354
3357 349
3358 361
3359 355
3360 361
3361 366
3362 362
3363 375
3364 373
3365 361
3366 374
3367 361
3368 364
3369 365
3370 368
3371 360
3372 374
3373 372
3374 373
3375 358
3376 363
3377 374
3378 369
3379 363
3380 359
3381 361
3382 361
3383 363
3384 364
3385 354
3386 359
3387 364
3388 362
3389 355
3390 356
3391 357
3392 358
3393 363
3394 353
3395 356
3396 369
3397 358
3398 361
3399 365
3400 361
3401 366
3402 352
3403 359
3404 355
3405 357
3406 349
3407 352
3408 353
3409 356
3410 362
3411 363
3412 357
3413 366
3414 359
3415 356
3416 353
3417 356
3418 353
3419 362
3420 361
3421 354
3422 352
3423 353
3424 359
3425 354
3426 356
3427 350
3428 351
3429 352
3430 361
3431 364
3432 359
3433 357
3434 354
3435 349
3436 359
3437 358
3438 353
3439 363
3440 357
3441 348
3442 368
3443 361
3444 354
3445 353
3446 348
3447 354
3448 349
3449 352
3450 364
3451 359
3452 365
3453 351
3454 360
3455 359
3456 355
3457 353
3458 357
3459 370
3460 347
3461 352
3462 358
3463 367
3464 365
3465 350
3466 363
3467 357
3468 364
3469 359
3470 350
3471 356
3472 348
3473 355
3474 362
3475 349
3476 357
3477 352
3478 353
3479 356
3480 343
3481 338
3482 348
3483 345
3484 355
3485 333
3486 339
3487 350
3488 349
3489 355
3490 360
3491 364
3492 346
3493 356
3494 356
3495 349
3496 348
3497 359
3498 358
3499 349
3500 352
3501 337
3502 351
3503 351
3504 353
3505 350
3506 355
3507 353
3508 348
3509 355
3510 353
3511 354
3512 354
3513 353
3514 356
3515 353
3516 354
3517 368
3518 360
3519 357
3520 355
3521 360
3522 364
3523 357
3524 349
3525 371
3526 361
3527 361
3528 354
3529 356
3530 361
3531 352
3532 357
3533 368
3534 352
3535 360
3536 358
3537 357
3538 364
3539 363
3540 362
3541 351
3542 357
3543 352
3544 358
3545 347
3546 360
3547 355
3548 349
3549 352
3550 349
3551 351
3552 352
3553 355
3554 358
3555 356
3556 356
3557 352
3558 364
3559 362
3560 345
3561 354
3562 350
3563 349
3564 345
3565 353
3566 344
3567 347
3568 352
3569 358
3570 352
3571 356
3572 356
3573 356
3574 346
3575 357
3576 352
3577 354
3578 353
3579 343
3580 363
3581 355
3582 356
3583 354
3584 357
3585 359
3586 355
3587 356
3588 360
3589 358
3590 348
3591 353
3592 358
3593 358
3594 354
3595 351
3596 346
3597 352
3598 353
3599 357
3600 355
3601 356
3602 357
3603 360
3604 355
3605 359
3606 351
3607 349
3608 363
3609 356
3610 354
3611 361
3612 350
3613 354
3614 362
3615 366
3616 360
3617 351
3618 358
3619 363
3620 360
3621 368
3622 347
3623 354
3624 358
3625 357
3626 357
3627 355
3628 353
3629 365
3630 357
3631 349
3632 354
3633 349
3634 341
3635 354
3636 349
3637 352
3638 347
3639 348
3640 344
3641 349
3642 352
3643 359
3644 358
3645 357
3646 348
3647 350
3648 339
3649 340
3650 338
3651 350
3652 348
3653 344
3654 352
3655 347
3656 347
3657 353
3658 346
3659 350
3660 347
3661 355
3662 350
3663 359
3664 350
3665 354
3666 360
3667 349
3668 341
3669 354
3670 360
3671 352
3672 348
3673 346
3674 353
3675 350
3676 345
3677 343
3678 348
3679 348
3680 348
3681 359
3682 353
3683 345
3684 361
3685 349
3686 340
3687 346
3688 344
3689 349
3690 356
3691 363
3692 354
3693 361
3694 348
3695 356
3696 354
3697 350
3698 353
3699 359
3700 356
3701 354
3702 353
3703 354
3704 346
3705 351
3706 355
3707 353
3708 348
3709 346
3710 353
3711 346
3712 357
3713 347
3714 360
3715 353
3716 361
3717 363
3718 361
3719 358
3720 359
3721 366
3722 356
3723 360
3724 352
3725 353
3726 355
3727 356
3728 359
3729 353
3730 357
3731 355
3732 353
3733 370
3734 350
3735 358
3736 352
3737 345
3738 363
3739 368
3740 359
3741 359
3742 357
3743 363
3744 371
3745 354
3746 365
3747 360
3748 361
3749 357
3750 366
3751 358
3752 365
3753 359
3754 360
3755 358
3756 360
3757 356
3758 359
3759 355
3760 358
3761 364
3762 358
3763 352
3764 355
3765 351
3766 358
3767 360
3768 364
3769 360
3770 348
3771 350
3772 354
3773 355
3774 352
3775 346
3776 353
3777 355
3778 354
3779 355
3780 359
3781 348
3782 349
3783 352
3784 346
3785 349
3786 350
3787 360
3788 358
3789 360
3790 352
3791 359
3792 358
3793 356
3794 366
3795 356
3796 356
3797 358
3798 350
3799 355
3800 361
3801 358
3802 354
3803 353
3804 359
3805 353
3806 352
3807 354
3808 354
3809 357
3810 349
3811 355
3812 355
3813 353
3814 356
3815 356
3816 360
3817 354
3818 364
3819 361
3820 357
3821 363
3822 356
3823 362
3824 358
3825 360
3826 357
3827 360
3828 357
3829 374
3830 360
3831 362
3832 368
3833 360
3834 365
3835 368
3836 370
3837 376
3838 377
3839 364
3840 364
3841 356
3842 364
3843 362
3844 369
3845 361
3846 366
3847 364
3848 361
3849 370
3850 366
3851 359
3852 360
3853 360
3854 365
3855 362
3856 362
3857 369
3858 366
3859 358
3860 368
3861 364
3862 374
3863 364
3864 368
3865 375
3866 360
3867 362
3868 367
3869 361
3870 363
3871 365
3872 370
3873 361
3874 371
3875 362
3876 356
3877 353
3878 370
3879 357
3880 369
3881 357
3882 358
3883 352
3884 355
3885 356
3886 363
3887 352
3888 358
3889 359
3890 352
3891 348
3892 352
3893 349
3894 348
3895 356
3896 347
3897 359
3898 349
3899 352
3900 360
3901 360
3902 361
3903 355
3904 361
3905 363
3906 359
3907 355
3908 365
3909 357
3910 358
3911 352
3912 362
3913 363
3914 363
3915 363
3916 352
3917 352
3918 364
3919 359
3920 353
3921 356
3922 356
3923 360
3924 357
3925 359
3926 355
3927 363
3928 363
3929 358
3930 355
3931 358
3932 361
3933 362
3934 367
3935 359
3936 361
3937 362
3938 356
3939 361
3940 357
3941 358
3942 362
3943 362
3944 357
3945 350
3946 357
3947 359
3948 353
3949 354
3950 357
3951 361
3952 354
3953 350
3954 359
3955 365
3956 356
3957 355
3958 358
3959 362
3960 357
3961 355
3962 358
3963 355
3964 353
3965 355
3966 353
3967 354
3968 356
3969 349
3970 360
3971 357
3972 356
3973 358
3974 366
3975 349
3976 357
3977 346
3978 353
3979 353
3980 348
3981 351
3982 355
3983 347
3984 358
3985 359
3986 357
3987 361
3988 367
