200.00000000000000000000   14
200.10000000000000000000   11
200.20000000000000000000   16
200.30000000000000000000   13
200.40000000000000000000   18
200.50000000000000000000   15
200.60000000000000000000   15
200.70000000000000000000   17
200.80000000000000000000   17
200.90000000000000000000   16
201.00000000000000000000   14
201.10000000000000000000   14
201.20000000000000000000   15
201.30000000000000000000   16
201.40000000000000000000   16
201.50000000000000000000   18
201.60000000000000000000   13
201.70000000000000000000   14
201.80000000000000000000   14
201.90000000000000000000   16
202.00000000000000000000   16
202.10000000000000000000   15
202.20000000000000000000   20
202.30000000000000000000   13
202.40000000000000000000   20
202.50000000000000000000   19
202.60000000000000000000   14
202.70000000000000000000   20
202.80000000000000000000   14
202.90000000000000000000   17
203.00000000000000000000   16
203.10000000000000000000   17
203.20000000000000000000   17
203.30000000000000000000   17
203.40000000000000000000   15
203.50000000000000000000   13
203.60000000000000000000   14
203.70000000000000000000   15
203.80000000000000000000   15
203.90000000000000000000   13
204.00000000000000000000   14
204.10000000000000000000   13
204.20000000000000000000   12
204.30000000000000000000   15
204.40000000000000000000   18
204.50000000000000000000   16
204.60000000000000000000   17
204.70000000000000000000   17
204.80000000000000000000   17
204.90000000000000000000   12
205.00000000000000000000   18
205.10000000000000000000   16
205.20000000000000000000   15
205.30000000000000000000   16
205.40000000000000000000   17
205.50000000000000000000   19
205.60000000000000000000   14
205.70000000000000000000   17
205.80000000000000000000   16
205.90000000000000000000   16
206.00000000000000000000   17
206.10000000000000000000   14
206.20000000000000000000   14
206.30000000000000000000   17
206.40000000000000000000   14
206.50000000000000000000   14
206.60000000000000000000   13
206.70000000000000000000   17
206.80000000000000000000   13
206.90000000000000000000   14
207.00000000000000000000   18
207.10000000000000000000   18
207.20000000000000000000   15
207.30000000000000000000   13
207.40000000000000000000   14
207.50000000000000000000   13
207.60000000000000000000   11
207.70000000000000000000   13
207.80000000000000000000   10
207.90000000000000000000   13
208.00000000000000000000   14
208.10000000000000000000   9
208.20000000000000000000   10
208.30000000000000000000   8
208.40000000000000000000   5
208.50000000000000000000   7
208.60000000000000000000   13
208.70000000000000000000   8
208.80000000000000000000   8
208.90000000000000000000   9
209.00000000000000000000   10
209.10000000000000000000   10
209.20000000000000000000   8
209.30000000000000000000   6
209.40000000000000000000   10
209.50000000000000000000   10
209.60000000000000000000   8
209.70000000000000000000   9
209.80000000000000000000   12
209.90000000000000000000   14
210.00000000000000000000   12
210.10000000000000000000   12
210.20000000000000000000   16
210.30000000000000000000   12
210.40000000000000000000   9
210.50000000000000000000   11
210.60000000000000000000   14
210.70000000000000000000   13
210.80000000000000000000   11
210.90000000000000000000   14
211.00000000000000000000   9
211.10000000000000000000   15
211.20000000000000000000   16
211.30000000000000000000   9
211.40000000000000000000   7
211.50000000000000000000   11
211.60000000000000000000   11
211.70000000000000000000   5
211.80000000000000000000   11
211.90000000000000000000   11
212.00000000000000000000   12
212.10000000000000000000   9
212.20000000000000000000   11
212.30000000000000000000   12
212.40000000000000000000   15
212.50000000000000000000   9
212.60000000000000000000   10
212.70000000000000000000   10
212.80000000000000000000   9
212.90000000000000000000   9
213.00000000000000000000   11
213.10000000000000000000   12
213.20000000000000000000   10
213.30000000000000000000   13
213.40000000000000000000   12
213.50000000000000000000   14
213.60000000000000000000   13
213.70000000000000000000   17
213.80000000000000000000   12
213.90000000000000000000   14
214.00000000000000000000   11
214.10000000000000000000   13
214.20000000000000000000   7
214.30000000000000000000   13
214.40000000000000000000   9
214.50000000000000000000   8
214.60000000000000000000   9
214.70000000000000000000   4
214.80000000000000000000   8
214.90000000000000000000   6
215.00000000000000000000   4
215.10000000000000000000   8
215.20000000000000000000   4
215.30000000000000000000   8
215.40000000000000000000   8
215.50000000000000000000   6
215.60000000000000000000   6
215.70000000000000000000   7
215.80000000000000000000   7
215.90000000000000000000   10
216.00000000000000000000   13
216.10000000000000000000   16
216.20000000000000000000   15
216.30000000000000000000   11
216.40000000000000000000   16
216.50000000000000000000   16
216.60000000000000000000   16
216.70000000000000000000   16
216.80000000000000000000   18
216.90000000000000000000   16
217.00000000000000000000   13
217.10000000000000000000   11
217.20000000000000000000   10
217.30000000000000000000   12
217.40000000000000000000   10
217.50000000000000000000   12
217.60000000000000000000   13
217.70000000000000000000   13
217.80000000000000000000   12
217.90000000000000000000   15
218.00000000000000000000   10
218.10000000000000000000   14
218.20000000000000000000   13
218.30000000000000000000   9
218.40000000000000000000   12
218.50000000000000000000   14
218.60000000000000000000   14
218.70000000000000000000   14
218.80000000000000000000   16
218.90000000000000000000   15
219.00000000000000000000   13
219.10000000000000000000   11
219.20000000000000000000   16
219.30000000000000000000   13
219.40000000000000000000   12
219.50000000000000000000   14
219.60000000000000000000   12
219.70000000000000000000   12
219.80000000000000000000   12
219.90000000000000000000   12
220.00000000000000000000   13
220.10000000000000000000   12
220.20000000000000000000   15
220.30000000000000000000   9
220.40000000000000000000   9
220.50000000000000000000   8
220.60000000000000000000   14
220.70000000000000000000   12
220.80000000000000000000   9
220.90000000000000000000   7
221.00000000000000000000   8
221.10000000000000000000   11
221.20000000000000000000   13
221.30000000000000000000   9
221.40000000000000000000   12
221.50000000000000000000   14
221.60000000000000000000   14
221.70000000000000000000   12
221.80000000000000000000   12
221.90000000000000000000   12
222.00000000000000000000   10
222.10000000000000000000   11
222.20000000000000000000   13
222.30000000000000000000   8
222.40000000000000000000   11
222.50000000000000000000   10
222.60000000000000000000   6
222.70000000000000000000   10
222.80000000000000000000   12
222.90000000000000000000   9
223.00000000000000000000   6
223.10000000000000000000   11
223.20000000000000000000   8
223.30000000000000000000   8
223.40000000000000000000   12
223.50000000000000000000   10
223.60000000000000000000   11
223.70000000000000000000   8
223.80000000000000000000   12
223.90000000000000000000   11
224.00000000000000000000   7
224.10000000000000000000   9
224.20000000000000000000   5
224.30000000000000000000   9
224.40000000000000000000   11
224.50000000000000000000   14
224.60000000000000000000   17
224.70000000000000000000   14
224.80000000000000000000   17
224.90000000000000000000   18
225.00000000000000000000   16
225.10000000000000000000   15
225.20000000000000000000   17
225.30000000000000000000   15
225.40000000000000000000   14
225.50000000000000000000   13
225.60000000000000000000   14
225.70000000000000000000   17
225.80000000000000000000   23
225.90000000000000000000   19
226.00000000000000000000   15
226.10000000000000000000   15
226.20000000000000000000   13
226.30000000000000000000   13
226.40000000000000000000   13
226.50000000000000000000   12
226.60000000000000000000   9
226.70000000000000000000   13
226.80000000000000000000   13
226.90000000000000000000   8
227.00000000000000000000   11
227.10000000000000000000   9
227.20000000000000000000   15
227.30000000000000000000   11
227.40000000000000000000   13
227.50000000000000000000   10
227.60000000000000000000   9
227.70000000000000000000   10
227.80000000000000000000   11
227.90000000000000000000   13
228.00000000000000000000   8
228.10000000000000000000   10
228.20000000000000000000   10
228.30000000000000000000   7
228.40000000000000000000   13
228.50000000000000000000   9
228.60000000000000000000   12
228.70000000000000000000   10
228.80000000000000000000   12
228.90000000000000000000   11
229.00000000000000000000   13
229.10000000000000000000   16
229.20000000000000000000   13
229.30000000000000000000   14
229.40000000000000000000   15
229.50000000000000000000   10
229.60000000000000000000   10
229.70000000000000000000   7
229.80000000000000000000   9
229.90000000000000000000   11
230.00000000000000000000   7
230.10000000000000000000   3
230.20000000000000000000   8
230.30000000000000000000   11
230.40000000000000000000   10
230.50000000000000000000   13
230.60000000000000000000   14
230.70000000000000000000   12
230.80000000000000000000   12
230.90000000000000000000   16
231.00000000000000000000   15
231.10000000000000000000   17
231.20000000000000000000   17
231.30000000000000000000   19
231.40000000000000000000   18
231.50000000000000000000   17
231.60000000000000000000   18
231.70000000000000000000   16
231.80000000000000000000   19
231.90000000000000000000   19
232.00000000000000000000   18
232.10000000000000000000   18
232.20000000000000000000   21
232.30000000000000000000   20
232.40000000000000000000   17
232.50000000000000000000   22
232.60000000000000000000   20
232.70000000000000000000   23
232.80000000000000000000   24
232.90000000000000000000   20
233.00000000000000000000   20
233.10000000000000000000   17
233.20000000000000000000   16
233.30000000000000000000   12
233.40000000000000000000   12
233.50000000000000000000   11
233.60000000000000000000   12
233.70000000000000000000   9
233.80000000000000000000   9
233.90000000000000000000   11
234.00000000000000000000   16
234.10000000000000000000   13
234.20000000000000000000   15
234.30000000000000000000   15
234.40000000000000000000   17
234.50000000000000000000   15
234.60000000000000000000   13
234.70000000000000000000   17
234.80000000000000000000   14
234.90000000000000000000   14
235.00000000000000000000   13
235.10000000000000000000   16
235.20000000000000000000   16
235.30000000000000000000   16
235.40000000000000000000   20
235.50000000000000000000   25
235.60000000000000000000   20
235.70000000000000000000   17
235.80000000000000000000   14
235.90000000000000000000   16
236.00000000000000000000   15
236.10000000000000000000   19
236.20000000000000000000   20
236.30000000000000000000   18
236.40000000000000000000   19
236.50000000000000000000   20
236.60000000000000000000   16
236.70000000000000000000   16
236.80000000000000000000   19
236.90000000000000000000   15
237.00000000000000000000   17
237.10000000000000000000   19
237.20000000000000000000   16
237.30000000000000000000   16
237.40000000000000000000   15
237.50000000000000000000   17
237.60000000000000000000   16
237.70000000000000000000   15
237.80000000000000000000   17
237.90000000000000000000   13
238.00000000000000000000   17
238.10000000000000000000   18
238.20000000000000000000   18
238.30000000000000000000   14
238.40000000000000000000   15
238.50000000000000000000   20
238.60000000000000000000   14
238.70000000000000000000   14
238.80000000000000000000   14
238.90000000000000000000   17
239.00000000000000000000   15
239.10000000000000000000   16
239.20000000000000000000   13
239.30000000000000000000   11
239.40000000000000000000   19
239.50000000000000000000   18
239.60000000000000000000   22
239.70000000000000000000   14
239.80000000000000000000   19
239.90000000000000000000   18
240.00000000000000000000   15
240.10000000000000000000   13
240.20000000000000000000   16
240.30000000000000000000   14
240.40000000000000000000   14
240.50000000000000000000   13
240.60000000000000000000   13
240.70000000000000000000   15
240.80000000000000000000   15
240.90000000000000000000   14
241.00000000000000000000   12
241.10000000000000000000   14
241.20000000000000000000   12
241.30000000000000000000   15
241.40000000000000000000   20
241.50000000000000000000   17
241.60000000000000000000   16
241.70000000000000000000   20
241.80000000000000000000   17
241.90000000000000000000   21
242.00000000000000000000   21
242.10000000000000000000   18
242.20000000000000000000   24
242.30000000000000000000   21
242.40000000000000000000   16
242.50000000000000000000   20
242.60000000000000000000   18
242.70000000000000000000   21
242.80000000000000000000   16
242.90000000000000000000   24
243.00000000000000000000   22
243.10000000000000000000   25
243.20000000000000000000   25
243.30000000000000000000   22
243.40000000000000000000   21
243.50000000000000000000   22
243.60000000000000000000   27
243.70000000000000000000   23
243.80000000000000000000   25
243.90000000000000000000   22
244.00000000000000000000   22
244.10000000000000000000   24
244.20000000000000000000   19
244.30000000000000000000   22
244.40000000000000000000   17
244.50000000000000000000   24
244.60000000000000000000   21
244.70000000000000000000   19
244.80000000000000000000   25
244.90000000000000000000   22
245.00000000000000000000   23
245.10000000000000000000   21
245.20000000000000000000   20
245.30000000000000000000   14
245.40000000000000000000   18
245.50000000000000000000   21
245.60000000000000000000   19
245.70000000000000000000   20
245.80000000000000000000   16
245.90000000000000000000   21
246.00000000000000000000   20
246.10000000000000000000   20
246.20000000000000000000   20
246.30000000000000000000   18
246.40000000000000000000   18
246.50000000000000000000   17
246.60000000000000000000   16
246.70000000000000000000   22
246.80000000000000000000   23
246.90000000000000000000   21
247.00000000000000000000   21
247.10000000000000000000   23
247.20000000000000000000   21
247.30000000000000000000   18
247.40000000000000000000   17
247.50000000000000000000   17
247.60000000000000000000   17
247.70000000000000000000   19
247.80000000000000000000   16
247.90000000000000000000   25
248.00000000000000000000   21
248.10000000000000000000   19
248.20000000000000000000   21
248.30000000000000000000   25
248.40000000000000000000   27
248.50000000000000000000   25
248.60000000000000000000   28
248.70000000000000000000   22
248.80000000000000000000   24
248.90000000000000000000   20
249.00000000000000000000   23
249.10000000000000000000   23
249.20000000000000000000   20
249.30000000000000000000   26
249.40000000000000000000   20
249.50000000000000000000   19
249.60000000000000000000   18
249.70000000000000000000   19
249.80000000000000000000   19
249.90000000000000000000   22
250.00000000000000000000   24
250.10000000000000000000   26
250.20000000000000000000   24
250.30000000000000000000   28
250.40000000000000000000   23
250.50000000000000000000   27
250.60000000000000000000   23
250.70000000000000000000   22
250.80000000000000000000   25
250.90000000000000000000   25
251.00000000000000000000   26
251.10000000000000000000   21
251.20000000000000000000   23
251.30000000000000000000   23
251.40000000000000000000   18
251.50000000000000000000   22
251.60000000000000000000   22
251.70000000000000000000   19
251.80000000000000000000   18
251.90000000000000000000   21
252.00000000000000000000   23
252.10000000000000000000   20
252.20000000000000000000   17
252.30000000000000000000   17
252.40000000000000000000   21
252.50000000000000000000   18
252.60000000000000000000   16
252.70000000000000000000   17
252.80000000000000000000   17
252.90000000000000000000   18
253.00000000000000000000   18
253.10000000000000000000   18
253.20000000000000000000   18
253.30000000000000000000   18
253.40000000000000000000   14
253.50000000000000000000   16
253.60000000000000000000   18
253.70000000000000000000   12
253.80000000000000000000   16
253.90000000000000000000   16
254.00000000000000000000   16
254.10000000000000000000   16
254.20000000000000000000   15
254.30000000000000000000   22
254.40000000000000000000   27
254.50000000000000000000   24
254.60000000000000000000   20
254.70000000000000000000   20
254.80000000000000000000   22
254.90000000000000000000   23
255.00000000000000000000   22
255.10000000000000000000   23
255.20000000000000000000   24
255.30000000000000000000   26
255.40000000000000000000   25
255.50000000000000000000   25
255.60000000000000000000   20
255.70000000000000000000   17
255.80000000000000000000   21
255.90000000000000000000   18
256.00000000000000000000   16
256.10000000000000000000   17
256.20000000000000000000   16
256.30000000000000000000   12
256.40000000000000000000   14
256.50000000000000000000   17
256.60000000000000000000   15
256.70000000000000000000   13
256.80000000000000000000   16
256.90000000000000000000   15
257.00000000000000000000   14
257.10000000000000000000   14
257.20000000000000000000   13
257.30000000000000000000   14
257.40000000000000000000   18
257.50000000000000000000   19
257.60000000000000000000   16
257.70000000000000000000   17
257.80000000000000000000   18
257.90000000000000000000   17
258.00000000000000000000   18
258.10000000000000000000   17
258.20000000000000000000   15
258.30000000000000000000   18
258.40000000000000000000   19
258.50000000000000000000   18
258.60000000000000000000   17
258.70000000000000000000   16
258.80000000000000000000   17
258.90000000000000000000   19
259.00000000000000000000   13
259.10000000000000000000   13
259.20000000000000000000   16
259.30000000000000000000   15
259.40000000000000000000   15
259.50000000000000000000   19
259.60000000000000000000   13
259.70000000000000000000   5
259.80000000000000000000   9
259.90000000000000000000   11
260.00000000000000000000   9
260.10000000000000000000   12
260.20000000000000000000   8
260.30000000000000000000   8
260.40000000000000000000   11
260.50000000000000000000   10
260.60000000000000000000   12
260.70000000000000000000   13
260.80000000000000000000   12
260.90000000000000000000   12
261.00000000000000000000   13
261.10000000000000000000   11
261.20000000000000000000   13
261.30000000000000000000   13
261.40000000000000000000   10
261.50000000000000000000   12
261.60000000000000000000   7
261.70000000000000000000   6
261.80000000000000000000   10
261.90000000000000000000   9
262.00000000000000000000   6
262.10000000000000000000   10
262.20000000000000000000   10
262.30000000000000000000   13
262.40000000000000000000   11
262.50000000000000000000   10
262.60000000000000000000   10
262.70000000000000000000   10
262.80000000000000000000   10
262.90000000000000000000   12
263.00000000000000000000   10
263.10000000000000000000   12
263.20000000000000000000   7
263.30000000000000000000   13
263.40000000000000000000   12
263.50000000000000000000   16
263.60000000000000000000   17
263.70000000000000000000   13
263.80000000000000000000   13
263.90000000000000000000   9
264.00000000000000000000   11
264.10000000000000000000   12
264.20000000000000000000   10
264.30000000000000000000   14
264.40000000000000000000   18
264.50000000000000000000   16
264.60000000000000000000   15
264.70000000000000000000   13
264.80000000000000000000   8
264.90000000000000000000   12
265.00000000000000000000   14
265.10000000000000000000   12
265.20000000000000000000   14
265.30000000000000000000   12
265.40000000000000000000   15
265.50000000000000000000   12
265.60000000000000000000   11
265.70000000000000000000   15
265.80000000000000000000   12
265.90000000000000000000   12
266.00000000000000000000   14
266.10000000000000000000   12
266.20000000000000000000   9
266.30000000000000000000   13
266.40000000000000000000   11
266.50000000000000000000   13
266.60000000000000000000   14
266.70000000000000000000   14
266.80000000000000000000   15
266.90000000000000000000   14
267.00000000000000000000   16
267.10000000000000000000   15
267.20000000000000000000   12
267.30000000000000000000   12
267.40000000000000000000   12
267.50000000000000000000   15
267.60000000000000000000   13
267.70000000000000000000   12
267.80000000000000000000   12
267.90000000000000000000   9
268.00000000000000000000   9
268.10000000000000000000   8
268.20000000000000000000   8
268.30000000000000000000   11
268.40000000000000000000   10
268.50000000000000000000   9
268.60000000000000000000   12
268.70000000000000000000   6
268.80000000000000000000   4
268.90000000000000000000   9
269.00000000000000000000   7
269.10000000000000000000   5
269.20000000000000000000   12
269.30000000000000000000   13
269.40000000000000000000   11
269.50000000000000000000   8
269.60000000000000000000   9
269.70000000000000000000   10
269.80000000000000000000   11
269.90000000000000000000   12
270.00000000000000000000   14
270.10000000000000000000   14
270.20000000000000000000   11
270.30000000000000000000   17
270.40000000000000000000   20
270.50000000000000000000   19
270.60000000000000000000   19
270.70000000000000000000   20
270.80000000000000000000   21
270.90000000000000000000   18
271.00000000000000000000   18
271.10000000000000000000   19
271.20000000000000000000   19
271.30000000000000000000   13
271.40000000000000000000   13
271.50000000000000000000   11
271.60000000000000000000   15
271.70000000000000000000   13
271.80000000000000000000   15
271.90000000000000000000   15
272.00000000000000000000   14
272.10000000000000000000   10
272.20000000000000000000   9
272.30000000000000000000   14
272.40000000000000000000   10
272.50000000000000000000   13
272.60000000000000000000   10
272.70000000000000000000   12
272.80000000000000000000   14
272.90000000000000000000   11
273.00000000000000000000   10
273.10000000000000000000   10
273.20000000000000000000   10
273.30000000000000000000   15
273.40000000000000000000   11
273.50000000000000000000   9
273.60000000000000000000   12
273.70000000000000000000   9
273.80000000000000000000   13
273.90000000000000000000   12
274.00000000000000000000   8
274.10000000000000000000   10
274.20000000000000000000   11
274.30000000000000000000   11
274.40000000000000000000   9
274.50000000000000000000   9
274.60000000000000000000   7
274.70000000000000000000   7
274.80000000000000000000   10
274.90000000000000000000   12
275.00000000000000000000   13
275.10000000000000000000   17
275.20000000000000000000   12
275.30000000000000000000   10
275.40000000000000000000   13
275.50000000000000000000   10
275.60000000000000000000   9
275.70000000000000000000   8
275.80000000000000000000   13
275.90000000000000000000   11
276.00000000000000000000   12
276.10000000000000000000   12
276.20000000000000000000   12
276.30000000000000000000   11
276.40000000000000000000   14
276.50000000000000000000   12
276.60000000000000000000   15
276.70000000000000000000   13
276.80000000000000000000   12
276.90000000000000000000   13
277.00000000000000000000   13
277.10000000000000000000   15
277.20000000000000000000   15
277.30000000000000000000   18
277.40000000000000000000   17
277.50000000000000000000   17
277.60000000000000000000   17
277.70000000000000000000   14
277.80000000000000000000   13
277.90000000000000000000   14
278.00000000000000000000   15
278.10000000000000000000   15
278.20000000000000000000   15
278.30000000000000000000   15
278.40000000000000000000   15
278.50000000000000000000   16
278.60000000000000000000   16
278.70000000000000000000   16
278.80000000000000000000   15
278.90000000000000000000   17
279.00000000000000000000   15
279.10000000000000000000   15
279.20000000000000000000   14
279.30000000000000000000   14
279.40000000000000000000   14
279.50000000000000000000   15
279.60000000000000000000   11
279.70000000000000000000   16
279.80000000000000000000   11
279.90000000000000000000   12
280.00000000000000000000   16
280.10000000000000000000   18
280.20000000000000000000   14
280.30000000000000000000   10
280.40000000000000000000   13
280.50000000000000000000   13
280.60000000000000000000   15
280.70000000000000000000   16
280.80000000000000000000   18
280.90000000000000000000   14
281.00000000000000000000   17
281.10000000000000000000   20
281.20000000000000000000   20
281.30000000000000000000   20
281.40000000000000000000   19
281.50000000000000000000   19
281.60000000000000000000   19
281.70000000000000000000   21
281.80000000000000000000   19
281.90000000000000000000   21
282.00000000000000000000   20
282.10000000000000000000   18
282.20000000000000000000   23
282.30000000000000000000   18
282.40000000000000000000   20
282.50000000000000000000   21
282.60000000000000000000   20
282.70000000000000000000   20
282.80000000000000000000   22
282.90000000000000000000   22
283.00000000000000000000   22
283.10000000000000000000   17
283.20000000000000000000   20
283.30000000000000000000   21
283.40000000000000000000   22
283.50000000000000000000   17
283.60000000000000000000   15
283.70000000000000000000   20
283.80000000000000000000   19
283.90000000000000000000   20
284.00000000000000000000   18
284.10000000000000000000   13
284.20000000000000000000   17
284.30000000000000000000   13
284.40000000000000000000   16
284.50000000000000000000   15
284.60000000000000000000   17
284.70000000000000000000   18
284.80000000000000000000   19
284.90000000000000000000   15
285.00000000000000000000   16
285.10000000000000000000   16
285.20000000000000000000   16
285.30000000000000000000   13
285.40000000000000000000   14
285.50000000000000000000   14
285.60000000000000000000   14
285.70000000000000000000   13
285.80000000000000000000   15
285.90000000000000000000   15
286.00000000000000000000   18
286.10000000000000000000   18
286.20000000000000000000   16
286.30000000000000000000   18
286.40000000000000000000   18
286.50000000000000000000   19
286.60000000000000000000   16
286.70000000000000000000   18
286.80000000000000000000   19
286.90000000000000000000   15
287.00000000000000000000   17
287.10000000000000000000   15
287.20000000000000000000   16
287.30000000000000000000   21
287.40000000000000000000   19
287.50000000000000000000   20
287.60000000000000000000   18
287.70000000000000000000   19
287.80000000000000000000   18
287.90000000000000000000   21
288.00000000000000000000   17
288.10000000000000000000   18
288.20000000000000000000   20
288.30000000000000000000   16
288.40000000000000000000   16
288.50000000000000000000   17
288.60000000000000000000   16
288.70000000000000000000   14
288.80000000000000000000   17
288.90000000000000000000   21
289.00000000000000000000   17
289.10000000000000000000   16
289.20000000000000000000   17
289.30000000000000000000   13
289.40000000000000000000   17
289.50000000000000000000   17
289.60000000000000000000   16
289.70000000000000000000   17
289.80000000000000000000   15
289.90000000000000000000   17
290.00000000000000000000   20
290.10000000000000000000   16
290.20000000000000000000   13
290.30000000000000000000   17
290.40000000000000000000   19
290.50000000000000000000   17
290.60000000000000000000   18
290.70000000000000000000   21
290.80000000000000000000   18
290.90000000000000000000   17
291.00000000000000000000   18
291.10000000000000000000   15
291.20000000000000000000   18
291.30000000000000000000   19
291.40000000000000000000   20
291.50000000000000000000   23
291.60000000000000000000   23
291.70000000000000000000   22
291.80000000000000000000   21
291.90000000000000000000   21
292.00000000000000000000   18
292.10000000000000000000   22
292.20000000000000000000   15
292.30000000000000000000   20
292.40000000000000000000   20
292.50000000000000000000   21
292.60000000000000000000   18
292.70000000000000000000   17
292.80000000000000000000   18
292.90000000000000000000   18
293.00000000000000000000   19
293.10000000000000000000   21
293.20000000000000000000   21
293.30000000000000000000   21
293.40000000000000000000   18
293.50000000000000000000   20
293.60000000000000000000   20
293.70000000000000000000   19
293.80000000000000000000   18
293.90000000000000000000   19
294.00000000000000000000   19
294.10000000000000000000   17
294.20000000000000000000   15
294.30000000000000000000   17
294.40000000000000000000   15
294.50000000000000000000   16
294.60000000000000000000   13
294.70000000000000000000   17
294.80000000000000000000   19
294.90000000000000000000   19
295.00000000000000000000   21
295.10000000000000000000   20
295.20000000000000000000   18
295.30000000000000000000   23
295.40000000000000000000   17
295.50000000000000000000   24
295.60000000000000000000   19
295.70000000000000000000   22
295.80000000000000000000   18
295.90000000000000000000   20
296.00000000000000000000   20
296.10000000000000000000   21
296.20000000000000000000   17
296.30000000000000000000   19
296.40000000000000000000   19
296.50000000000000000000   20
296.60000000000000000000   21
296.70000000000000000000   20
296.80000000000000000000   21
296.90000000000000000000   17
297.00000000000000000000   20
297.10000000000000000000   20
297.20000000000000000000   22
297.30000000000000000000   22
297.40000000000000000000   21
297.50000000000000000000   19
297.60000000000000000000   22
297.70000000000000000000   20
297.80000000000000000000   20
297.90000000000000000000   19
298.00000000000000000000   16
298.10000000000000000000   15
298.20000000000000000000   15
298.30000000000000000000   16
298.40000000000000000000   15
298.50000000000000000000   12
298.60000000000000000000   16
298.70000000000000000000   13
298.80000000000000000000   14
298.90000000000000000000   15
299.00000000000000000000   14
299.10000000000000000000   10
299.20000000000000000000   12
299.30000000000000000000   15
299.40000000000000000000   17
299.50000000000000000000   17
299.60000000000000000000   21
299.70000000000000000000   17
299.80000000000000000000   19
299.90000000000000000000   20
300.00000000000000000000   16
300.10000000000000000000   17
300.20000000000000000000   18
300.30000000000000000000   17
300.40000000000000000000   18
300.50000000000000000000   16
300.60000000000000000000   19
300.70000000000000000000   19
300.80000000000000000000   23
300.90000000000000000000   17
301.00000000000000000000   18
301.10000000000000000000   13
301.20000000000000000000   19
301.30000000000000000000   18
301.40000000000000000000   16
301.50000000000000000000   16
301.60000000000000000000   15
301.70000000000000000000   14
301.80000000000000000000   12
301.90000000000000000000   11
302.00000000000000000000   10
302.10000000000000000000   13
302.20000000000000000000   12
302.30000000000000000000   11
302.40000000000000000000   12
302.50000000000000000000   14
302.60000000000000000000   12
302.70000000000000000000   11
302.80000000000000000000   14
302.90000000000000000000   17
303.00000000000000000000   18
303.10000000000000000000   16
303.20000000000000000000   16
303.30000000000000000000   13
303.40000000000000000000   13
303.50000000000000000000   12
303.60000000000000000000   12
303.70000000000000000000   16
303.80000000000000000000   17
303.90000000000000000000   16
304.00000000000000000000   15
304.10000000000000000000   12
304.20000000000000000000   17
304.30000000000000000000   12
304.40000000000000000000   20
304.50000000000000000000   15
304.60000000000000000000   12
304.70000000000000000000   11
304.80000000000000000000   15
304.90000000000000000000   12
305.00000000000000000000   12
305.10000000000000000000   15
305.20000000000000000000   16
305.30000000000000000000   19
305.40000000000000000000   15
305.50000000000000000000   15
305.60000000000000000000   14
305.70000000000000000000   14
305.80000000000000000000   14
305.90000000000000000000   20
306.00000000000000000000   17
306.10000000000000000000   23
306.20000000000000000000   18
306.30000000000000000000   18
306.40000000000000000000   18
306.50000000000000000000   20
306.60000000000000000000   19
306.70000000000000000000   19
306.80000000000000000000   20
306.90000000000000000000   20
307.00000000000000000000   20
307.10000000000000000000   23
307.20000000000000000000   23
307.30000000000000000000   23
307.40000000000000000000   23
307.50000000000000000000   22
307.60000000000000000000   21
307.70000000000000000000   18
307.80000000000000000000   18
307.90000000000000000000   18
308.00000000000000000000   17
308.10000000000000000000   20
308.20000000000000000000   20
308.30000000000000000000   18
308.40000000000000000000   20
308.50000000000000000000   24
308.60000000000000000000   25
308.70000000000000000000   23
308.80000000000000000000   22
308.90000000000000000000   21
309.00000000000000000000   20
309.10000000000000000000   19
309.20000000000000000000   20
309.30000000000000000000   18
309.40000000000000000000   19
309.50000000000000000000   18
309.60000000000000000000   18
309.70000000000000000000   20
309.80000000000000000000   19
309.90000000000000000000   20
310.00000000000000000000   22
310.10000000000000000000   19
310.20000000000000000000   19
310.30000000000000000000   18
310.40000000000000000000   20
310.50000000000000000000   21
310.60000000000000000000   16
310.70000000000000000000   18
310.80000000000000000000   18
310.90000000000000000000   19
311.00000000000000000000   12
311.10000000000000000000   13
311.20000000000000000000   17
311.30000000000000000000   20
311.40000000000000000000   17
311.50000000000000000000   13
311.60000000000000000000   17
311.70000000000000000000   20
311.80000000000000000000   21
311.90000000000000000000   24
312.00000000000000000000   22
312.10000000000000000000   20
312.20000000000000000000   19
312.30000000000000000000   20
312.40000000000000000000   19
312.50000000000000000000   23
312.60000000000000000000   22
312.70000000000000000000   22
312.80000000000000000000   20
312.90000000000000000000   22
313.00000000000000000000   23
313.10000000000000000000   20
313.20000000000000000000   23
313.30000000000000000000   21
313.40000000000000000000   22
313.50000000000000000000   24
313.60000000000000000000   23
313.70000000000000000000   22
313.80000000000000000000   20
313.90000000000000000000   22
314.00000000000000000000   18
314.10000000000000000000   17
314.20000000000000000000   13
314.30000000000000000000   15
314.40000000000000000000   14
314.50000000000000000000   16
314.60000000000000000000   12
314.70000000000000000000   11
314.80000000000000000000   14
314.90000000000000000000   14
315.00000000000000000000   14
315.10000000000000000000   13
315.20000000000000000000   15
315.30000000000000000000   16
315.40000000000000000000   13
315.50000000000000000000   12
315.60000000000000000000   17
315.70000000000000000000   16
315.80000000000000000000   17
315.90000000000000000000   19
316.00000000000000000000   14
316.10000000000000000000   16
316.20000000000000000000   16
316.30000000000000000000   17
316.40000000000000000000   16
316.50000000000000000000   17
316.60000000000000000000   17
316.70000000000000000000   19
316.80000000000000000000   19
316.90000000000000000000   17
317.00000000000000000000   15
317.10000000000000000000   18
317.20000000000000000000   16
317.30000000000000000000   20
317.40000000000000000000   16
317.50000000000000000000   19
317.60000000000000000000   16
317.70000000000000000000   16
317.80000000000000000000   19
317.90000000000000000000   17
318.00000000000000000000   16
318.10000000000000000000   18
318.20000000000000000000   16
318.30000000000000000000   16
318.40000000000000000000   16
318.50000000000000000000   14
318.60000000000000000000   16
318.70000000000000000000   21
318.80000000000000000000   15
318.90000000000000000000   12
319.00000000000000000000   9
319.10000000000000000000   13
319.20000000000000000000   8
319.30000000000000000000   11
319.40000000000000000000   10
319.50000000000000000000   12
319.60000000000000000000   9
319.70000000000000000000   11
319.80000000000000000000   12
319.90000000000000000000   6
320.00000000000000000000   9
320.10000000000000000000   10
320.20000000000000000000   9
320.30000000000000000000   11
320.40000000000000000000   9
320.50000000000000000000   12
320.60000000000000000000   16
320.70000000000000000000   13
320.80000000000000000000   12
320.90000000000000000000   14
321.00000000000000000000   14
321.10000000000000000000   12
321.20000000000000000000   10
321.30000000000000000000   11
321.40000000000000000000   11
321.50000000000000000000   8
321.60000000000000000000   8
321.70000000000000000000   12
321.80000000000000000000   13
321.90000000000000000000   9
322.00000000000000000000   8
322.10000000000000000000   16
322.20000000000000000000   15
322.30000000000000000000   10
322.40000000000000000000   8
322.50000000000000000000   9
322.60000000000000000000   6
322.70000000000000000000   7
322.80000000000000000000   7
322.90000000000000000000   6
323.00000000000000000000   6
323.10000000000000000000   11
323.20000000000000000000   9
323.30000000000000000000   10
323.40000000000000000000   9
323.50000000000000000000   9
323.60000000000000000000   9
323.70000000000000000000   9
323.80000000000000000000   11
323.90000000000000000000   10
324.00000000000000000000   11
324.10000000000000000000   10
324.20000000000000000000   10
324.30000000000000000000   11
324.40000000000000000000   9
324.50000000000000000000   10
324.60000000000000000000   10
324.70000000000000000000   11
324.80000000000000000000   8
324.90000000000000000000   15
325.00000000000000000000   14
325.10000000000000000000   12
325.20000000000000000000   13
325.30000000000000000000   11
325.40000000000000000000   12
325.50000000000000000000   14
325.60000000000000000000   11
325.70000000000000000000   14
325.80000000000000000000   12
325.90000000000000000000   12
326.00000000000000000000   12
326.10000000000000000000   12
326.20000000000000000000   11
326.30000000000000000000   11
326.40000000000000000000   13
326.50000000000000000000   8
326.60000000000000000000   9
326.70000000000000000000   9
326.80000000000000000000   7
326.90000000000000000000   9
327.00000000000000000000   11
327.10000000000000000000   6
327.20000000000000000000   6
327.30000000000000000000   7
327.40000000000000000000   14
327.50000000000000000000   8
327.60000000000000000000   9
327.70000000000000000000   15
327.80000000000000000000   12
327.90000000000000000000   10
328.00000000000000000000   11
328.10000000000000000000   11
328.20000000000000000000   15
328.30000000000000000000   15
328.40000000000000000000   16
328.50000000000000000000   19
328.60000000000000000000   17
328.70000000000000000000   16
328.80000000000000000000   14
328.90000000000000000000   14
329.00000000000000000000   16
329.10000000000000000000   15
329.20000000000000000000   15
329.30000000000000000000   16
329.40000000000000000000   18
329.50000000000000000000   14
329.60000000000000000000   17
329.70000000000000000000   14
329.80000000000000000000   17
329.90000000000000000000   14
330.00000000000000000000   17
330.10000000000000000000   17
330.20000000000000000000   18
330.30000000000000000000   15
330.40000000000000000000   18
330.50000000000000000000   13
330.60000000000000000000   19
330.70000000000000000000   18
330.80000000000000000000   16
330.90000000000000000000   17
331.00000000000000000000   18
331.10000000000000000000   17
331.20000000000000000000   17
331.30000000000000000000   16
331.40000000000000000000   17
331.50000000000000000000   16
331.60000000000000000000   15
331.70000000000000000000   16
331.80000000000000000000   17
331.90000000000000000000   23
332.00000000000000000000   25
332.10000000000000000000   24
332.20000000000000000000   22
332.30000000000000000000   22
332.40000000000000000000   19
332.50000000000000000000   18
332.60000000000000000000   18
332.70000000000000000000   21
332.80000000000000000000   17
332.90000000000000000000   22
333.00000000000000000000   23
333.10000000000000000000   23
333.20000000000000000000   25
333.30000000000000000000   24
333.40000000000000000000   24
333.50000000000000000000   23
333.60000000000000000000   25
333.70000000000000000000   21
333.80000000000000000000   14
333.90000000000000000000   16
334.00000000000000000000   22
334.10000000000000000000   20
334.20000000000000000000   14
334.30000000000000000000   21
334.40000000000000000000   21
334.50000000000000000000   22
334.60000000000000000000   20
334.70000000000000000000   20
334.80000000000000000000   19
334.90000000000000000000   19
335.00000000000000000000   15
335.10000000000000000000   11
335.20000000000000000000   8
335.30000000000000000000   10
335.40000000000000000000   9
335.50000000000000000000   11
335.60000000000000000000   10
335.70000000000000000000   9
335.80000000000000000000   8
335.90000000000000000000   11
336.00000000000000000000   15
336.10000000000000000000   12
336.20000000000000000000   11
336.30000000000000000000   10
336.40000000000000000000   7
336.50000000000000000000   11
336.60000000000000000000   8
336.70000000000000000000   10
336.80000000000000000000   9
336.90000000000000000000   10
337.00000000000000000000   9
337.10000000000000000000   9
337.20000000000000000000   10
337.30000000000000000000   6
337.40000000000000000000   6
337.50000000000000000000   7
337.60000000000000000000   8
337.70000000000000000000   7
337.80000000000000000000   7
337.90000000000000000000   7
338.00000000000000000000   9
338.10000000000000000000   12
338.20000000000000000000   10
338.30000000000000000000   10
338.40000000000000000000   11
338.50000000000000000000   9
338.60000000000000000000   10
338.70000000000000000000   16
338.80000000000000000000   12
338.90000000000000000000   8
339.00000000000000000000   16
339.10000000000000000000   8
339.20000000000000000000   11
339.30000000000000000000   9
339.40000000000000000000   13
339.50000000000000000000   12
339.60000000000000000000   14
339.70000000000000000000   13
339.80000000000000000000   11
339.90000000000000000000   10
340.00000000000000000000   13
340.10000000000000000000   13
340.20000000000000000000   14
340.30000000000000000000   12
340.40000000000000000000   15
340.50000000000000000000   12
340.60000000000000000000   13
340.70000000000000000000   14
340.80000000000000000000   10
340.90000000000000000000   11
341.00000000000000000000   12
341.10000000000000000000   13
341.20000000000000000000   13
341.30000000000000000000   13
341.40000000000000000000   11
341.50000000000000000000   13
341.60000000000000000000   14
341.70000000000000000000   12
341.80000000000000000000   13
341.90000000000000000000   12
342.00000000000000000000   10
342.10000000000000000000   10
342.20000000000000000000   13
342.30000000000000000000   7
342.40000000000000000000   17
342.50000000000000000000   17
342.60000000000000000000   12
342.70000000000000000000   12
342.80000000000000000000   12
342.90000000000000000000   10
343.00000000000000000000   15
343.10000000000000000000   11
343.20000000000000000000   16
343.30000000000000000000   12
343.40000000000000000000   13
343.50000000000000000000   14
343.60000000000000000000   16
343.70000000000000000000   16
343.80000000000000000000   14
343.90000000000000000000   14
344.00000000000000000000   13
344.10000000000000000000   13
344.20000000000000000000   16
344.30000000000000000000   18
344.40000000000000000000   11
344.50000000000000000000   13
344.60000000000000000000   12
344.70000000000000000000   13
344.80000000000000000000   6
344.90000000000000000000   9
345.00000000000000000000   10
345.10000000000000000000   11
345.20000000000000000000   5
345.30000000000000000000   7
345.40000000000000000000   8
345.50000000000000000000   7
345.60000000000000000000   9
345.70000000000000000000   6
345.80000000000000000000   8
345.90000000000000000000   9
346.00000000000000000000   5
346.10000000000000000000   8
346.20000000000000000000   6
346.30000000000000000000   9
346.40000000000000000000   11
346.50000000000000000000   12
346.60000000000000000000   12
346.70000000000000000000   16
346.80000000000000000000   9
346.90000000000000000000   9
347.00000000000000000000   9
347.10000000000000000000   6
347.20000000000000000000   7
347.30000000000000000000   6
347.40000000000000000000   9
347.50000000000000000000   12
347.60000000000000000000   10
347.70000000000000000000   10
347.80000000000000000000   9
347.90000000000000000000   8
348.00000000000000000000   14
348.10000000000000000000   4
348.20000000000000000000   9
348.30000000000000000000   12
348.40000000000000000000   11
348.50000000000000000000   14
348.60000000000000000000   10
348.70000000000000000000   12
348.80000000000000000000   9
348.90000000000000000000   10
349.00000000000000000000   11
349.10000000000000000000   8
349.20000000000000000000   7
349.30000000000000000000   6
349.40000000000000000000   4
349.50000000000000000000   6
349.60000000000000000000   2
349.70000000000000000000   4
349.80000000000000000000   7
349.90000000000000000000   10
350.00000000000000000000   8
350.10000000000000000000   11
350.20000000000000000000   6
350.30000000000000000000   6
350.40000000000000000000   8
350.50000000000000000000   10
350.60000000000000000000   7
350.70000000000000000000   14
350.80000000000000000000   14
350.90000000000000000000   17
351.00000000000000000000   11
351.10000000000000000000   8
351.20000000000000000000   15
351.30000000000000000000   11
351.40000000000000000000   9
351.50000000000000000000   7
351.60000000000000000000   12
351.70000000000000000000   12
351.80000000000000000000   15
351.90000000000000000000   8
352.00000000000000000000   16
352.10000000000000000000   12
352.20000000000000000000   10
352.30000000000000000000   13
352.40000000000000000000   14
352.50000000000000000000   13
352.60000000000000000000   13
352.70000000000000000000   12
352.80000000000000000000   14
352.90000000000000000000   13
353.00000000000000000000   17
353.10000000000000000000   15
353.20000000000000000000   13
353.30000000000000000000   16
353.40000000000000000000   13
353.50000000000000000000   11
353.60000000000000000000   16
353.70000000000000000000   16
353.80000000000000000000   19
353.90000000000000000000   17
354.00000000000000000000   17
354.10000000000000000000   13
354.20000000000000000000   14
354.30000000000000000000   15
354.40000000000000000000   14
354.50000000000000000000   16
354.60000000000000000000   17
354.70000000000000000000   20
354.80000000000000000000   19
354.90000000000000000000   19
355.00000000000000000000   18
355.10000000000000000000   17
355.20000000000000000000   17
355.30000000000000000000   12
355.40000000000000000000   19
355.50000000000000000000   17
355.60000000000000000000   17
355.70000000000000000000   18
355.80000000000000000000   18
355.90000000000000000000   18
356.00000000000000000000   14
356.10000000000000000000   12
356.20000000000000000000   12
356.30000000000000000000   15
356.40000000000000000000   15
356.50000000000000000000   12
356.60000000000000000000   14
356.70000000000000000000   13
356.80000000000000000000   12
356.90000000000000000000   15
357.00000000000000000000   14
357.10000000000000000000   13
357.20000000000000000000   15
357.30000000000000000000   15
357.40000000000000000000   15
357.50000000000000000000   16
357.60000000000000000000   15
357.70000000000000000000   15
357.80000000000000000000   15
357.90000000000000000000   13
358.00000000000000000000   13
358.10000000000000000000   10
358.20000000000000000000   13
358.30000000000000000000   12
358.40000000000000000000   14
358.50000000000000000000   13
358.60000000000000000000   13
358.70000000000000000000   11
358.80000000000000000000   14
358.90000000000000000000   12
359.00000000000000000000   11
359.10000000000000000000   14
359.20000000000000000000   10
359.30000000000000000000   11
359.40000000000000000000   16
359.50000000000000000000   13
359.60000000000000000000   12
359.70000000000000000000   11
359.80000000000000000000   10
359.90000000000000000000   14
360.00000000000000000000   14
360.10000000000000000000   16
360.20000000000000000000   16
360.30000000000000000000   16
360.40000000000000000000   11
360.50000000000000000000   9
360.60000000000000000000   9
360.70000000000000000000   11
360.80000000000000000000   11
360.90000000000000000000   9
361.00000000000000000000   12
361.10000000000000000000   12
361.20000000000000000000   14
361.30000000000000000000   15
361.40000000000000000000   16
361.50000000000000000000   14
361.60000000000000000000   11
361.70000000000000000000   14
361.80000000000000000000   14
361.90000000000000000000   15
362.00000000000000000000   11
362.10000000000000000000   12
362.20000000000000000000   13
362.30000000000000000000   13
362.40000000000000000000   10
362.50000000000000000000   10
362.60000000000000000000   8
362.70000000000000000000   8
362.80000000000000000000   9
362.90000000000000000000   12
363.00000000000000000000   10
363.10000000000000000000   11
363.20000000000000000000   12
363.30000000000000000000   11
363.40000000000000000000   11
363.50000000000000000000   11
363.60000000000000000000   10
363.70000000000000000000   7
363.80000000000000000000   8
363.90000000000000000000   13
364.00000000000000000000   15
364.10000000000000000000   14
364.20000000000000000000   14
364.30000000000000000000   13
364.40000000000000000000   14
364.50000000000000000000   13
364.60000000000000000000   13
364.70000000000000000000   14
364.80000000000000000000   13
364.90000000000000000000   10
365.00000000000000000000   13
365.10000000000000000000   10
365.20000000000000000000   13
365.30000000000000000000   13
365.40000000000000000000   12
365.50000000000000000000   12
365.60000000000000000000   13
365.70000000000000000000   12
365.80000000000000000000   7
365.90000000000000000000   9
366.00000000000000000000   8
366.10000000000000000000   12
366.20000000000000000000   9
366.30000000000000000000   11
366.40000000000000000000   9
366.50000000000000000000   9
366.60000000000000000000   10
366.70000000000000000000   6
366.80000000000000000000   10
366.90000000000000000000   13
367.00000000000000000000   12
367.10000000000000000000   12
367.20000000000000000000   13
367.30000000000000000000   12
367.40000000000000000000   12
367.50000000000000000000   13
367.60000000000000000000   12
367.70000000000000000000   14
367.80000000000000000000   13
367.90000000000000000000   13
368.00000000000000000000   14
368.10000000000000000000   15
368.20000000000000000000   12
368.30000000000000000000   12
368.40000000000000000000   9
368.50000000000000000000   8
368.60000000000000000000   8
368.70000000000000000000   11
368.80000000000000000000   11
368.90000000000000000000   9
369.00000000000000000000   9
369.10000000000000000000   10
369.20000000000000000000   11
369.30000000000000000000   12
369.40000000000000000000   13
369.50000000000000000000   11
369.60000000000000000000   10
369.70000000000000000000   9
369.80000000000000000000   11
369.90000000000000000000   10
370.00000000000000000000   10
370.10000000000000000000   12
370.20000000000000000000   11
370.30000000000000000000   11
370.40000000000000000000   13
370.50000000000000000000   11
370.60000000000000000000   11
370.70000000000000000000   13
370.80000000000000000000   10
370.90000000000000000000   9
371.00000000000000000000   12
371.10000000000000000000   8
371.20000000000000000000   6
371.30000000000000000000   10
371.40000000000000000000   13
371.50000000000000000000   9
371.60000000000000000000   9
371.70000000000000000000   7
371.80000000000000000000   9
371.90000000000000000000   9
372.00000000000000000000   8
372.10000000000000000000   12
372.20000000000000000000   9
372.30000000000000000000   8
372.40000000000000000000   8
372.50000000000000000000   9
372.60000000000000000000   6
372.70000000000000000000   5
372.80000000000000000000   8
372.90000000000000000000   9
373.00000000000000000000   9
373.10000000000000000000   7
373.20000000000000000000   8
373.30000000000000000000   10
373.40000000000000000000   11
373.50000000000000000000   9
373.60000000000000000000   12
373.70000000000000000000   9
373.80000000000000000000   10
373.90000000000000000000   12
374.00000000000000000000   15
374.10000000000000000000   17
374.20000000000000000000   17
374.30000000000000000000   15
374.40000000000000000000   17
374.50000000000000000000   12
374.60000000000000000000   15
374.70000000000000000000   12
374.80000000000000000000   14
374.90000000000000000000   15
375.00000000000000000000   13
375.10000000000000000000   11
375.20000000000000000000   15
375.30000000000000000000   14
375.40000000000000000000   12
375.50000000000000000000   10
375.60000000000000000000   12
375.70000000000000000000   14
375.80000000000000000000   14
375.90000000000000000000   19
376.00000000000000000000   19
376.10000000000000000000   18
376.20000000000000000000   17
376.30000000000000000000   16
376.40000000000000000000   16
376.50000000000000000000   16
376.60000000000000000000   17
376.70000000000000000000   14
376.80000000000000000000   14
376.90000000000000000000   16
377.00000000000000000000   16
377.10000000000000000000   15
377.20000000000000000000   15
377.30000000000000000000   14
377.40000000000000000000   15
377.50000000000000000000   18
377.60000000000000000000   15
377.70000000000000000000   14
377.80000000000000000000   14
377.90000000000000000000   16
378.00000000000000000000   14
378.10000000000000000000   15
378.20000000000000000000   14
378.30000000000000000000   15
378.40000000000000000000   17
378.50000000000000000000   17
378.60000000000000000000   14
378.70000000000000000000   14
378.80000000000000000000   14
378.90000000000000000000   17
379.00000000000000000000   19
379.10000000000000000000   16
379.20000000000000000000   18
379.30000000000000000000   17
379.40000000000000000000   18
379.50000000000000000000   14
379.60000000000000000000   19
379.70000000000000000000   17
379.80000000000000000000   18
379.90000000000000000000   17
380.00000000000000000000   19
380.10000000000000000000   15
380.20000000000000000000   14
380.30000000000000000000   18
380.40000000000000000000   16
380.50000000000000000000   18
380.60000000000000000000   18
380.70000000000000000000   18
380.80000000000000000000   18
380.90000000000000000000   17
381.00000000000000000000   17
381.10000000000000000000   18
381.20000000000000000000   18
381.30000000000000000000   19
381.40000000000000000000   17
381.50000000000000000000   19
381.60000000000000000000   17
381.70000000000000000000   16
381.80000000000000000000   23
381.90000000000000000000   23
382.00000000000000000000   21
382.10000000000000000000   18
382.20000000000000000000   20
382.30000000000000000000   24
382.40000000000000000000   20
382.50000000000000000000   19
382.60000000000000000000   18
382.70000000000000000000   20
382.80000000000000000000   20
382.90000000000000000000   22
383.00000000000000000000   18
383.10000000000000000000   17
383.20000000000000000000   19
383.30000000000000000000   15
383.40000000000000000000   18
383.50000000000000000000   17
383.60000000000000000000   17
383.70000000000000000000   17
383.80000000000000000000   16
383.90000000000000000000   15
384.00000000000000000000   17
384.10000000000000000000   18
384.20000000000000000000   17
384.30000000000000000000   15
384.40000000000000000000   14
384.50000000000000000000   11
384.60000000000000000000   13
384.70000000000000000000   17
384.80000000000000000000   17
384.90000000000000000000   8
385.00000000000000000000   14
385.10000000000000000000   12
385.20000000000000000000   12
385.30000000000000000000   12
385.40000000000000000000   9
385.50000000000000000000   10
385.60000000000000000000   9
385.70000000000000000000   8
385.80000000000000000000   10
385.90000000000000000000   13
386.00000000000000000000   11
386.10000000000000000000   13
386.20000000000000000000   11
386.30000000000000000000   9
386.40000000000000000000   12
386.50000000000000000000   11
386.60000000000000000000   15
386.70000000000000000000   12
386.80000000000000000000   12
386.90000000000000000000   15
387.00000000000000000000   14
387.10000000000000000000   11
387.20000000000000000000   15
387.30000000000000000000   12
387.40000000000000000000   11
387.50000000000000000000   7
387.60000000000000000000   9
387.70000000000000000000   10
387.80000000000000000000   13
387.90000000000000000000   9
388.00000000000000000000   11
388.10000000000000000000   10
388.20000000000000000000   13
388.30000000000000000000   17
388.40000000000000000000   9
388.50000000000000000000   11
388.60000000000000000000   9
388.70000000000000000000   11
388.80000000000000000000   11
388.90000000000000000000   9
389.00000000000000000000   10
389.10000000000000000000   12
389.20000000000000000000   11
389.30000000000000000000   9
389.40000000000000000000   9
389.50000000000000000000   12
389.60000000000000000000   8
389.70000000000000000000   12
389.80000000000000000000   10
389.90000000000000000000   8
390.00000000000000000000   6
390.10000000000000000000   8
390.20000000000000000000   8
390.30000000000000000000   9
390.40000000000000000000   6
390.50000000000000000000   5
390.60000000000000000000   7
390.70000000000000000000   8
390.80000000000000000000   5
390.90000000000000000000   7
391.00000000000000000000   9
391.10000000000000000000   8
391.20000000000000000000   10
391.30000000000000000000   9
391.40000000000000000000   11
391.50000000000000000000   11
391.60000000000000000000   12
391.70000000000000000000   11
391.80000000000000000000   13
391.90000000000000000000   14
392.00000000000000000000   10
392.10000000000000000000   12
392.20000000000000000000   12
392.30000000000000000000   9
392.40000000000000000000   9
392.50000000000000000000   9
392.60000000000000000000   11
392.70000000000000000000   8
392.80000000000000000000   6
392.90000000000000000000   4
393.00000000000000000000   4
393.10000000000000000000   4
393.20000000000000000000   9
393.30000000000000000000   5
393.40000000000000000000   6
393.50000000000000000000   12
393.60000000000000000000   16
393.70000000000000000000   10
393.80000000000000000000   11
393.90000000000000000000   11
394.00000000000000000000   10
394.10000000000000000000   10
394.20000000000000000000   9
394.30000000000000000000   10
394.40000000000000000000   6
394.50000000000000000000   11
394.60000000000000000000   9
394.70000000000000000000   10
394.80000000000000000000   10
394.90000000000000000000   12
395.00000000000000000000   13
395.10000000000000000000   11
395.20000000000000000000   10
395.30000000000000000000   17
395.40000000000000000000   14
395.50000000000000000000   12
395.60000000000000000000   13
395.70000000000000000000   17
395.80000000000000000000   12
395.90000000000000000000   11
396.00000000000000000000   8
396.10000000000000000000   11
396.20000000000000000000   17
396.30000000000000000000   15
396.40000000000000000000   17
396.50000000000000000000   19
396.60000000000000000000   17
396.70000000000000000000   15
396.80000000000000000000   13
396.90000000000000000000   18
397.00000000000000000000   15
397.10000000000000000000   18
397.20000000000000000000   14
397.30000000000000000000   16
397.40000000000000000000   10
397.50000000000000000000   11
397.60000000000000000000   11
397.70000000000000000000   12
397.80000000000000000000   11
397.90000000000000000000   10
398.00000000000000000000   11
398.10000000000000000000   7
398.20000000000000000000   9
398.30000000000000000000   12
398.40000000000000000000   13
398.50000000000000000000   12
398.60000000000000000000   14
398.70000000000000000000   10
398.80000000000000000000   10
398.90000000000000000000   10
399.00000000000000000000   10
399.10000000000000000000   10
399.20000000000000000000   10
399.30000000000000000000   10
399.40000000000000000000   10
399.50000000000000000000   10
399.60000000000000000000   10
399.70000000000000000000   10
