# Total_native_contacts: 481
#Frame Native_contacts
0 374
1 377
2 384
3 374
4 388
5 386
6 372
7 386
8 383
9 370
10 376
11 384
12 371
13 390
14 390
15 399
16 384
17 389
18 380
19 392
20 385
21 393
22 396
23 406
24 392
25 396
26 376
27 387
28 388
29 383
30 385
31 373
32 378
33 364
34 365
35 376
36 379
37 379
38 379
39 371
40 386
41 382
42 386
43 376
44 396
45 389
46 383
47 376
48 391
49 391
50 388
51 377
52 376
53 382
54 381
55 369
56 393
57 391
58 373
59 385
60 393
61 391
62 386
63 389
64 389
65 391
66 377
67 383
68 380
69 387
70 389
71 403
72 398
73 397
74 385
75 399
76 387
77 381
78 393
79 383
80 385
81 396
82 392
83 383
84 385
85 389
86 375
87 378
88 391
89 386
90 380
91 380
92 392
93 378
94 388
95 385
96 392
97 385
98 390
99 377
100 383
101 379
102 377
103 369
104 374
105 385
106 389
107 380
108 388
109 384
110 398
111 392
112 385
113 388
114 398
115 405
116 390
117 405
118 406
119 400
120 399
121 397
122 392
123 415
124 396
125 403
126 400
127 408
128 399
129 398
130 404
131 413
132 401
133 404
134 399
135 395
136 397
137 401
138 393
139 391
140 393
141 397
142 394
143 390
144 402
145 406
146 401
147 390
148 382
149 383
150 375
151 383
152 377
153 382
154 388
155 387
156 391
157 379
158 388
159 388
160 388
161 383
162 385
163 384
164 388
165 381
166 369
167 371
168 389
169 385
170 377
171 385
172 383
173 387
174 383
175 381
176 395
177 384
178 385
179 390
180 389
181 382
182 382
183 380
184 371
185 381
186 382
187 384
188 380
189 376
190 376
191 387
192 384
193 383
194 379
195 379
196 389
197 374
198 369
199 377
200 375
201 373
202 385
203 379
204 379
205 377
206 372
207 379
208 373
209 374
210 378
211 378
212 381
213 380
214 379
215 380
216 375
217 379
218 379
219 390
220 378
221 381
222 369
223 385
224 384
225 378
226 375
227 392
228 378
229 388
230 388
231 386
232 380
233 379
234 379
235 383
236 392
237 388
238 391
239 385
240 375
241 386
242 392
243 394
244 397
245 385
246 390
247 390
248 388
249 389
250 383
251 382
252 399
253 398
254 391
255 392
256 392
257 392
258 391
259 385
260 378
261 382
262 381
263 376
264 377
265 387
266 382
267 388
268 386
269 378
270 379
271 381
272 376
273 384
274 378
275 387
276 378
277 381
278 370
279 369
280 375
281 381
282 374
283 371
284 385
285 382
286 378
287 382
288 386
289 368
290 388
291 377
292 391
293 381
294 375
295 379
296 379
297 383
298 375
299 374
300 376
301 381
302 379
303 386
304 378
305 365
306 379
307 375
308 374
309 379
310 386
311 380
312 380
313 382
314 375
315 384
316 372
317 374
318 369
319 373
320 374
321 375
322 380
323 370
324 378
325 376
326 360
327 377
328 378
329 377
330 371
331 364
332 360
333 356
334 365
335 370
336 368
337 369
338 365
339 367
340 360
341 374
342 366
343 376
344 367
345 366
346 380
347 379
348 381
349 386
350 355
351 372
352 368
353 373
354 379
355 371
356 371
357 361
358 375
359 370
360 360
361 368
362 360
363 373
364 367
365 368
366 369
367 375
368 372
369 371
370 373
371 364
372 375
373 367
374 369
375 370
376 374
377 372
378 367
379 362
380 367
381 362
382 361
383 371
384 366
385 371
386 378
387 371
388 365
389 365
390 375
391 369
392 366
393 366
394 376
395 368
396 373
397 352
398 371
399 359
400 368
401 366
402 376
403 379
404 375
405 375
406 378
407 372
408 372
409 376
410 382
411 374
412 380
413 381
414 379
415 370
416 367
417 372
418 370
419 366
420 375
421 388
422 380
423 382
424 374
425 376
426 383
427 374
428 366
429 375
430 376
431 379
432 374
433 364
434 374
435 375
436 378
437 374
438 385
439 361
440 370
441 368
442 366
443 357
444 374
445 375
446 381
447 375
448 375
449 373
450 386
451 381
452 391
453 381
454 373
455 372
456 376
457 369
458 381
459 374
460 383
461 380
462 388
463 381
464 384
465 389
466 369
467 377
468 384
469 373
470 381
471 379
472 387
473 380
474 377
475 372
476 379
477 383
478 388
479 374
480 373
481 374
482 375
483 379
484 355
485 369
486 373
487 377
488 378
489 371
490 378
491 376
492 373
493 376
494 379
495 375
496 372
497 381
498 385
499 376
500 378
501 370
502 368
503 367
504 372
505 376
506 383
507 370
508 372
509 377
510 371
511 382
512 377
513 375
514 380
515 377
516 370
517 377
518 375
519 366
520 358
521 371
522 369
523 358
524 371
525 372
526 368
527 373
528 377
529 372
530 378
531 386
532 373
533 381
534 380
535 380
536 374
537 384
538 383
539 376
540 373
541 365
542 373
543 372
544 378
545 374
546 367
547 371
548 383
549 388
550 382
551 379
552 379
553 378
554 375
555 382
556 379
557 365
558 374
559 374
560 370
561 378
562 370
563 362
564 361
565 371
566 374
567 373
568 374
569 372
570 372
571 367
572 365
573 368
574 367
575 366
576 366
577 368
578 374
579 376
580 369
581 378
582 370
583 381
584 371
585 368
586 374
587 375
588 378
589 379
590 379
591 382
592 378
593 368
594 370
595 378
596 375
597 376
598 369
599 375
600 381
601 371
602 381
603 369
604 368
605 369
606 364
607 368
608 373
609 377
610 377
611 377
612 375
613 378
614 378
615 374
616 361
617 373
618 373
619 369
620 372
621 375
622 375
623 379
624 373
625 366
626 374
627 368
628 366
629 363
630 366
631 367
632 370
633 376
634 361
635 361
636 363
637 363
638 364
639 365
640 368
641 366
642 360
643 364
644 364
645 365
646 367
647 357
648 363
649 366
650 349
651 358
652 357
653 344
654 356
655 351
656 359
657 355
658 355
659 364
660 359
661 365
662 361
663 361
664 364
665 359
666 363
667 369
668 358
669 364
670 364
671 368
672 361
673 367
674 372
675 370
676 355
677 370
678 367
679 362
680 359
681 359
682 364
683 358
684 354
685 366
686 358
687 362
688 353
689 364
690 360
691 368
692 357
693 359
694 366
695 373
696 364
697 370
698 366
699 359
700 357
701 364
702 357
703 360
704 358
705 368
706 356
707 353
708 366
709 353
710 357
711 361
712 356
713 363
714 361
715 357
716 361
717 361
718 358
719 368
720 365
721 362
722 369
723 371
724 362
725 365
726 364
727 359
728 356
729 357
730 362
731 366
732 365
733 375
734 367
735 357
736 366
737 369
738 367
739 368
740 363
741 359
742 362
743 361
744 367
745 366
746 361
747 358
748 356
749 358
750 358
751 361
752 365
753 360
754 356
755 363
756 352
757 359
758 350
759 350
760 361
761 359
762 355
763 357
764 355
765 360
766 361
767 359
768 364
769 362
770 356
771 363
772 364
773 367
774 361
775 365
776 375
777 361
778 364
779 367
780 366
781 356
782 363
783 361
784 364
785 371
786 367
787 366
788 367
789 365
790 369
791 366
792 354
793 372
794 350
795 365
796 364
797 378
798 364
799 364
800 357
801 354
802 347
803 358
804 350
805 356
806 358
807 349
808 347
809 349
810 347
811 345
812 348
813 343
814 349
815 346
816 347
817 349
818 354
819 348
820 344
821 352
822 353
823 349
824 346
825 347
826 347
827 354
828 354
829 353
830 351
831 348
832 343
833 348
834 343
835 345
836 350
837 351
838 353
839 355
840 353
841 347
842 355
843 356
844 352
845 348
846 359
847 357
848 352
849 358
850 349
851 352
852 351
853 352
854 353
855 354
856 363
857 356
858 357
859 360
860 343
861 346
862 358
863 342
864 355
865 356
866 347
867 344
868 344
869 347
870 339
871 335
872 348
873 348
874 341
875 349
876 344
877 352
878 346
879 352
880 355
881 350
882 342
883 353
884 343
885 349
886 347
887 352
888 355
889 351
890 351
891 353
892 359
893 356
894 362
895 357
896 353
897 351
898 360
899 358
900 364
901 358
902 356
903 353
904 359
905 353
906 359
907 360
908 366
909 362
910 364
911 356
912 361
913 358
914 356
915 357
916 341
917 353
918 347
919 354
920 352
921 353
922 354
923 354
924 356
925 346
926 355
927 357
928 355
929 355
930 362
931 358
932 362
933 352
934 359
935 358
936 358
937 360
938 357
939 354
940 356
941 352
942 362
943 359
944 364
945 357
946 357
947 358
948 361
949 348
950 358
951 349
952 344
953 349
954 354
955 354
956 350
957 341
958 349
959 354
960 352
961 363
962 360
963 368
964 355
965 352
966 352
967 346
968 348
969 353
970 348
971 342
972 351
973 349
974 348
975 350
976 354
977 351
978 351
979 349
980 353
981 348
982 348
983 353
984 341
985 343
986 347
987 352
988 356
989 354
990 353
991 347
992 356
993 355
994 349
995 356
996 350
997 353
998 355
999 358
1000 359
1001 345
1002 367
1003 359
1004 357
1005 357
1006 358
1007 352
1008 369
1009 352
1010 358
1011 371
1012 358
1013 351
1014 362
1015 368
1016 365
1017 358
1018 345
1019 358
1020 372
1021 357
1022 356
1023 370
1024 364
1025 359
1026 354
1027 360
1028 366
1029 356
1030 356
1031 352
1032 363
1033 357
1034 362
1035 370
1036 358
1037 356
1038 361
1039 361
1040 356
1041 356
1042 355
1043 355
1044 351
1045 349
1046 360
1047 352
1048 356
1049 359
1050 356
1051 356
1052 353
1053 355
1054 357
1055 359
1056 355
1057 348
1058 360
1059 350
1060 352
1061 358
1062 355
1063 357
1064 349
1065 360
1066 367
1067 361
1068 363
1069 363
1070 357
1071 360
1072 368
1073 359
1074 357
1075 358
1076 366
1077 356
1078 346
1079 350
1080 361
1081 350
1082 352
1083 352
1084 361
1085 342
1086 335
1087 339
1088 345
1089 340
1090 338
1091 335
1092 338
1093 335
1094 336
1095 331
1096 343
1097 345
1098 333
1099 334
1100 338
1101 334
1102 339
1103 340
1104 337
1105 360
1106 367
1107 338
1108 351
1109 350
1110 351
1111 348
1112 336
1113 354
1114 349
1115 349
1116 356
1117 350
1118 350
1119 362
1120 355
1121 348
1122 352
1123 351
1124 344
1125 354
1126 352
1127 347
1128 338
1129 340
1130 352
1131 345
1132 338
1133 335
1134 331
1135 343
1136 336
1137 328
1138 341
1139 332
1140 344
1141 345
1142 346
1143 350
1144 343
1145 347
1146 339
1147 345
1148 345
1149 347
1150 339
1151 349
1152 340
1153 347
1154 342
1155 346
1156 332
1157 343
1158 341
1159 343
1160 337
1161 349
1162 345
1163 354
1164 348
1165 362
1166 353
1167 356
1168 345
1169 353
1170 343
1171 353
1172 356
1173 358
1174 352
1175 351
1176 358
1177 363
1178 355
1179 364
1180 357
1181 358
1182 350
1183 362
1184 354
1185 365
1186 359
1187 353
1188 356
1189 369
1190 358
1191 343
1192 355
1193 362
1194 349
1195 361
1196 356
1197 352
1198 358
1199 355
1200 356
1201 353
1202 353
1203 353
1204 350
1205 355
1206 350
1207 350
1208 365
1209 352
1210 356
1211 359
1212 360
1213 367
1214 352
1215 356
1216 361
1217 352
1218 356
1219 360
1220 357
1221 358
1222 364
1223 355
1224 360
1225 361
1226 363
1227 361
1228 362
1229 367
1230 363
1231 364
1232 371
1233 362
1234 363
1235 373
1236 367
1237 363
1238 367
1239 364
1240 366
1241 366
1242 366
1243 372
1244 360
1245 365
1246 370
1247 363
1248 364
1249 363
1250 359
1251 361
1252 360
1253 359
1254 360
1255 364
1256 353
1257 354
1258 351
1259 349
1260 346
1261 352
1262 347
1263 358
1264 349
1265 355
1266 350
1267 352
1268 343
1269 359
1270 341
1271 354
1272 347
1273 349
1274 354
1275 363
1276 356
1277 361
1278 358
1279 360
1280 360
1281 356
1282 360
1283 362
1284 358
1285 358
1286 356
1287 365
1288 359
1289 355
1290 349
1291 354
1292 347
1293 350
1294 352
1295 356
1296 347
1297 348
1298 351
1299 350
1300 344
1301 346
1302 339
1303 341
1304 349
1305 344
1306 343
1307 347
1308 348
1309 338
1310 350
1311 344
1312 348
1313 346
1314 346
1315 351
1316 347
1317 346
1318 348
1319 339
1320 340
1321 337
1322 348
1323 347
1324 345
1325 340
1326 343
1327 339
1328 337
1329 350
1330 342
1331 344
1332 337
1333 350
1334 342
1335 342
1336 346
1337 338
1338 350
1339 348
1340 348
1341 352
1342 346
1343 353
1344 346
1345 351
1346 355
1347 349
1348 351
1349 342
1350 348
1351 343
1352 345
1353 342
1354 348
1355 353
1356 338
1357 343
1358 336
1359 341
1360 343
1361 347
1362 344
1363 341
1364 338
1365 337
1366 338
1367 340
1368 332
1369 340
1370 336
1371 339
1372 345
1373 341
1374 343
1375 346
1376 351
1377 356
1378 343
1379 345
1380 353
1381 353
1382 347
1383 356
1384 352
1385 345
1386 352
1387 350
1388 344
1389 344
1390 334
1391 338
1392 343
1393 335
1394 343
1395 346
1396 347
1397 336
1398 340
1399 343
1400 340
1401 350
1402 349
1403 347
1404 340
1405 349
1406 352
1407 341
1408 337
1409 343
1410 343
1411 341
1412 340
1413 336
1414 342
1415 341
1416 341
1417 349
1418 344
1419 343
1420 346
1421 343
1422 344
1423 339
1424 338
1425 341
1426 331
1427 342
1428 339
1429 348
1430 336
1431 338
1432 340
1433 346
1434 341
1435 346
1436 342
1437 342
1438 342
1439 342
1440 343
1441 346
1442 344
1443 346
1444 351
1445 350
1446 349
1447 342
1448 352
1449 356
1450 349
1451 341
1452 352
1453 343
1454 352
1455 350
1456 340
1457 344
1458 336
1459 348
1460 346
1461 351
1462 342
1463 336
1464 337
1465 344
1466 344
1467 341
1468 328
1469 339
1470 340
1471 348
1472 344
1473 343
1474 345
1475 347
1476 352
1477 342
1478 340
1479 350
1480 334
1481 350
1482 344
1483 341
1484 343
1485 347
1486 344
1487 340
1488 343
1489 346
1490 348
1491 347
1492 352
1493 346
1494 346
1495 340
1496 348
1497 345
1498 338
1499 336
1500 336
1501 334
1502 342
1503 343
1504 342
1505 342
1506 353
1507 343
1508 357
1509 345
1510 353
1511 355
1512 348
1513 350
1514 349
1515 349
1516 355
1517 349
1518 350
1519 347
1520 345
1521 338
1522 347
1523 352
1524 343
1525 343
1526 345
1527 339
1528 339
1529 344
1530 347
1531 350
1532 342
1533 344
1534 347
1535 343
1536 341
1537 338
1538 342
1539 341
1540 342
1541 341
1542 343
1543 342
1544 339
1545 335
1546 337
1547 348
1548 345
1549 344
1550 350
1551 342
1552 348
1553 339
1554 344
1555 338
1556 346
1557 347
1558 347
1559 349
1560 345
1561 351
1562 340
1563 348
1564 351
1565 342
1566 347
1567 339
1568 352
1569 344
1570 343
1571 342
1572 344
1573 343
1574 345
1575 341
1576 353
1577 347
1578 347
1579 343
1580 338
1581 346
1582 340
1583 345
1584 341
1585 342
1586 349
1587 350
1588 343
1589 341
1590 350
1591 359
1592 351
1593 344
1594 347
1595 340
1596 342
1597 349
1598 344
1599 341
1600 349
1601 348
1602 353
1603 354
1604 360
1605 354
1606 348
1607 352
1608 349
1609 348
1610 347
1611 350
1612 344
1613 358
1614 351
1615 347
1616 342
1617 337
1618 344
1619 330
1620 334
1621 340
1622 344
1623 338
1624 336
1625 338
1626 342
1627 347
1628 341
1629 348
1630 348
1631 344
1632 340
1633 337
1634 336
1635 341
1636 339
1637 344
1638 337
1639 342
1640 331
1641 335
1642 339
1643 340
1644 347
1645 334
1646 343
1647 337
1648 346
1649 336
1650 341
1651 336
1652 342
1653 334
1654 345
1655 351
1656 345
1657 352
1658 350
1659 352
1660 347
1661 349
1662 354
1663 346
1664 342
1665 347
1666 339
1667 347
1668 348
1669 349
1670 351
1671 352
1672 351
1673 345
1674 351
1675 350
1676 350
1677 345
1678 361
1679 354
1680 348
1681 361
1682 350
1683 350
1684 345
1685 350
1686 351
1687 351
1688 351
1689 347
1690 350
1691 350
1692 353
1693 345
1694 347
1695 346
1696 353
1697 343
1698 355
1699 350
1700 336
1701 342
1702 344
1703 355
1704 354
1705 348
1706 358
1707 348
1708 345
1709 347
1710 359
1711 350
1712 346
1713 345
1714 351
1715 350
1716 356
1717 342
1718 352
1719 343
1720 348
1721 347
1722 347
1723 355
1724 346
1725 363
1726 358
1727 353
1728 349
1729 354
1730 363
1731 352
1732 348
1733 360
1734 343
1735 344
1736 348
1737 354
1738 346
1739 354
1740 348
1741 345
1742 348
1743 342
1744 341
1745 344
1746 344
1747 353
1748 347
1749 341
1750 353
1751 345
1752 342
1753 345
1754 338
1755 336
1756 348
1757 346
1758 335
1759 343
1760 352
1761 355
1762 340
1763 348
1764 340
1765 342
1766 355
1767 339
1768 346
1769 338
1770 347
1771 358
1772 352
1773 342
1774 346
1775 357
1776 350
1777 347
1778 342
1779 345
1780 335
1781 336
1782 341
1783 344
1784 335
1785 336
1786 334
1787 340
1788 327
1789 323
1790 331
1791 329
1792 334
1793 332
1794 327
1795 325
1796 323
1797 331
1798 330
1799 340
1800 327
1801 339
1802 337
1803 339
1804 336
1805 333
1806 339
1807 332
1808 339
1809 330
1810 325
1811 332
1812 333
1813 325
1814 332
1815 337
1816 332
1817 330
1818 330
1819 327
1820 334
1821 331
1822 337
1823 329
1824 333
1825 332
1826 325
1827 336
1828 337
1829 333
1830 334
1831 332
1832 333
1833 323
1834 325
1835 333
1836 321
1837 321
1838 325
1839 330
1840 333
1841 329
1842 322
1843 316
1844 327
1845 326
1846 330
1847 320
1848 324
1849 336
1850 333
1851 338
1852 331
1853 330
1854 333
1855 326
1856 326
1857 326
1858 331
1859 317
1860 325
1861 322
1862 328
1863 325
1864 319
1865 324
1866 321
1867 329
1868 331
1869 331
1870 329
1871 327
1872 325
1873 332
1874 330
1875 333
1876 329
1877 331
1878 327
1879 331
1880 329
1881 325
1882 327
1883 325
1884 325
1885 326
1886 328
1887 327
1888 335
1889 327
1890 335
1891 333
1892 327
1893 322
1894 326
1895 321
1896 328
1897 339
1898 324
1899 314
1900 319
1901 323
1902 323
1903 321
1904 326
1905 326
1906 335
1907 323
1908 328
1909 330
1910 324
1911 328
1912 335
1913 338
1914 335
1915 331
1916 328
1917 329
1918 338
1919 333
1920 327
1921 331
1922 333
1923 330
1924 322
1925 327
1926 323
1927 326
1928 335
1929 333
1930 322
1931 330
1932 332
1933 329
1934 329
1935 330
1936 324
1937 334
1938 331
1939 319
1940 327
1941 329
1942 327
1943 322
1944 327
1945 323
1946 324
1947 330
1948 330
1949 326
1950 326
1951 324
1952 321
1953 324
1954 328
1955 321
1956 329
1957 326
1958 323
1959 322
1960 319
1961 320
1962 322
1963 322
1964 326
1965 333
1966 331
1967 337
1968 343
1969 330
1970 322
1971 329
1972 332
1973 323
1974 329
1975 321
1976 325
1977 320
1978 316
1979 324
1980 319
1981 320
1982 317
1983 324
1984 313
1985 314
1986 323
1987 322
1988 322
1989 323
1990 330
1991 316
1992 327
1993 322
1994 323
1995 323
1996 321
1997 321
1998 325
1999 329
2000 325
2001 321
2002 323
2003 323
2004 327
2005 330
2006 328
2007 324
2008 328
2009 332
2010 329
2011 328
2012 323
2013 325
2014 311
2015 318
2016 316
2017 316
2018 317
2019 317
2020 318
2021 317
2022 318
2023 326
2024 316
2025 313
2026 315
2027 314
2028 314
2029 314
2030 315
2031 313
2032 319
2033 312
2034 311
2035 318
2036 321
2037 324
2038 320
2039 326
2040 321
2041 320
2042 320
2043 320
2044 320
2045 325
2046 319
2047 322
2048 321
2049 327
2050 321
2051 329
2052 321
2053 325
2054 324
2055 319
2056 316
2057 329
2058 326
2059 323
2060 331
2061 318
2062 322
2063 333
2064 330
2065 331
2066 335
2067 331
2068 328
2069 329
2070 324
2071 327
2072 326
2073 328
2074 324
2075 337
2076 320
2077 322
2078 317
2079 330
2080 318
2081 333
2082 329
2083 322
2084 331
2085 331
2086 329
2087 326
2088 323
2089 321
2090 322
2091 317
2092 312
2093 319
2094 324
2095 324
2096 318
2097 324
2098 320
2099 329
2100 330
2101 324
2102 318
2103 315
2104 318
2105 316
2106 321
2107 326
2108 318
2109 318
2110 320
2111 318
2112 313
2113 317
2114 323
2115 325
2116 330
2117 317
2118 322
2119 323
2120 323
2121 315
2122 317
2123 327
2124 314
2125 328
2126 312
2127 320
2128 318
2129 323
2130 321
2131 321
2132 322
2133 311
2134 321
2135 326
2136 319
2137 322
2138 316
2139 324
2140 321
2141 321
2142 317
2143 328
2144 318
2145 325
2146 319
2147 325
2148 323
2149 322
2150 316
2151 332
2152 321
2153 326
2154 324
2155 323
2156 319
2157 319
2158 314
2159 316
2160 318
2161 315
2162 311
2163 318
2164 321
2165 322
2166 319
2167 319
2168 329
2169 320
2170 318
2171 324
2172 320
2173 328
2174 319
2175 315
2176 318
2177 316
2178 323
2179 307
2180 312
2181 314
2182 309
2183 319
2184 319
2185 327
2186 320
2187 328
2188 321
2189 325
2190 324
2191 323
2192 324
2193 323
2194 315
2195 322
2196 319
2197 315
2198 330
2199 332
2200 318
2201 322
2202 313
2203 320
2204 318
2205 322
2206 318
2207 327
2208 322
2209 321
2210 320
2211 314
2212 319
2213 335
2214 318
2215 321
2216 316
2217 323
2218 317
2219 330
2220 327
2221 327
2222 333
2223 311
2224 328
2225 329
2226 325
2227 325
2228 330
2229 336
2230 329
2231 328
2232 324
2233 329
2234 325
2235 327
2236 327
2237 329
2238 328
2239 321
2240 329
2241 332
2242 336
2243 327
2244 332
2245 335
2246 338
2247 325
2248 328
2249 322
2250 320
2251 322
2252 328
2253 332
2254 335
2255 336
2256 328
2257 326
2258 330
2259 330
2260 320
2261 327
2262 329
2263 324
2264 318
2265 328
2266 323
2267 324
2268 328
2269 325
2270 324
2271 317
2272 324
2273 315
2274 303
2275 319
2276 316
2277 320
2278 327
2279 319
2280 312
2281 315
2282 315
2283 316
2284 327
2285 325
2286 315
2287 314
2288 316
2289 316
2290 317
2291 314
2292 317
2293 310
2294 315
2295 315
2296 316
2297 315
2298 318
2299 315
2300 310
2301 318
2302 316
2303 314
2304 314
2305 319
2306 324
2307 314
2308 317
2309 319
2310 318
2311 319
2312 326
2313 320
2314 313
2315 313
2316 321
2317 321
2318 324
2319 328
2320 317
2321 323
2322 316
2323 318
2324 314
2325 321
2326 316
2327 320
2328 315
2329 313
2330 319
2331 318
2332 316
2333 318
2334 314
2335 314
2336 315
2337 311
2338 319
2339 315
2340 320
2341 309
2342 311
2343 314
2344 322
2345 309
2346 310
2347 313
2348 320
2349 321
2350 314
2351 305
2352 313
2353 306
2354 305
2355 318
2356 319
2357 319
2358 313
2359 320
2360 324
2361 320
2362 315
2363 311
2364 302
2365 313
2366 315
2367 321
2368 307
2369 320
2370 314
2371 313
2372 321
2373 321
2374 322
2375 312
2376 312
2377 304
2378 319
2379 317
2380 320
2381 315
2382 313
2383 316
2384 322
2385 315
2386 316
2387 314
2388 313
2389 312
2390 315
2391 324
2392 312
2393 308
2394 315
2395 325
2396 318
2397 308
2398 325
2399 313
2400 325
2401 325
2402 318
2403 324
2404 330
2405 323
2406 319
2407 328
2408 325
2409 321
2410 318
2411 325
2412 324
2413 326
2414 328
2415 320
2416 331
2417 327
2418 327
2419 327
2420 321
2421 316
2422 314
2423 317
2424 319
2425 321
2426 324
2427 316
2428 328
2429 319
2430 320
2431 327
2432 320
2433 323
2434 325
2435 321
2436 327
2437 322
2438 325
2439 325
2440 322
2441 319
2442 324
2443 324
2444 326
2445 323
2446 323
2447 326
2448 317
2449 309
2450 307
2451 312
2452 315
2453 315
2454 316
2455 318
2456 317
2457 315
2458 319
2459 320
2460 317
2461 316
2462 319
2463 320
2464 322
2465 321
2466 316
2467 316
2468 321
2469 319
2470 323
2471 322
2472 324
2473 310
2474 317
2475 321
2476 317
2477 313
2478 324
2479 325
2480 323
2481 318
2482 325
2483 321
2484 313
2485 314
2486 323
2487 321
2488 320
2489 322
2490 328
2491 325
2492 325
2493 323
2494 326
2495 322
2496 316
2497 321
2498 320
2499 312
2500 323
2501 325
2502 320
2503 315
2504 318
2505 320
2506 319
2507 325
2508 324
2509 322
2510 328
2511 328
2512 321
2513 320
2514 330
2515 321
2516 320
2517 314
2518 328
2519 317
2520 319
2521 316
2522 314
2523 321
2524 324
2525 324
2526 321
2527 318
2528 325
2529 321
2530 326
2531 320
2532 325
2533 329
2534 328
2535 326
2536 323
2537 324
2538 326
2539 320
2540 322
2541 325
2542 328
2543 329
2544 328
2545 328
2546 326
2547 330
2548 334
2549 324
2550 321
2551 328
2552 323
2553 322
2554 327
2555 330
2556 326
2557 333
2558 325
2559 328
2560 330
2561 323
2562 324
2563 322
2564 328
2565 325
2566 322
2567 323
2568 318
2569 327
2570 322
2571 322
2572 322
2573 319
2574 316
2575 325
2576 320
2577 316
2578 320
2579 324
2580 329
2581 327
2582 324
2583 329
2584 326
2585 319
2586 325
2587 323
2588 325
2589 317
2590 314
2591 316
2592 317
2593 324
2594 327
2595 326
2596 318
2597 316
2598 318
2599 331
2600 328
2601 324
2602 323
2603 328
2604 322
2605 323
2606 328
2607 324
2608 326
2609 324
2610 326
2611 329
2612 327
2613 317
2614 328
2615 320
2616 325
2617 324
2618 321
2619 327
2620 323
2621 320
2622 327
2623 328
2624 326
2625 330
2626 331
2627 325
2628 317
2629 329
2630 326
2631 324
2632 316
2633 322
2634 319
2635 324
2636 319
2637 323
2638 318
2639 323
2640 326
2641 328
2642 333
2643 324
2644 320
2645 318
2646 308
2647 324
2648 325
2649 322
2650 320
2651 322
2652 320
2653 321
2654 321
2655 321
2656 319
2657 317
2658 311
2659 316
2660 320
2661 321
2662 319
2663 319
2664 319
2665 316
2666 311
2667 318
2668 317
2669 314
2670 311
2671 309
2672 318
2673 318
2674 317
2675 319
2676 318
2677 322
2678 320
2679 321
2680 315
2681 318
2682 327
2683 316
2684 319
2685 319
2686 314
2687 311
2688 318
2689 310
2690 307
2691 317
2692 317
2693 314
2694 309
2695 315
2696 307
2697 314
2698 311
2699 311
2700 317
2701 308
2702 315
2703 320
2704 321
2705 321
2706 313
2707 322
2708 312
2709 312
2710 310
2711 318
2712 310
2713 309
2714 308
2715 314
2716 313
2717 314
2718 306
2719 308
2720 307
2721 323
2722 315
2723 317
2724 317
2725 319
2726 323
2727 311
2728 321
2729 315
2730 312
2731 317
2732 310
2733 303
2734 307
2735 309
2736 312
2737 310
2738 318
2739 314
2740 308
2741 315
2742 312
2743 311
2744 312
2745 313
2746 306
2747 304
2748 310
2749 317
2750 311
2751 315
2752 315
2753 308
2754 307
2755 313
2756 308
2757 306
2758 309
2759 315
2760 315
2761 314
2762 310
2763 312
2764 312
2765 310
2766 313
2767 314
2768 311
2769 312
2770 315
2771 314
2772 313
2773 317
2774 312
2775 311
2776 314
2777 308
2778 322
2779 311
2780 312
2781 315
2782 304
2783 310
2784 310
2785 309
2786 305
2787 313
2788 312
2789 313
2790 313
2791 310
2792 316
2793 309
2794 314
2795 313
2796 317
2797 318
2798 317
2799 315
2800 307
2801 318
2802 322
2803 318
2804 314
2805 318
2806 321
2807 313
2808 317
2809 309
2810 319
2811 317
2812 315
2813 320
2814 325
2815 319
2816 320
2817 314
2818 323
2819 314
2820 319
2821 314
2822 312
2823 320
2824 319
2825 318
2826 320
2827 313
2828 314
2829 310
2830 312
2831 325
2832 325
2833 316
2834 320
2835 317
2836 321
2837 318
2838 307
2839 312
2840 314
2841 312
2842 315
2843 310
2844 315
2845 310
2846 316
2847 310
2848 310
2849 310
2850 318
2851 309
2852 304
2853 311
2854 316
2855 322
2856 317
2857 321
2858 309
2859 312
2860 312
2861 306
2862 315
2863 316
2864 310
2865 314
2866 314
2867 310
2868 317
2869 313
2870 305
2871 307
2872 313
2873 317
2874 318
2875 318
2876 320
2877 313
2878 316
2879 321
2880 322
2881 314
2882 318
2883 312
2884 317
2885 316
2886 313
2887 318
2888 316
2889 308
2890 314
2891 307
2892 316
2893 311
2894 315
2895 312
2896 315
2897 315
2898 309
2899 305
2900 304
2901 312
2902 309
2903 310
2904 318
2905 312
2906 317
2907 310
2908 315
2909 313
2910 319
2911 310
2912 312
2913 316
2914 316
2915 315
2916 319
2917 314
2918 308
2919 308
2920 303
2921 307
2922 311
2923 299
2924 309
2925 304
2926 309
2927 312
2928 306
2929 313
2930 302
2931 310
2932 310
2933 306
2934 304
2935 298
2936 306
2937 307
2938 306
2939 310
2940 308
2941 306
2942 306
2943 313
2944 296
2945 304
2946 315
2947 314
2948 302
2949 312
2950 304
2951 303
2952 310
2953 309
2954 314
2955 306
2956 306
2957 299
2958 300
2959 297
2960 303
2961 311
2962 313
2963 313
2964 315
2965 310
2966 308
2967 314
2968 314
2969 311
2970 308
2971 300
2972 306
2973 309
2974 306
2975 317
2976 305
2977 314
2978 309
2979 314
2980 308
2981 308
2982 309
2983 311
2984 312
2985 310
2986 303
2987 309
2988 308
2989 315
2990 324
2991 311
2992 315
2993 307
2994 309
2995 307
2996 306
2997 303
2998 309
2999 306
3000 313
3001 305
3002 317
3003 298
3004 311
3005 313
3006 306
3007 312
3008 310
3009 308
3010 304
3011 302
3012 307
3013 310
3014 308
3015 313
3016 307
3017 304
3018 305
3019 299
3020 310
3021 311
3022 308
3023 309
3024 310
3025 303
3026 303
3027 303
3028 303
3029 304
3030 306
3031 306
3032 309
3033 307
3034 310
3035 310
3036 313
3037 303
3038 305
3039 305
3040 304
3041 304
3042 300
3043 300
3044 312
3045 304
3046 302
3047 308
3048 309
3049 306
3050 313
3051 314
3052 304
3053 307
3054 316
3055 307
3056 305
3057 304
3058 309
3059 303
3060 315
3061 313
3062 316
3063 308
3064 314
3065 308
3066 314
3067 309
3068 310
3069 311
3070 302
3071 313
3072 295
3073 313
3074 304
3075 315
3076 310
3077 305
3078 307
3079 306
3080 312
3081 308
3082 302
3083 309
3084 303
3085 305
3086 300
3087 307
3088 307
3089 300
3090 295
3091 305
3092 307
3093 303
3094 301
3095 313
3096 307
3097 312
3098 314
3099 311
3100 310
3101 305
3102 309
3103 315
3104 316
3105 309
3106 312
3107 308
3108 315
3109 314
3110 316
3111 317
3112 316
3113 305
3114 312
3115 315
3116 315
3117 314
3118 310
3119 317
3120 311
3121 313
3122 314
3123 310
3124 318
3125 306
3126 311
3127 314
3128 305
3129 300
3130 306
3131 312
3132 312
3133 317
3134 311
3135 310
3136 309
3137 316
3138 310
3139 311
3140 309
3141 310
3142 295
3143 306
3144 309
3145 307
3146 313
3147 319
3148 312
3149 303
3150 309
3151 307
3152 311
3153 311
3154 312
3155 310
3156 314
3157 314
3158 307
3159 309
3160 301
3161 311
3162 307
3163 317
3164 303
3165 308
3166 306
3167 313
3168 310
3169 305
3170 309
3171 325
3172 314
3173 319
3174 314
3175 314
3176 306
3177 309
3178 311
3179 312
3180 308
3181 309
3182 319
3183 314
3184 307
3185 305
3186 312
3187 310
3188 309
3189 313
3190 309
3191 309
3192 300
3193 305
3194 307
3195 308
3196 307
3197 307
3198 306
3199 305
3200 311
3201 312
3202 305
3203 308
3204 309
3205 304
3206 303
3207 305
3208 299
3209 307
3210 308
3211 312
3212 307
3213 304
3214 308
3215 304
3216 304
3217 302
3218 308
3219 292
3220 306
3221 311
3222 308
3223 310
3224 313
3225 313
3226 305
3227 307
3228 310
3229 304
3230 312
3231 313
3232 313
3233 301
3234 308
3235 316
3236 310
3237 304
3238 305
3239 308
3240 309
3241 306
3242 307
3243 308
3244 309
3245 303
3246 306
3247 302
3248 301
3249 303
3250 306
3251 306
3252 300
3253 303
3254 300
3255 310
3256 307
3257 298
3258 307
3259 310
3260 305
3261 304
3262 304
3263 310
3264 304
3265 300
3266 296
3267 303
3268 310
3269 310
3270 304
3271 298
3272 309
3273 314
3274 304
3275 308
3276 317
3277 299
3278 309
3279 305
3280 311
3281 312
3282 309
3283 311
3284 308
3285 312
3286 307
3287 310
3288 317
3289 306
3290 303
3291 308
3292 300
3293 302
3294 302
3295 310
3296 307
3297 303
3298 306
3299 306
3300 304
3301 299
3302 301
3303 299
3304 297
3305 301
3306 300
3307 305
3308 296
3309 300
3310 301
3311 301
3312 305
3313 307
3314 298
3315 306
3316 310
3317 303
3318 298
3319 302
3320 302
3321 307
3322 299
3323 304
3324 302
3325 307
3326 303
3327 304
3328 299
3329 306
3330 299
3331 301
3332 302
3333 310
3334 304
3335 305
3336 305
3337 304
3338 298
3339 291
3340 306
3341 299
3342 296
3343 294
3344 296
3345 302
3346 314
3347 306
3348 308
3349 314
3350 316
3351 318
3352 317
3353 313
3354 311
3355 304
3356 310
3357 306
3358 313
3359 307
3360 313
3361 309
3362 313
3363 309
3364 308
3365 311
3366 307
3367 301
3368 309
3369 318
3370 319
3371 313
3372 313
3373 312
3374 314
3375 316
3376 313
3377 315
3378 313
3379 312
3380 309
3381 312
3382 319
3383 314
3384 307
3385 311
3386 307
3387 301
3388 308
3389 317
3390 304
3391 304
3392 310
3393 310
3394 310
3395 316
3396 320
3397 318
3398 307
3399 313
3400 325
3401 312
3402 308
3403 312
3404 313
3405 315
3406 317
3407 316
3408 304
3409 317
3410 319
3411 317
3412 326
3413 310
3414 322
3415 314
3416 324
3417 320
3418 312
3419 309
3420 322
3421 319
3422 323
3423 321
3424 329
3425 315
3426 318
3427 327
3428 316
3429 321
3430 310
3431 319
3432 318
3433 312
3434 315
3435 317
3436 323
3437 318
3438 323
3439 315
3440 321
3441 314
3442 315
3443 318
3444 317
3445 327
3446 314
3447 322
3448 311
3449 316
3450 312
3451 316
3452 309
3453 313
3454 305
3455 310
3456 304
3457 302
3458 302
3459 298
3460 300
3461 303
3462 308
3463 300
3464 299
3465 300
3466 299
3467 306
3468 303
3469 300
3470 295
3471 300
3472 301
3473 300
3474 302
3475 301
3476 294
3477 292
3478 292
3479 302
3480 296
3481 288
3482 297
3483 297
3484 291
3485 303
3486 303
3487 291
3488 302
3489 301
3490 298
3491 297
3492 305
3493 300
3494 299
3495 299
3496 296
3497 304
3498 297
3499 302
3500 299
3501 301
3502 301
3503 301
3504 307
3505 303
3506 306
3507 304
3508 299
3509 299
3510 299
3511 302
3512 294
3513 295
3514 297
3515 301
3516 307
3517 306
3518 303
3519 310
3520 307
3521 304
3522 314
3523 306
3524 307
3525 312
3526 304
3527 313
3528 307
3529 310
3530 310
3531 303
3532 305
3533 309
3534 301
3535 306
3536 319
3537 307
3538 298
3539 305
3540 302
3541 303
3542 307
3543 306
3544 308
3545 306
3546 321
3547 308
3548 310
3549 307
3550 305
3551 308
3552 311
3553 309
3554 303
3555 310
3556 313
3557 306
3558 308
3559 310
3560 304
3561 309
3562 316
3563 307
3564 291
3565 302
3566 307
3567 303
3568 306
3569 303
3570 303
3571 299
3572 296
3573 301
3574 304
3575 304
3576 303
3577 304
3578 299
3579 304
3580 302
3581 300
3582 297
3583 298
3584 295
3585 299
3586 302
3587 310
3588 308
3589 304
3590 307
3591 302
3592 307
3593 302
3594 294
3595 297
3596 307
3597 309
3598 299
3599 311
3600 309
3601 315
3602 314
3603 311
3604 315
3605 312
3606 315
3607 307
3608 318
3609 319
3610 318
3611 310
3612 302
3613 303
3614 312
3615 309
3616 308
3617 311
3618 317
3619 311
3620 312
3621 312
3622 311
3623 309
3624 314
3625 309
3626 307
3627 312
3628 311
3629 304
3630 309
3631 308
3632 311
3633 303
3634 307
3635 303
3636 303
3637 306
3638 320
3639 315
3640 303
3641 312
3642 312
3643 311
3644 301
3645 315
3646 306
3647 312
3648 315
3649 311
3650 315
3651 308
3652 308
3653 297
3654 306
3655 311
3656 298
3657 302
3658 298
3659 313
3660 303
3661 304
3662 306
3663 304
3664 306
3665 305
3666 303
3667 309
3668 305
3669 306
3670 311
3671 306
3672 298
3673 300
3674 312
3675 303
3676 306
3677 301
3678 303
3679 291
3680 304
3681 297
3682 299
3683 296
3684 303
3685 308
3686 300
3687 298
3688 301
3689 308
3690 299
3691 301
3692 293
3693 293
3694 302
3695 304
3696 296
3697 302
3698 306
3699 302
3700 296
3701 295
3702 293
3703 295
3704 296
3705 298
3706 299
3707 306
3708 295
3709 298
3710 299
3711 298
3712 298
3713 301
3714 299
3715 295
3716 302
3717 295
3718 298
3719 296
3720 302
3721 297
3722 308
3723 301
3724 303
3725 302
3726 306
3727 308
3728 302
3729 293
3730 303
3731 301
3732 291
3733 301
3734 295
3735 301
3736 299
3737 303
3738 301
3739 301
3740 305
3741 292
3742 292
3743 296
3744 295
3745 297
3746 295
3747 303
3748 297
3749 298
3750 302
3751 286
3752 287
3753 291
3754 306
3755 290
3756 298
3757 308
3758 297
3759 303
3760 290
3761 291
3762 297
3763 285
3764 293
3765 299
3766 300
3767 303
3768 304
3769 299
3770 302
3771 296
3772 291
3773 296
3774 301
3775 297
3776 291
3777 298
3778 294
3779 301
3780 299
3781 300
3782 301
3783 299
3784 303
3785 302
3786 303
3787 301
3788 308
3789 303
3790 304
3791 320
3792 317
3793 310
3794 314
3795 314
3796 312
3797 313
3798 315
3799 315
3800 316
3801 310
3802 310
3803 312
3804 302
3805 304
3806 309
3807 313
3808 311
3809 314
3810 316
3811 312
3812 305
3813 307
3814 300
3815 304
3816 304
3817 312
3818 315
3819 313
3820 316
3821 314
3822 306
3823 304
3824 302
3825 302
3826 301
3827 308
3828 302
3829 302
3830 305
3831 308
3832 302
3833 298
3834 296
3835 303
3836 300
3837 296
3838 304
3839 297
3840 293
3841 291
3842 290
3843 291
3844 288
3845 292
3846 289
3847 299
3848 297
3849 301
3850 301
3851 301
3852 304
3853 308
3854 300
3855 307
3856 298
3857 301
3858 297
3859 294
3860 305
3861 298
3862 297
3863 294
3864 297
3865 298
3866 293
3867 294
3868 300
3869 288
3870 297
3871 289
3872 298
3873 298
3874 295
3875 296
3876 297
3877 282
3878 294
3879 296
3880 286
3881 292
3882 289
3883 290
3884 291
3885 289
3886 290
3887 286
3888 290
3889 296
3890 291
3891 298
3892 293
3893 291
3894 294
3895 296
3896 292
3897 299
3898 302
3899 294
3900 299
3901 295
3902 303
3903 304
3904 295
3905 296
3906 298
3907 299
3908 288
3909 295
3910 294
3911 306
3912 297
3913 293
3914 301
3915 302
3916 298
3917 299
3918 297
3919 307
3920 300
3921 292
3922 296
3923 302
3924 293
3925 301
3926 296
3927 301
3928 294
3929 299
3930 297
3931 298
3932 300
3933 302
3934 301
3935 293
3936 299
3937 301
3938 297
3939 301
3940 296
3941 305
3942 302
3943 296
3944 291
3945 299
3946 298
3947 298
3948 294
3949 294
3950 296
3951 301
3952 298
3953 296
3954 295
3955 297
3956 307
3957 297
3958 292
3959 301
3960 299
3961 295
3962 293
3963 297
3964 295
3965 294
3966 289
3967 289
3968 295
3969 297
3970 292
3971 298
3972 295
3973 296
3974 297
3975 299
3976 294
3977 290
3978 289
3979 292
3980 297
3981 291
3982 299
3983 286
3984 293
3985 300
3986 287
3987 290
3988 296
