200.00000000000000000000   0
200.10000000000000000000   0
200.20000000000000000000   0
200.30000000000000000000   0
200.40000000000000000000   0
200.50000000000000000000   0
200.60000000000000000000   0
200.70000000000000000000   0
200.80000000000000000000   0
200.90000000000000000000   0
201.00000000000000000000   0
201.10000000000000000000   0
201.20000000000000000000   0
201.30000000000000000000   0
201.40000000000000000000   2
201.50000000000000000000   0
201.60000000000000000000   1
201.70000000000000000000   0
201.80000000000000000000   0
201.90000000000000000000   0
202.00000000000000000000   0
202.10000000000000000000   0
202.20000000000000000000   0
202.30000000000000000000   2
202.40000000000000000000   0
202.50000000000000000000   0
202.60000000000000000000   1
202.70000000000000000000   1
202.80000000000000000000   0
202.90000000000000000000   2
203.00000000000000000000   0
203.10000000000000000000   0
203.20000000000000000000   0
203.30000000000000000000   0
203.40000000000000000000   2
203.50000000000000000000   0
203.60000000000000000000   0
203.70000000000000000000   2
203.80000000000000000000   0
203.90000000000000000000   0
204.00000000000000000000   0
204.10000000000000000000   0
204.20000000000000000000   2
204.30000000000000000000   1
204.40000000000000000000   1
204.50000000000000000000   1
204.60000000000000000000   1
204.70000000000000000000   0
204.80000000000000000000   0
204.90000000000000000000   0
205.00000000000000000000   0
205.10000000000000000000   1
205.20000000000000000000   4
205.30000000000000000000   4
205.40000000000000000000   2
205.50000000000000000000   0
205.60000000000000000000   0
205.70000000000000000000   0
205.80000000000000000000   0
205.90000000000000000000   0
206.00000000000000000000   0
206.10000000000000000000   4
206.20000000000000000000   4
206.30000000000000000000   0
206.40000000000000000000   0
206.50000000000000000000   0
206.60000000000000000000   0
206.70000000000000000000   4
206.80000000000000000000   4
206.90000000000000000000   2
207.00000000000000000000   3
207.10000000000000000000   4
207.20000000000000000000   3
207.30000000000000000000   6
207.40000000000000000000   4
207.50000000000000000000   4
207.60000000000000000000   6
207.70000000000000000000   7
207.80000000000000000000   4
207.90000000000000000000   0
208.00000000000000000000   0
208.10000000000000000000   1
208.20000000000000000000   2
208.30000000000000000000   2
208.40000000000000000000   0
208.50000000000000000000   2
208.60000000000000000000   0
208.70000000000000000000   0
208.80000000000000000000   0
208.90000000000000000000   0
209.00000000000000000000   0
209.10000000000000000000   1
209.20000000000000000000   0
209.30000000000000000000   0
209.40000000000000000000   1
209.50000000000000000000   0
209.60000000000000000000   0
209.70000000000000000000   0
209.80000000000000000000   1
209.90000000000000000000   4
210.00000000000000000000   3
210.10000000000000000000   2
210.20000000000000000000   3
210.30000000000000000000   3
210.40000000000000000000   2
210.50000000000000000000   0
210.60000000000000000000   1
210.70000000000000000000   1
210.80000000000000000000   0
210.90000000000000000000   2
211.00000000000000000000   2
211.10000000000000000000   3
211.20000000000000000000   0
211.30000000000000000000   0
211.40000000000000000000   1
211.50000000000000000000   0
211.60000000000000000000   1
211.70000000000000000000   1
211.80000000000000000000   2
211.90000000000000000000   2
212.00000000000000000000   1
212.10000000000000000000   1
212.20000000000000000000   1
212.30000000000000000000   1
212.40000000000000000000   0
212.50000000000000000000   0
212.60000000000000000000   1
212.70000000000000000000   0
212.80000000000000000000   0
212.90000000000000000000   0
213.00000000000000000000   0
213.10000000000000000000   1
213.20000000000000000000   0
213.30000000000000000000   1
213.40000000000000000000   0
213.50000000000000000000   0
213.60000000000000000000   1
213.70000000000000000000   0
213.80000000000000000000   0
213.90000000000000000000   1
214.00000000000000000000   1
214.10000000000000000000   0
214.20000000000000000000   1
214.30000000000000000000   1
214.40000000000000000000   1
214.50000000000000000000   0
214.60000000000000000000   2
214.70000000000000000000   0
214.80000000000000000000   0
214.90000000000000000000   0
215.00000000000000000000   1
215.10000000000000000000   1
215.20000000000000000000   0
215.30000000000000000000   0
215.40000000000000000000   0
215.50000000000000000000   1
215.60000000000000000000   0
215.70000000000000000000   0
215.80000000000000000000   0
215.90000000000000000000   0
216.00000000000000000000   0
216.10000000000000000000   0
216.20000000000000000000   0
216.30000000000000000000   0
216.40000000000000000000   0
216.50000000000000000000   0
216.60000000000000000000   0
216.70000000000000000000   0
216.80000000000000000000   0
216.90000000000000000000   0
217.00000000000000000000   2
217.10000000000000000000   2
217.20000000000000000000   1
217.30000000000000000000   2
217.40000000000000000000   0
217.50000000000000000000   0
217.60000000000000000000   0
217.70000000000000000000   0
217.80000000000000000000   0
217.90000000000000000000   0
218.00000000000000000000   0
218.10000000000000000000   0
218.20000000000000000000   0
218.30000000000000000000   0
218.40000000000000000000   1
218.50000000000000000000   0
218.60000000000000000000   1
218.70000000000000000000   1
218.80000000000000000000   0
218.90000000000000000000   0
219.00000000000000000000   0
219.10000000000000000000   2
219.20000000000000000000   0
219.30000000000000000000   2
219.40000000000000000000   1
219.50000000000000000000   2
219.60000000000000000000   0
219.70000000000000000000   1
219.80000000000000000000   0
219.90000000000000000000   1
220.00000000000000000000   0
220.10000000000000000000   0
220.20000000000000000000   0
220.30000000000000000000   0
220.40000000000000000000   0
220.50000000000000000000   0
220.60000000000000000000   0
220.70000000000000000000   0
220.80000000000000000000   0
220.90000000000000000000   0
221.00000000000000000000   0
221.10000000000000000000   0
221.20000000000000000000   0
221.30000000000000000000   0
221.40000000000000000000   0
221.50000000000000000000   0
221.60000000000000000000   0
221.70000000000000000000   1
221.80000000000000000000   2
221.90000000000000000000   2
222.00000000000000000000   3
222.10000000000000000000   3
222.20000000000000000000   2
222.30000000000000000000   3
222.40000000000000000000   1
222.50000000000000000000   1
222.60000000000000000000   3
222.70000000000000000000   2
222.80000000000000000000   2
222.90000000000000000000   2
223.00000000000000000000   2
223.10000000000000000000   3
223.20000000000000000000   2
223.30000000000000000000   0
223.40000000000000000000   0
223.50000000000000000000   0
223.60000000000000000000   1
223.70000000000000000000   2
223.80000000000000000000   0
223.90000000000000000000   0
224.00000000000000000000   3
224.10000000000000000000   2
224.20000000000000000000   0
224.30000000000000000000   2
224.40000000000000000000   0
224.50000000000000000000   1
224.60000000000000000000   0
224.70000000000000000000   0
224.80000000000000000000   0
224.90000000000000000000   3
225.00000000000000000000   1
225.10000000000000000000   2
225.20000000000000000000   3
225.30000000000000000000   1
225.40000000000000000000   0
225.50000000000000000000   0
225.60000000000000000000   0
225.70000000000000000000   0
225.80000000000000000000   0
225.90000000000000000000   0
226.00000000000000000000   0
226.10000000000000000000   0
226.20000000000000000000   0
226.30000000000000000000   0
226.40000000000000000000   0
226.50000000000000000000   0
226.60000000000000000000   0
226.70000000000000000000   0
226.80000000000000000000   0
226.90000000000000000000   0
227.00000000000000000000   0
227.10000000000000000000   0
227.20000000000000000000   0
227.30000000000000000000   0
227.40000000000000000000   0
227.50000000000000000000   0
227.60000000000000000000   0
227.70000000000000000000   0
227.80000000000000000000   0
227.90000000000000000000   2
228.00000000000000000000   2
228.10000000000000000000   3
228.20000000000000000000   2
228.30000000000000000000   1
228.40000000000000000000   2
228.50000000000000000000   0
228.60000000000000000000   0
228.70000000000000000000   0
228.80000000000000000000   0
228.90000000000000000000   0
229.00000000000000000000   0
229.10000000000000000000   1
229.20000000000000000000   0
229.30000000000000000000   0
229.40000000000000000000   0
229.50000000000000000000   0
229.60000000000000000000   0
229.70000000000000000000   0
229.80000000000000000000   1
229.90000000000000000000   0
230.00000000000000000000   1
230.10000000000000000000   0
230.20000000000000000000   0
230.30000000000000000000   0
230.40000000000000000000   0
230.50000000000000000000   0
230.60000000000000000000   0
230.70000000000000000000   1
230.80000000000000000000   0
230.90000000000000000000   0
231.00000000000000000000   1
231.10000000000000000000   0
231.20000000000000000000   2
231.30000000000000000000   2
231.40000000000000000000   0
231.50000000000000000000   0
231.60000000000000000000   0
231.70000000000000000000   0
231.80000000000000000000   0
231.90000000000000000000   0
232.00000000000000000000   0
232.10000000000000000000   0
232.20000000000000000000   0
232.30000000000000000000   0
232.40000000000000000000   0
232.50000000000000000000   0
232.60000000000000000000   0
232.70000000000000000000   1
232.80000000000000000000   1
232.90000000000000000000   1
233.00000000000000000000   1
233.10000000000000000000   0
233.20000000000000000000   1
233.30000000000000000000   2
233.40000000000000000000   0
233.50000000000000000000   0
233.60000000000000000000   0
233.70000000000000000000   3
233.80000000000000000000   0
233.90000000000000000000   0
234.00000000000000000000   0
234.10000000000000000000   0
234.20000000000000000000   0
234.30000000000000000000   0
234.40000000000000000000   0
234.50000000000000000000   0
234.60000000000000000000   0
234.70000000000000000000   0
234.80000000000000000000   0
234.90000000000000000000   0
235.00000000000000000000   0
235.10000000000000000000   0
235.20000000000000000000   0
235.30000000000000000000   0
235.40000000000000000000   0
235.50000000000000000000   0
235.60000000000000000000   1
235.70000000000000000000   0
235.80000000000000000000   0
235.90000000000000000000   0
236.00000000000000000000   0
236.10000000000000000000   0
236.20000000000000000000   0
236.30000000000000000000   0
236.40000000000000000000   0
236.50000000000000000000   0
236.60000000000000000000   0
236.70000000000000000000   1
236.80000000000000000000   1
236.90000000000000000000   0
237.00000000000000000000   1
237.10000000000000000000   1
237.20000000000000000000   0
237.30000000000000000000   0
237.40000000000000000000   0
237.50000000000000000000   0
237.60000000000000000000   0
237.70000000000000000000   0
237.80000000000000000000   0
237.90000000000000000000   0
238.00000000000000000000   0
238.10000000000000000000   2
238.20000000000000000000   0
238.30000000000000000000   0
238.40000000000000000000   1
238.50000000000000000000   0
238.60000000000000000000   1
238.70000000000000000000   0
238.80000000000000000000   0
238.90000000000000000000   0
239.00000000000000000000   0
239.10000000000000000000   0
239.20000000000000000000   1
239.30000000000000000000   0
239.40000000000000000000   0
239.50000000000000000000   0
239.60000000000000000000   1
239.70000000000000000000   0
239.80000000000000000000   1
239.90000000000000000000   0
240.00000000000000000000   0
240.10000000000000000000   0
240.20000000000000000000   1
240.30000000000000000000   0
240.40000000000000000000   0
240.50000000000000000000   0
240.60000000000000000000   0
240.70000000000000000000   0
240.80000000000000000000   0
240.90000000000000000000   0
241.00000000000000000000   0
241.10000000000000000000   0
241.20000000000000000000   0
241.30000000000000000000   0
241.40000000000000000000   1
241.50000000000000000000   0
241.60000000000000000000   0
241.70000000000000000000   0
241.80000000000000000000   0
241.90000000000000000000   0
242.00000000000000000000   0
242.10000000000000000000   0
242.20000000000000000000   0
242.30000000000000000000   1
242.40000000000000000000   0
242.50000000000000000000   0
242.60000000000000000000   0
242.70000000000000000000   0
242.80000000000000000000   0
242.90000000000000000000   0
243.00000000000000000000   0
243.10000000000000000000   0
243.20000000000000000000   0
243.30000000000000000000   1
243.40000000000000000000   0
243.50000000000000000000   0
243.60000000000000000000   1
243.70000000000000000000   2
243.80000000000000000000   2
243.90000000000000000000   2
244.00000000000000000000   4
244.10000000000000000000   3
244.20000000000000000000   2
244.30000000000000000000   1
244.40000000000000000000   2
244.50000000000000000000   0
244.60000000000000000000   0
244.70000000000000000000   0
244.80000000000000000000   0
244.90000000000000000000   0
245.00000000000000000000   0
245.10000000000000000000   0
245.20000000000000000000   0
245.30000000000000000000   0
245.40000000000000000000   0
245.50000000000000000000   0
245.60000000000000000000   0
245.70000000000000000000   0
245.80000000000000000000   0
245.90000000000000000000   0
246.00000000000000000000   0
246.10000000000000000000   0
246.20000000000000000000   0
246.30000000000000000000   1
246.40000000000000000000   0
246.50000000000000000000   1
246.60000000000000000000   0
246.70000000000000000000   0
246.80000000000000000000   0
246.90000000000000000000   3
247.00000000000000000000   1
247.10000000000000000000   1
247.20000000000000000000   3
247.30000000000000000000   4
247.40000000000000000000   4
247.50000000000000000000   5
247.60000000000000000000   4
247.70000000000000000000   4
247.80000000000000000000   5
247.90000000000000000000   4
248.00000000000000000000   5
248.10000000000000000000   2
248.20000000000000000000   5
248.30000000000000000000   5
248.40000000000000000000   5
248.50000000000000000000   5
248.60000000000000000000   6
248.70000000000000000000   6
248.80000000000000000000   5
248.90000000000000000000   5
249.00000000000000000000   5
249.10000000000000000000   5
249.20000000000000000000   6
249.30000000000000000000   2
249.40000000000000000000   5
249.50000000000000000000   4
249.60000000000000000000   4
249.70000000000000000000   4
249.80000000000000000000   4
249.90000000000000000000   6
250.00000000000000000000   4
250.10000000000000000000   5
250.20000000000000000000   4
250.30000000000000000000   3
250.40000000000000000000   5
250.50000000000000000000   5
250.60000000000000000000   3
250.70000000000000000000   6
250.80000000000000000000   4
250.90000000000000000000   4
251.00000000000000000000   4
251.10000000000000000000   5
251.20000000000000000000   3
251.30000000000000000000   4
251.40000000000000000000   4
251.50000000000000000000   4
251.60000000000000000000   3
251.70000000000000000000   5
251.80000000000000000000   4
251.90000000000000000000   3
252.00000000000000000000   3
252.10000000000000000000   3
252.20000000000000000000   2
252.30000000000000000000   4
252.40000000000000000000   4
252.50000000000000000000   5
252.60000000000000000000   4
252.70000000000000000000   5
252.80000000000000000000   3
252.90000000000000000000   5
253.00000000000000000000   5
253.10000000000000000000   6
253.20000000000000000000   6
253.30000000000000000000   5
253.40000000000000000000   3
253.50000000000000000000   3
253.60000000000000000000   5
253.70000000000000000000   6
253.80000000000000000000   4
253.90000000000000000000   5
254.00000000000000000000   5
254.10000000000000000000   5
254.20000000000000000000   5
254.30000000000000000000   3
254.40000000000000000000   5
254.50000000000000000000   5
254.60000000000000000000   4
254.70000000000000000000   4
254.80000000000000000000   2
254.90000000000000000000   5
255.00000000000000000000   6
255.10000000000000000000   5
255.20000000000000000000   2
255.30000000000000000000   4
255.40000000000000000000   5
255.50000000000000000000   5
255.60000000000000000000   5
255.70000000000000000000   5
255.80000000000000000000   1
255.90000000000000000000   3
256.00000000000000000000   4
256.10000000000000000000   3
256.20000000000000000000   4
256.30000000000000000000   2
256.40000000000000000000   3
256.50000000000000000000   4
256.60000000000000000000   3
256.70000000000000000000   2
256.80000000000000000000   4
256.90000000000000000000   4
257.00000000000000000000   4
257.10000000000000000000   4
257.20000000000000000000   3
257.30000000000000000000   2
257.40000000000000000000   5
257.50000000000000000000   7
257.60000000000000000000   5
257.70000000000000000000   7
257.80000000000000000000   6
257.90000000000000000000   7
258.00000000000000000000   5
258.10000000000000000000   7
258.20000000000000000000   5
258.30000000000000000000   5
258.40000000000000000000   4
258.50000000000000000000   6
258.60000000000000000000   4
258.70000000000000000000   2
258.80000000000000000000   2
258.90000000000000000000   3
259.00000000000000000000   3
259.10000000000000000000   5
259.20000000000000000000   5
259.30000000000000000000   3
259.40000000000000000000   4
259.50000000000000000000   5
259.60000000000000000000   4
259.70000000000000000000   5
259.80000000000000000000   4
259.90000000000000000000   3
260.00000000000000000000   4
260.10000000000000000000   6
260.20000000000000000000   5
260.30000000000000000000   4
260.40000000000000000000   4
260.50000000000000000000   4
260.60000000000000000000   4
260.70000000000000000000   4
260.80000000000000000000   5
260.90000000000000000000   5
261.00000000000000000000   6
261.10000000000000000000   5
261.20000000000000000000   4
261.30000000000000000000   4
261.40000000000000000000   6
261.50000000000000000000   4
261.60000000000000000000   4
261.70000000000000000000   5
261.80000000000000000000   4
261.90000000000000000000   7
262.00000000000000000000   7
262.10000000000000000000   6
262.20000000000000000000   5
262.30000000000000000000   4
262.40000000000000000000   5
262.50000000000000000000   6
262.60000000000000000000   6
262.70000000000000000000   5
262.80000000000000000000   5
262.90000000000000000000   4
263.00000000000000000000   5
263.10000000000000000000   6
263.20000000000000000000   6
263.30000000000000000000   5
263.40000000000000000000   7
263.50000000000000000000   7
263.60000000000000000000   6
263.70000000000000000000   7
263.80000000000000000000   5
263.90000000000000000000   7
264.00000000000000000000   5
264.10000000000000000000   4
264.20000000000000000000   6
264.30000000000000000000   5
264.40000000000000000000   4
264.50000000000000000000   4
264.60000000000000000000   4
264.70000000000000000000   6
264.80000000000000000000   5
264.90000000000000000000   5
265.00000000000000000000   6
265.10000000000000000000   5
265.20000000000000000000   5
265.30000000000000000000   5
265.40000000000000000000   4
265.50000000000000000000   4
265.60000000000000000000   4
265.70000000000000000000   4
265.80000000000000000000   3
265.90000000000000000000   4
266.00000000000000000000   7
266.10000000000000000000   5
266.20000000000000000000   4
266.30000000000000000000   4
266.40000000000000000000   3
266.50000000000000000000   4
266.60000000000000000000   5
266.70000000000000000000   4
266.80000000000000000000   5
266.90000000000000000000   6
267.00000000000000000000   4
267.10000000000000000000   4
267.20000000000000000000   5
267.30000000000000000000   4
267.40000000000000000000   4
267.50000000000000000000   5
267.60000000000000000000   4
267.70000000000000000000   5
267.80000000000000000000   5
267.90000000000000000000   5
268.00000000000000000000   6
268.10000000000000000000   5
268.20000000000000000000   6
268.30000000000000000000   5
268.40000000000000000000   5
268.50000000000000000000   5
268.60000000000000000000   4
268.70000000000000000000   4
268.80000000000000000000   3
268.90000000000000000000   2
269.00000000000000000000   2
269.10000000000000000000   2
269.20000000000000000000   3
269.30000000000000000000   3
269.40000000000000000000   2
269.50000000000000000000   1
269.60000000000000000000   0
269.70000000000000000000   0
269.80000000000000000000   0
269.90000000000000000000   2
270.00000000000000000000   1
270.10000000000000000000   1
270.20000000000000000000   2
270.30000000000000000000   2
270.40000000000000000000   3
270.50000000000000000000   1
270.60000000000000000000   4
270.70000000000000000000   2
270.80000000000000000000   1
270.90000000000000000000   1
271.00000000000000000000   2
271.10000000000000000000   4
271.20000000000000000000   1
271.30000000000000000000   0
271.40000000000000000000   2
271.50000000000000000000   0
271.60000000000000000000   2
271.70000000000000000000   0
271.80000000000000000000   0
271.90000000000000000000   3
272.00000000000000000000   4
272.10000000000000000000   3
272.20000000000000000000   5
272.30000000000000000000   4
272.40000000000000000000   5
272.50000000000000000000   3
272.60000000000000000000   4
272.70000000000000000000   6
272.80000000000000000000   1
272.90000000000000000000   1
273.00000000000000000000   4
273.10000000000000000000   3
273.20000000000000000000   3
273.30000000000000000000   5
273.40000000000000000000   3
273.50000000000000000000   6
273.60000000000000000000   5
273.70000000000000000000   4
273.80000000000000000000   4
273.90000000000000000000   7
274.00000000000000000000   7
274.10000000000000000000   6
274.20000000000000000000   7
274.30000000000000000000   4
274.40000000000000000000   5
274.50000000000000000000   4
274.60000000000000000000   2
274.70000000000000000000   4
274.80000000000000000000   6
274.90000000000000000000   2
275.00000000000000000000   4
275.10000000000000000000   3
275.20000000000000000000   3
275.30000000000000000000   4
275.40000000000000000000   3
275.50000000000000000000   6
275.60000000000000000000   5
275.70000000000000000000   5
275.80000000000000000000   3
275.90000000000000000000   4
276.00000000000000000000   5
276.10000000000000000000   4
276.20000000000000000000   5
276.30000000000000000000   5
276.40000000000000000000   5
276.50000000000000000000   5
276.60000000000000000000   6
276.70000000000000000000   5
276.80000000000000000000   4
276.90000000000000000000   4
277.00000000000000000000   9
277.10000000000000000000   7
277.20000000000000000000   4
277.30000000000000000000   4
277.40000000000000000000   4
277.50000000000000000000   4
277.60000000000000000000   6
277.70000000000000000000   6
277.80000000000000000000   2
277.90000000000000000000   2
278.00000000000000000000   4
278.10000000000000000000   4
278.20000000000000000000   4
278.30000000000000000000   6
278.40000000000000000000   4
278.50000000000000000000   4
278.60000000000000000000   6
278.70000000000000000000   6
278.80000000000000000000   4
278.90000000000000000000   4
279.00000000000000000000   5
279.10000000000000000000   4
279.20000000000000000000   5
279.30000000000000000000   5
279.40000000000000000000   5
279.50000000000000000000   7
279.60000000000000000000   5
279.70000000000000000000   6
279.80000000000000000000   6
279.90000000000000000000   7
280.00000000000000000000   6
280.10000000000000000000   4
280.20000000000000000000   7
280.30000000000000000000   5
280.40000000000000000000   2
280.50000000000000000000   4
280.60000000000000000000   5
280.70000000000000000000   5
280.80000000000000000000   4
280.90000000000000000000   4
281.00000000000000000000   4
281.10000000000000000000   6
281.20000000000000000000   4
281.30000000000000000000   4
281.40000000000000000000   3
281.50000000000000000000   2
281.60000000000000000000   0
281.70000000000000000000   1
281.80000000000000000000   0
281.90000000000000000000   0
282.00000000000000000000   2
282.10000000000000000000   3
282.20000000000000000000   3
282.30000000000000000000   3
282.40000000000000000000   5
282.50000000000000000000   5
282.60000000000000000000   3
282.70000000000000000000   2
282.80000000000000000000   3
282.90000000000000000000   5
283.00000000000000000000   2
283.10000000000000000000   3
283.20000000000000000000   5
283.30000000000000000000   6
283.40000000000000000000   4
283.50000000000000000000   3
283.60000000000000000000   4
283.70000000000000000000   3
283.80000000000000000000   4
283.90000000000000000000   5
284.00000000000000000000   4
284.10000000000000000000   5
284.20000000000000000000   3
284.30000000000000000000   5
284.40000000000000000000   4
284.50000000000000000000   1
284.60000000000000000000   0
284.70000000000000000000   0
284.80000000000000000000   1
284.90000000000000000000   2
285.00000000000000000000   5
285.10000000000000000000   5
285.20000000000000000000   4
285.30000000000000000000   6
285.40000000000000000000   5
285.50000000000000000000   4
285.60000000000000000000   4
285.70000000000000000000   5
285.80000000000000000000   5
285.90000000000000000000   6
286.00000000000000000000   4
286.10000000000000000000   2
286.20000000000000000000   3
286.30000000000000000000   2
286.40000000000000000000   2
286.50000000000000000000   6
286.60000000000000000000   4
286.70000000000000000000   2
286.80000000000000000000   3
286.90000000000000000000   5
287.00000000000000000000   5
287.10000000000000000000   5
287.20000000000000000000   4
287.30000000000000000000   5
287.40000000000000000000   5
287.50000000000000000000   6
287.60000000000000000000   5
287.70000000000000000000   5
287.80000000000000000000   5
287.90000000000000000000   6
288.00000000000000000000   5
288.10000000000000000000   4
288.20000000000000000000   5
288.30000000000000000000   5
288.40000000000000000000   7
288.50000000000000000000   6
288.60000000000000000000   6
288.70000000000000000000   8
288.80000000000000000000   8
288.90000000000000000000   6
289.00000000000000000000   7
289.10000000000000000000   4
289.20000000000000000000   5
289.30000000000000000000   4
289.40000000000000000000   4
289.50000000000000000000   5
289.60000000000000000000   5
289.70000000000000000000   5
289.80000000000000000000   4
289.90000000000000000000   5
290.00000000000000000000   8
290.10000000000000000000   5
290.20000000000000000000   5
290.30000000000000000000   7
290.40000000000000000000   6
290.50000000000000000000   5
290.60000000000000000000   6
290.70000000000000000000   6
290.80000000000000000000   7
290.90000000000000000000   5
291.00000000000000000000   5
291.10000000000000000000   6
291.20000000000000000000   3
291.30000000000000000000   4
291.40000000000000000000   4
291.50000000000000000000   5
291.60000000000000000000   4
291.70000000000000000000   2
291.80000000000000000000   4
291.90000000000000000000   1
292.00000000000000000000   3
292.10000000000000000000   6
292.20000000000000000000   4
292.30000000000000000000   4
292.40000000000000000000   5
292.50000000000000000000   4
292.60000000000000000000   6
292.70000000000000000000   5
292.80000000000000000000   6
292.90000000000000000000   6
293.00000000000000000000   5
293.10000000000000000000   5
293.20000000000000000000   4
293.30000000000000000000   4
293.40000000000000000000   4
293.50000000000000000000   4
293.60000000000000000000   4
293.70000000000000000000   3
293.80000000000000000000   4
293.90000000000000000000   3
294.00000000000000000000   5
294.10000000000000000000   5
294.20000000000000000000   4
294.30000000000000000000   3
294.40000000000000000000   3
294.50000000000000000000   6
294.60000000000000000000   3
294.70000000000000000000   4
294.80000000000000000000   5
294.90000000000000000000   5
295.00000000000000000000   5
295.10000000000000000000   4
295.20000000000000000000   6
295.30000000000000000000   5
295.40000000000000000000   6
295.50000000000000000000   5
295.60000000000000000000   4
295.70000000000000000000   4
295.80000000000000000000   2
295.90000000000000000000   5
296.00000000000000000000   3
296.10000000000000000000   3
296.20000000000000000000   4
296.30000000000000000000   3
296.40000000000000000000   5
296.50000000000000000000   5
296.60000000000000000000   5
296.70000000000000000000   2
296.80000000000000000000   4
296.90000000000000000000   6
297.00000000000000000000   4
297.10000000000000000000   5
297.20000000000000000000   5
297.30000000000000000000   5
297.40000000000000000000   5
297.50000000000000000000   5
297.60000000000000000000   4
297.70000000000000000000   3
297.80000000000000000000   6
297.90000000000000000000   6
298.00000000000000000000   5
298.10000000000000000000   6
298.20000000000000000000   5
298.30000000000000000000   6
298.40000000000000000000   5
298.50000000000000000000   6
298.60000000000000000000   5
298.70000000000000000000   3
298.80000000000000000000   3
298.90000000000000000000   3
299.00000000000000000000   3
299.10000000000000000000   6
299.20000000000000000000   5
299.30000000000000000000   3
299.40000000000000000000   5
299.50000000000000000000   6
299.60000000000000000000   6
299.70000000000000000000   5
299.80000000000000000000   3
299.90000000000000000000   6
300.00000000000000000000   6
300.10000000000000000000   6
300.20000000000000000000   6
300.30000000000000000000   3
300.40000000000000000000   5
300.50000000000000000000   6
300.60000000000000000000   2
300.70000000000000000000   3
300.80000000000000000000   3
300.90000000000000000000   5
301.00000000000000000000   5
301.10000000000000000000   5
301.20000000000000000000   3
301.30000000000000000000   5
301.40000000000000000000   6
301.50000000000000000000   5
301.60000000000000000000   5
301.70000000000000000000   6
301.80000000000000000000   5
301.90000000000000000000   6
302.00000000000000000000   5
302.10000000000000000000   5
302.20000000000000000000   6
302.30000000000000000000   4
302.40000000000000000000   4
302.50000000000000000000   4
302.60000000000000000000   4
302.70000000000000000000   3
302.80000000000000000000   4
302.90000000000000000000   5
303.00000000000000000000   5
303.10000000000000000000   4
303.20000000000000000000   4
303.30000000000000000000   4
303.40000000000000000000   5
303.50000000000000000000   4
303.60000000000000000000   6
303.70000000000000000000   5
303.80000000000000000000   5
303.90000000000000000000   5
304.00000000000000000000   4
304.10000000000000000000   6
304.20000000000000000000   5
304.30000000000000000000   5
304.40000000000000000000   4
304.50000000000000000000   4
304.60000000000000000000   3
304.70000000000000000000   4
304.80000000000000000000   3
304.90000000000000000000   5
305.00000000000000000000   3
305.10000000000000000000   4
305.20000000000000000000   5
305.30000000000000000000   4
305.40000000000000000000   3
305.50000000000000000000   5
305.60000000000000000000   5
305.70000000000000000000   5
305.80000000000000000000   5
305.90000000000000000000   6
306.00000000000000000000   3
306.10000000000000000000   5
306.20000000000000000000   6
306.30000000000000000000   2
306.40000000000000000000   3
306.50000000000000000000   4
306.60000000000000000000   5
306.70000000000000000000   2
306.80000000000000000000   5
306.90000000000000000000   5
307.00000000000000000000   4
307.10000000000000000000   4
307.20000000000000000000   6
307.30000000000000000000   5
307.40000000000000000000   6
307.50000000000000000000   4
307.60000000000000000000   6
307.70000000000000000000   6
307.80000000000000000000   5
307.90000000000000000000   4
308.00000000000000000000   4
308.10000000000000000000   4
308.20000000000000000000   2
308.30000000000000000000   3
308.40000000000000000000   6
308.50000000000000000000   4
308.60000000000000000000   6
308.70000000000000000000   3
308.80000000000000000000   6
308.90000000000000000000   4
309.00000000000000000000   5
309.10000000000000000000   3
309.20000000000000000000   7
309.30000000000000000000   6
309.40000000000000000000   5
309.50000000000000000000   6
309.60000000000000000000   5
309.70000000000000000000   5
309.80000000000000000000   4
309.90000000000000000000   5
310.00000000000000000000   5
310.10000000000000000000   4
310.20000000000000000000   7
310.30000000000000000000   3
310.40000000000000000000   5
310.50000000000000000000   3
310.60000000000000000000   4
310.70000000000000000000   2
310.80000000000000000000   3
310.90000000000000000000   4
311.00000000000000000000   5
311.10000000000000000000   4
311.20000000000000000000   5
311.30000000000000000000   5
311.40000000000000000000   5
311.50000000000000000000   5
311.60000000000000000000   4
311.70000000000000000000   3
311.80000000000000000000   3
311.90000000000000000000   3
312.00000000000000000000   3
312.10000000000000000000   4
312.20000000000000000000   6
312.30000000000000000000   6
312.40000000000000000000   6
312.50000000000000000000   6
312.60000000000000000000   6
312.70000000000000000000   5
312.80000000000000000000   6
312.90000000000000000000   6
313.00000000000000000000   3
313.10000000000000000000   4
313.20000000000000000000   5
313.30000000000000000000   5
313.40000000000000000000   4
313.50000000000000000000   3
313.60000000000000000000   4
313.70000000000000000000   3
313.80000000000000000000   4
313.90000000000000000000   8
314.00000000000000000000   6
314.10000000000000000000   5
314.20000000000000000000   6
314.30000000000000000000   4
314.40000000000000000000   5
314.50000000000000000000   4
314.60000000000000000000   5
314.70000000000000000000   6
314.80000000000000000000   6
314.90000000000000000000   6
315.00000000000000000000   6
315.10000000000000000000   5
315.20000000000000000000   4
315.30000000000000000000   6
315.40000000000000000000   6
315.50000000000000000000   5
315.60000000000000000000   5
315.70000000000000000000   6
315.80000000000000000000   6
315.90000000000000000000   4
316.00000000000000000000   4
316.10000000000000000000   3
316.20000000000000000000   6
316.30000000000000000000   2
316.40000000000000000000   3
316.50000000000000000000   5
316.60000000000000000000   5
316.70000000000000000000   7
316.80000000000000000000   6
316.90000000000000000000   4
317.00000000000000000000   6
317.10000000000000000000   5
317.20000000000000000000   5
317.30000000000000000000   4
317.40000000000000000000   4
317.50000000000000000000   3
317.60000000000000000000   6
317.70000000000000000000   5
317.80000000000000000000   6
317.90000000000000000000   4
318.00000000000000000000   5
318.10000000000000000000   5
318.20000000000000000000   6
318.30000000000000000000   6
318.40000000000000000000   6
318.50000000000000000000   4
318.60000000000000000000   4
318.70000000000000000000   5
318.80000000000000000000   5
318.90000000000000000000   4
319.00000000000000000000   3
319.10000000000000000000   4
319.20000000000000000000   5
319.30000000000000000000   3
319.40000000000000000000   5
319.50000000000000000000   3
319.60000000000000000000   4
319.70000000000000000000   3
319.80000000000000000000   5
319.90000000000000000000   3
320.00000000000000000000   4
320.10000000000000000000   5
320.20000000000000000000   4
320.30000000000000000000   5
320.40000000000000000000   4
320.50000000000000000000   4
320.60000000000000000000   4
320.70000000000000000000   5
320.80000000000000000000   4
320.90000000000000000000   4
321.00000000000000000000   3
321.10000000000000000000   3
321.20000000000000000000   4
321.30000000000000000000   4
321.40000000000000000000   3
321.50000000000000000000   5
321.60000000000000000000   5
321.70000000000000000000   4
321.80000000000000000000   4
321.90000000000000000000   4
322.00000000000000000000   4
322.10000000000000000000   5
322.20000000000000000000   3
322.30000000000000000000   0
322.40000000000000000000   4
322.50000000000000000000   4
322.60000000000000000000   4
322.70000000000000000000   4
322.80000000000000000000   4
322.90000000000000000000   3
323.00000000000000000000   3
323.10000000000000000000   4
323.20000000000000000000   5
323.30000000000000000000   4
323.40000000000000000000   3
323.50000000000000000000   3
323.60000000000000000000   5
323.70000000000000000000   5
323.80000000000000000000   6
323.90000000000000000000   3
324.00000000000000000000   3
324.10000000000000000000   2
324.20000000000000000000   2
324.30000000000000000000   4
324.40000000000000000000   4
324.50000000000000000000   4
324.60000000000000000000   2
324.70000000000000000000   3
324.80000000000000000000   2
324.90000000000000000000   2
325.00000000000000000000   0
325.10000000000000000000   0
325.20000000000000000000   0
325.30000000000000000000   1
325.40000000000000000000   1
325.50000000000000000000   1
325.60000000000000000000   1
325.70000000000000000000   1
325.80000000000000000000   1
325.90000000000000000000   1
326.00000000000000000000   1
326.10000000000000000000   1
326.20000000000000000000   1
326.30000000000000000000   1
326.40000000000000000000   1
326.50000000000000000000   1
326.60000000000000000000   3
326.70000000000000000000   0
326.80000000000000000000   0
326.90000000000000000000   0
327.00000000000000000000   0
327.10000000000000000000   0
327.20000000000000000000   0
327.30000000000000000000   0
327.40000000000000000000   0
327.50000000000000000000   0
327.60000000000000000000   2
327.70000000000000000000   0
327.80000000000000000000   0
327.90000000000000000000   1
328.00000000000000000000   1
328.10000000000000000000   1
328.20000000000000000000   1
328.30000000000000000000   1
328.40000000000000000000   1
328.50000000000000000000   1
328.60000000000000000000   0
328.70000000000000000000   0
328.80000000000000000000   0
328.90000000000000000000   0
329.00000000000000000000   2
329.10000000000000000000   1
329.20000000000000000000   0
329.30000000000000000000   0
329.40000000000000000000   0
329.50000000000000000000   0
329.60000000000000000000   2
329.70000000000000000000   1
329.80000000000000000000   1
329.90000000000000000000   0
330.00000000000000000000   0
330.10000000000000000000   0
330.20000000000000000000   0
330.30000000000000000000   0
330.40000000000000000000   0
330.50000000000000000000   3
330.60000000000000000000   0
330.70000000000000000000   0
330.80000000000000000000   0
330.90000000000000000000   0
331.00000000000000000000   0
331.10000000000000000000   0
331.20000000000000000000   0
331.30000000000000000000   0
331.40000000000000000000   0
331.50000000000000000000   0
331.60000000000000000000   0
331.70000000000000000000   0
331.80000000000000000000   0
331.90000000000000000000   0
332.00000000000000000000   0
332.10000000000000000000   0
332.20000000000000000000   1
332.30000000000000000000   0
332.40000000000000000000   0
332.50000000000000000000   0
332.60000000000000000000   0
332.70000000000000000000   0
332.80000000000000000000   0
332.90000000000000000000   0
333.00000000000000000000   0
333.10000000000000000000   0
333.20000000000000000000   0
333.30000000000000000000   0
333.40000000000000000000   0
333.50000000000000000000   0
333.60000000000000000000   0
333.70000000000000000000   0
333.80000000000000000000   0
333.90000000000000000000   0
334.00000000000000000000   0
334.10000000000000000000   0
334.20000000000000000000   0
334.30000000000000000000   0
334.40000000000000000000   0
334.50000000000000000000   0
334.60000000000000000000   0
334.70000000000000000000   0
334.80000000000000000000   0
334.90000000000000000000   0
335.00000000000000000000   0
335.10000000000000000000   0
335.20000000000000000000   0
335.30000000000000000000   0
335.40000000000000000000   0
335.50000000000000000000   0
335.60000000000000000000   0
335.70000000000000000000   0
335.80000000000000000000   1
335.90000000000000000000   0
336.00000000000000000000   2
336.10000000000000000000   1
336.20000000000000000000   2
336.30000000000000000000   0
336.40000000000000000000   0
336.50000000000000000000   2
336.60000000000000000000   1
336.70000000000000000000   0
336.80000000000000000000   2
336.90000000000000000000   1
337.00000000000000000000   2
337.10000000000000000000   3
337.20000000000000000000   2
337.30000000000000000000   0
337.40000000000000000000   1
337.50000000000000000000   0
337.60000000000000000000   1
337.70000000000000000000   1
337.80000000000000000000   0
337.90000000000000000000   1
338.00000000000000000000   2
338.10000000000000000000   1
338.20000000000000000000   0
338.30000000000000000000   1
338.40000000000000000000   2
338.50000000000000000000   2
338.60000000000000000000   2
338.70000000000000000000   1
338.80000000000000000000   1
338.90000000000000000000   0
339.00000000000000000000   1
339.10000000000000000000   2
339.20000000000000000000   0
339.30000000000000000000   0
339.40000000000000000000   2
339.50000000000000000000   0
339.60000000000000000000   2
339.70000000000000000000   1
339.80000000000000000000   0
339.90000000000000000000   2
340.00000000000000000000   1
340.10000000000000000000   1
340.20000000000000000000   0
340.30000000000000000000   1
340.40000000000000000000   1
340.50000000000000000000   2
340.60000000000000000000   0
340.70000000000000000000   1
340.80000000000000000000   0
340.90000000000000000000   0
341.00000000000000000000   0
341.10000000000000000000   0
341.20000000000000000000   2
341.30000000000000000000   2
341.40000000000000000000   2
341.50000000000000000000   1
341.60000000000000000000   1
341.70000000000000000000   0
341.80000000000000000000   1
341.90000000000000000000   3
342.00000000000000000000   3
342.10000000000000000000   0
342.20000000000000000000   3
342.30000000000000000000   3
342.40000000000000000000   0
342.50000000000000000000   1
342.60000000000000000000   0
342.70000000000000000000   0
342.80000000000000000000   0
342.90000000000000000000   0
343.00000000000000000000   0
343.10000000000000000000   0
343.20000000000000000000   0
343.30000000000000000000   2
343.40000000000000000000   1
343.50000000000000000000   2
343.60000000000000000000   4
343.70000000000000000000   4
343.80000000000000000000   6
343.90000000000000000000   4
344.00000000000000000000   2
344.10000000000000000000   3
344.20000000000000000000   3
344.30000000000000000000   4
344.40000000000000000000   3
344.50000000000000000000   2
344.60000000000000000000   3
344.70000000000000000000   4
344.80000000000000000000   7
344.90000000000000000000   4
345.00000000000000000000   2
345.10000000000000000000   2
345.20000000000000000000   5
345.30000000000000000000   3
345.40000000000000000000   3
345.50000000000000000000   5
345.60000000000000000000   4
345.70000000000000000000   4
345.80000000000000000000   4
345.90000000000000000000   4
346.00000000000000000000   3
346.10000000000000000000   5
346.20000000000000000000   4
346.30000000000000000000   2
346.40000000000000000000   5
346.50000000000000000000   3
346.60000000000000000000   3
346.70000000000000000000   4
346.80000000000000000000   4
346.90000000000000000000   3
347.00000000000000000000   4
347.10000000000000000000   5
347.20000000000000000000   3
347.30000000000000000000   5
347.40000000000000000000   5
347.50000000000000000000   5
347.60000000000000000000   6
347.70000000000000000000   4
347.80000000000000000000   4
347.90000000000000000000   4
348.00000000000000000000   6
348.10000000000000000000   5
348.20000000000000000000   5
348.30000000000000000000   4
348.40000000000000000000   2
348.50000000000000000000   2
348.60000000000000000000   5
348.70000000000000000000   5
348.80000000000000000000   6
348.90000000000000000000   6
349.00000000000000000000   6
349.10000000000000000000   6
349.20000000000000000000   5
349.30000000000000000000   5
349.40000000000000000000   6
349.50000000000000000000   6
349.60000000000000000000   5
349.70000000000000000000   6
349.80000000000000000000   4
349.90000000000000000000   6
350.00000000000000000000   5
350.10000000000000000000   6
350.20000000000000000000   6
350.30000000000000000000   5
350.40000000000000000000   5
350.50000000000000000000   2
350.60000000000000000000   0
350.70000000000000000000   1
350.80000000000000000000   2
350.90000000000000000000   2
351.00000000000000000000   5
351.10000000000000000000   3
351.20000000000000000000   4
351.30000000000000000000   6
351.40000000000000000000   6
351.50000000000000000000   6
351.60000000000000000000   3
351.70000000000000000000   5
351.80000000000000000000   2
351.90000000000000000000   2
352.00000000000000000000   4
352.10000000000000000000   5
352.20000000000000000000   4
352.30000000000000000000   5
352.40000000000000000000   4
352.50000000000000000000   4
352.60000000000000000000   4
352.70000000000000000000   3
352.80000000000000000000   4
352.90000000000000000000   2
353.00000000000000000000   1
353.10000000000000000000   1
353.20000000000000000000   3
353.30000000000000000000   6
353.40000000000000000000   4
353.50000000000000000000   4
353.60000000000000000000   3
353.70000000000000000000   4
353.80000000000000000000   4
353.90000000000000000000   3
354.00000000000000000000   1
354.10000000000000000000   0
354.20000000000000000000   2
354.30000000000000000000   4
354.40000000000000000000   3
354.50000000000000000000   3
354.60000000000000000000   6
354.70000000000000000000   4
354.80000000000000000000   1
354.90000000000000000000   3
355.00000000000000000000   5
355.10000000000000000000   4
355.20000000000000000000   4
355.30000000000000000000   5
355.40000000000000000000   2
355.50000000000000000000   1
355.60000000000000000000   3
355.70000000000000000000   2
355.80000000000000000000   1
355.90000000000000000000   6
356.00000000000000000000   6
356.10000000000000000000   5
356.20000000000000000000   3
356.30000000000000000000   4
356.40000000000000000000   2
356.50000000000000000000   4
356.60000000000000000000   5
356.70000000000000000000   5
356.80000000000000000000   4
356.90000000000000000000   5
357.00000000000000000000   6
357.10000000000000000000   6
357.20000000000000000000   6
357.30000000000000000000   4
357.40000000000000000000   4
357.50000000000000000000   3
357.60000000000000000000   5
357.70000000000000000000   6
357.80000000000000000000   3
357.90000000000000000000   3
358.00000000000000000000   3
358.10000000000000000000   4
358.20000000000000000000   5
358.30000000000000000000   3
358.40000000000000000000   3
358.50000000000000000000   4
358.60000000000000000000   3
358.70000000000000000000   7
358.80000000000000000000   5
358.90000000000000000000   3
359.00000000000000000000   4
359.10000000000000000000   6
359.20000000000000000000   7
359.30000000000000000000   6
359.40000000000000000000   7
359.50000000000000000000   7
359.60000000000000000000   5
359.70000000000000000000   5
359.80000000000000000000   5
359.90000000000000000000   6
360.00000000000000000000   5
360.10000000000000000000   5
360.20000000000000000000   7
360.30000000000000000000   6
360.40000000000000000000   5
360.50000000000000000000   5
360.60000000000000000000   6
360.70000000000000000000   6
360.80000000000000000000   4
360.90000000000000000000   4
361.00000000000000000000   4
361.10000000000000000000   4
361.20000000000000000000   6
361.30000000000000000000   6
361.40000000000000000000   4
361.50000000000000000000   5
361.60000000000000000000   5
361.70000000000000000000   5
361.80000000000000000000   5
361.90000000000000000000   3
362.00000000000000000000   4
362.10000000000000000000   4
362.20000000000000000000   5
362.30000000000000000000   7
362.40000000000000000000   5
362.50000000000000000000   5
362.60000000000000000000   5
362.70000000000000000000   5
362.80000000000000000000   4
362.90000000000000000000   4
363.00000000000000000000   4
363.10000000000000000000   4
363.20000000000000000000   5
363.30000000000000000000   5
363.40000000000000000000   5
363.50000000000000000000   5
363.60000000000000000000   5
363.70000000000000000000   4
363.80000000000000000000   4
363.90000000000000000000   4
364.00000000000000000000   4
364.10000000000000000000   4
364.20000000000000000000   5
364.30000000000000000000   3
364.40000000000000000000   1
364.50000000000000000000   4
364.60000000000000000000   3
364.70000000000000000000   2
364.80000000000000000000   4
364.90000000000000000000   0
365.00000000000000000000   5
365.10000000000000000000   3
365.20000000000000000000   4
365.30000000000000000000   4
365.40000000000000000000   4
365.50000000000000000000   4
365.60000000000000000000   5
365.70000000000000000000   5
365.80000000000000000000   6
365.90000000000000000000   5
366.00000000000000000000   4
366.10000000000000000000   5
366.20000000000000000000   4
366.30000000000000000000   5
366.40000000000000000000   5
366.50000000000000000000   4
366.60000000000000000000   5
366.70000000000000000000   5
366.80000000000000000000   4
366.90000000000000000000   4
367.00000000000000000000   5
367.10000000000000000000   1
367.20000000000000000000   5
367.30000000000000000000   5
367.40000000000000000000   3
367.50000000000000000000   5
367.60000000000000000000   4
367.70000000000000000000   5
367.80000000000000000000   6
367.90000000000000000000   6
368.00000000000000000000   6
368.10000000000000000000   5
368.20000000000000000000   4
368.30000000000000000000   5
368.40000000000000000000   5
368.50000000000000000000   4
368.60000000000000000000   7
368.70000000000000000000   4
368.80000000000000000000   6
368.90000000000000000000   7
369.00000000000000000000   7
369.10000000000000000000   6
369.20000000000000000000   7
369.30000000000000000000   4
369.40000000000000000000   4
369.50000000000000000000   3
369.60000000000000000000   3
369.70000000000000000000   5
369.80000000000000000000   4
369.90000000000000000000   3
370.00000000000000000000   8
370.10000000000000000000   5
370.20000000000000000000   8
370.30000000000000000000   6
370.40000000000000000000   5
370.50000000000000000000   5
370.60000000000000000000   4
370.70000000000000000000   1
370.80000000000000000000   4
370.90000000000000000000   5
371.00000000000000000000   3
371.10000000000000000000   3
371.20000000000000000000   4
371.30000000000000000000   2
371.40000000000000000000   3
371.50000000000000000000   3
371.60000000000000000000   3
371.70000000000000000000   4
371.80000000000000000000   4
371.90000000000000000000   3
372.00000000000000000000   5
372.10000000000000000000   1
372.20000000000000000000   0
372.30000000000000000000   1
372.40000000000000000000   5
372.50000000000000000000   4
372.60000000000000000000   2
372.70000000000000000000   2
372.80000000000000000000   1
372.90000000000000000000   4
373.00000000000000000000   1
373.10000000000000000000   1
373.20000000000000000000   3
373.30000000000000000000   2
373.40000000000000000000   1
373.50000000000000000000   2
373.60000000000000000000   2
373.70000000000000000000   1
373.80000000000000000000   0
373.90000000000000000000   2
374.00000000000000000000   0
374.10000000000000000000   0
374.20000000000000000000   3
374.30000000000000000000   4
374.40000000000000000000   5
374.50000000000000000000   4
374.60000000000000000000   5
374.70000000000000000000   5
374.80000000000000000000   6
374.90000000000000000000   6
375.00000000000000000000   5
375.10000000000000000000   6
375.20000000000000000000   6
375.30000000000000000000   7
375.40000000000000000000   5
375.50000000000000000000   5
375.60000000000000000000   6
375.70000000000000000000   6
375.80000000000000000000   6
375.90000000000000000000   7
376.00000000000000000000   6
376.10000000000000000000   7
376.20000000000000000000   6
376.30000000000000000000   5
376.40000000000000000000   7
376.50000000000000000000   7
376.60000000000000000000   7
376.70000000000000000000   6
376.80000000000000000000   6
376.90000000000000000000   5
377.00000000000000000000   7
377.10000000000000000000   6
377.20000000000000000000   5
377.30000000000000000000   6
377.40000000000000000000   6
377.50000000000000000000   6
377.60000000000000000000   4
377.70000000000000000000   5
377.80000000000000000000   6
377.90000000000000000000   5
378.00000000000000000000   3
378.10000000000000000000   5
378.20000000000000000000   5
378.30000000000000000000   4
378.40000000000000000000   7
378.50000000000000000000   5
378.60000000000000000000   6
378.70000000000000000000   4
378.80000000000000000000   6
378.90000000000000000000   6
379.00000000000000000000   4
379.10000000000000000000   5
379.20000000000000000000   6
379.30000000000000000000   6
379.40000000000000000000   4
379.50000000000000000000   4
379.60000000000000000000   4
379.70000000000000000000   5
379.80000000000000000000   4
379.90000000000000000000   4
380.00000000000000000000   6
380.10000000000000000000   4
380.20000000000000000000   4
380.30000000000000000000   5
380.40000000000000000000   6
380.50000000000000000000   7
380.60000000000000000000   5
380.70000000000000000000   6
380.80000000000000000000   5
380.90000000000000000000   6
381.00000000000000000000   7
381.10000000000000000000   8
381.20000000000000000000   4
381.30000000000000000000   6
381.40000000000000000000   4
381.50000000000000000000   5
381.60000000000000000000   4
381.70000000000000000000   6
381.80000000000000000000   4
381.90000000000000000000   5
382.00000000000000000000   6
382.10000000000000000000   6
382.20000000000000000000   8
382.30000000000000000000   8
382.40000000000000000000   9
382.50000000000000000000   8
382.60000000000000000000   5
382.70000000000000000000   4
382.80000000000000000000   8
382.90000000000000000000   8
383.00000000000000000000   8
383.10000000000000000000   7
383.20000000000000000000   9
383.30000000000000000000   9
383.40000000000000000000   8
383.50000000000000000000   8
383.60000000000000000000   9
383.70000000000000000000   8
383.80000000000000000000   8
383.90000000000000000000   7
384.00000000000000000000   7
384.10000000000000000000   6
384.20000000000000000000   6
384.30000000000000000000   8
384.40000000000000000000   6
384.50000000000000000000   7
384.60000000000000000000   7
384.70000000000000000000   7
384.80000000000000000000   6
384.90000000000000000000   7
385.00000000000000000000   8
385.10000000000000000000   6
385.20000000000000000000   5
385.30000000000000000000   5
385.40000000000000000000   5
385.50000000000000000000   6
385.60000000000000000000   7
385.70000000000000000000   7
385.80000000000000000000   7
385.90000000000000000000   7
386.00000000000000000000   7
386.10000000000000000000   7
386.20000000000000000000   7
386.30000000000000000000   7
386.40000000000000000000   7
386.50000000000000000000   7
386.60000000000000000000   7
386.70000000000000000000   6
386.80000000000000000000   7
386.90000000000000000000   7
387.00000000000000000000   7
387.10000000000000000000   7
387.20000000000000000000   7
387.30000000000000000000   7
387.40000000000000000000   7
387.50000000000000000000   7
387.60000000000000000000   8
387.70000000000000000000   8
387.80000000000000000000   7
387.90000000000000000000   7
388.00000000000000000000   6
388.10000000000000000000   7
388.20000000000000000000   7
388.30000000000000000000   8
388.40000000000000000000   7
388.50000000000000000000   7
388.60000000000000000000   9
388.70000000000000000000   7
388.80000000000000000000   7
388.90000000000000000000   7
389.00000000000000000000   7
389.10000000000000000000   8
389.20000000000000000000   7
389.30000000000000000000   7
389.40000000000000000000   8
389.50000000000000000000   7
389.60000000000000000000   7
389.70000000000000000000   7
389.80000000000000000000   7
389.90000000000000000000   7
390.00000000000000000000   7
390.10000000000000000000   7
390.20000000000000000000   7
390.30000000000000000000   7
390.40000000000000000000   7
390.50000000000000000000   7
390.60000000000000000000   7
390.70000000000000000000   7
390.80000000000000000000   7
390.90000000000000000000   7
391.00000000000000000000   7
391.10000000000000000000   8
391.20000000000000000000   8
391.30000000000000000000   7
391.40000000000000000000   9
391.50000000000000000000   6
391.60000000000000000000   7
391.70000000000000000000   8
391.80000000000000000000   7
391.90000000000000000000   7
392.00000000000000000000   7
392.10000000000000000000   7
392.20000000000000000000   7
392.30000000000000000000   6
392.40000000000000000000   7
392.50000000000000000000   8
392.60000000000000000000   7
392.70000000000000000000   7
392.80000000000000000000   7
392.90000000000000000000   7
393.00000000000000000000   7
393.10000000000000000000   7
393.20000000000000000000   7
393.30000000000000000000   7
393.40000000000000000000   7
393.50000000000000000000   7
393.60000000000000000000   7
393.70000000000000000000   8
393.80000000000000000000   6
393.90000000000000000000   7
394.00000000000000000000   7
394.10000000000000000000   8
394.20000000000000000000   7
394.30000000000000000000   8
394.40000000000000000000   8
394.50000000000000000000   7
394.60000000000000000000   10
394.70000000000000000000   8
394.80000000000000000000   10
394.90000000000000000000   13
395.00000000000000000000   11
395.10000000000000000000   10
395.20000000000000000000   12
395.30000000000000000000   9
395.40000000000000000000   11
395.50000000000000000000   12
395.60000000000000000000   12
395.70000000000000000000   12
395.80000000000000000000   12
395.90000000000000000000   12
396.00000000000000000000   11
396.10000000000000000000   8
396.20000000000000000000   8
396.30000000000000000000   8
396.40000000000000000000   7
396.50000000000000000000   12
396.60000000000000000000   9
396.70000000000000000000   10
396.80000000000000000000   12
396.90000000000000000000   12
397.00000000000000000000   11
397.10000000000000000000   10
397.20000000000000000000   10
397.30000000000000000000   7
397.40000000000000000000   9
397.50000000000000000000   8
397.60000000000000000000   8
397.70000000000000000000   6
397.80000000000000000000   7
397.90000000000000000000   8
398.00000000000000000000   7
398.10000000000000000000   7
398.20000000000000000000   7
398.30000000000000000000   7
398.40000000000000000000   6
398.50000000000000000000   8
398.60000000000000000000   7
398.70000000000000000000   5
398.80000000000000000000   8
398.90000000000000000000   8
399.00000000000000000000   8
399.10000000000000000000   8
399.20000000000000000000   8
399.30000000000000000000   8
399.40000000000000000000   8
399.50000000000000000000   8
399.60000000000000000000   8
399.70000000000000000000   8
