200.00000000000000000000   21
200.10000000000000000000   22
200.20000000000000000000   26
200.30000000000000000000   24
200.40000000000000000000   26
200.50000000000000000000   26
200.60000000000000000000   22
200.70000000000000000000   24
200.80000000000000000000   20
200.90000000000000000000   20
201.00000000000000000000   20
201.10000000000000000000   22
201.20000000000000000000   21
201.30000000000000000000   20
201.40000000000000000000   23
201.50000000000000000000   23
201.60000000000000000000   22
201.70000000000000000000   21
201.80000000000000000000   22
201.90000000000000000000   24
202.00000000000000000000   22
202.10000000000000000000   21
202.20000000000000000000   17
202.30000000000000000000   19
202.40000000000000000000   18
202.50000000000000000000   17
202.60000000000000000000   15
202.70000000000000000000   17
202.80000000000000000000   17
202.90000000000000000000   16
203.00000000000000000000   17
203.10000000000000000000   16
203.20000000000000000000   14
203.30000000000000000000   12
203.40000000000000000000   21
203.50000000000000000000   18
203.60000000000000000000   17
203.70000000000000000000   16
203.80000000000000000000   14
203.90000000000000000000   14
204.00000000000000000000   18
204.10000000000000000000   13
204.20000000000000000000   15
204.30000000000000000000   12
204.40000000000000000000   13
204.50000000000000000000   13
204.60000000000000000000   17
204.70000000000000000000   17
204.80000000000000000000   14
204.90000000000000000000   17
205.00000000000000000000   16
205.10000000000000000000   18
205.20000000000000000000   22
205.30000000000000000000   17
205.40000000000000000000   17
205.50000000000000000000   18
205.60000000000000000000   18
205.70000000000000000000   22
205.80000000000000000000   19
205.90000000000000000000   18
206.00000000000000000000   19
206.10000000000000000000   19
206.20000000000000000000   14
206.30000000000000000000   17
206.40000000000000000000   18
206.50000000000000000000   19
206.60000000000000000000   16
206.70000000000000000000   15
206.80000000000000000000   15
206.90000000000000000000   18
207.00000000000000000000   16
207.10000000000000000000   19
207.20000000000000000000   15
207.30000000000000000000   19
207.40000000000000000000   17
207.50000000000000000000   15
207.60000000000000000000   13
207.70000000000000000000   13
207.80000000000000000000   14
207.90000000000000000000   16
208.00000000000000000000   21
208.10000000000000000000   18
208.20000000000000000000   20
208.30000000000000000000   18
208.40000000000000000000   18
208.50000000000000000000   22
208.60000000000000000000   20
208.70000000000000000000   19
208.80000000000000000000   20
208.90000000000000000000   18
209.00000000000000000000   18
209.10000000000000000000   15
209.20000000000000000000   13
209.30000000000000000000   22
209.40000000000000000000   19
209.50000000000000000000   17
209.60000000000000000000   19
209.70000000000000000000   20
209.80000000000000000000   18
209.90000000000000000000   21
210.00000000000000000000   23
210.10000000000000000000   21
210.20000000000000000000   21
210.30000000000000000000   18
210.40000000000000000000   20
210.50000000000000000000   19
210.60000000000000000000   14
210.70000000000000000000   18
210.80000000000000000000   15
210.90000000000000000000   15
211.00000000000000000000   15
211.10000000000000000000   16
211.20000000000000000000   20
211.30000000000000000000   18
211.40000000000000000000   15
211.50000000000000000000   17
211.60000000000000000000   21
211.70000000000000000000   20
211.80000000000000000000   16
211.90000000000000000000   19
212.00000000000000000000   20
212.10000000000000000000   23
212.20000000000000000000   21
212.30000000000000000000   22
212.40000000000000000000   17
212.50000000000000000000   16
212.60000000000000000000   21
212.70000000000000000000   19
212.80000000000000000000   16
212.90000000000000000000   18
213.00000000000000000000   16
213.10000000000000000000   18
213.20000000000000000000   19
213.30000000000000000000   17
213.40000000000000000000   17
213.50000000000000000000   16
213.60000000000000000000   15
213.70000000000000000000   15
213.80000000000000000000   18
213.90000000000000000000   14
214.00000000000000000000   13
214.10000000000000000000   16
214.20000000000000000000   15
214.30000000000000000000   16
214.40000000000000000000   17
214.50000000000000000000   15
214.60000000000000000000   12
214.70000000000000000000   14
214.80000000000000000000   14
214.90000000000000000000   17
215.00000000000000000000   10
215.10000000000000000000   12
215.20000000000000000000   11
215.30000000000000000000   16
215.40000000000000000000   19
215.50000000000000000000   17
215.60000000000000000000   18
215.70000000000000000000   15
215.80000000000000000000   24
215.90000000000000000000   20
216.00000000000000000000   24
216.10000000000000000000   22
216.20000000000000000000   18
216.30000000000000000000   25
216.40000000000000000000   24
216.50000000000000000000   21
216.60000000000000000000   19
216.70000000000000000000   20
216.80000000000000000000   21
216.90000000000000000000   21
217.00000000000000000000   23
217.10000000000000000000   22
217.20000000000000000000   22
217.30000000000000000000   23
217.40000000000000000000   22
217.50000000000000000000   20
217.60000000000000000000   23
217.70000000000000000000   23
217.80000000000000000000   20
217.90000000000000000000   19
218.00000000000000000000   17
218.10000000000000000000   22
218.20000000000000000000   21
218.30000000000000000000   19
218.40000000000000000000   24
218.50000000000000000000   27
218.60000000000000000000   24
218.70000000000000000000   22
218.80000000000000000000   19
218.90000000000000000000   22
219.00000000000000000000   21
219.10000000000000000000   24
219.20000000000000000000   24
219.30000000000000000000   25
219.40000000000000000000   23
219.50000000000000000000   24
219.60000000000000000000   25
219.70000000000000000000   23
219.80000000000000000000   22
219.90000000000000000000   22
220.00000000000000000000   24
220.10000000000000000000   22
220.20000000000000000000   23
220.30000000000000000000   24
220.40000000000000000000   22
220.50000000000000000000   26
220.60000000000000000000   21
220.70000000000000000000   22
220.80000000000000000000   23
220.90000000000000000000   25
221.00000000000000000000   19
221.10000000000000000000   22
221.20000000000000000000   18
221.30000000000000000000   18
221.40000000000000000000   18
221.50000000000000000000   20
221.60000000000000000000   18
221.70000000000000000000   19
221.80000000000000000000   19
221.90000000000000000000   16
222.00000000000000000000   18
222.10000000000000000000   18
222.20000000000000000000   19
222.30000000000000000000   18
222.40000000000000000000   17
222.50000000000000000000   22
222.60000000000000000000   19
222.70000000000000000000   20
222.80000000000000000000   19
222.90000000000000000000   17
223.00000000000000000000   20
223.10000000000000000000   17
223.20000000000000000000   21
223.30000000000000000000   20
223.40000000000000000000   19
223.50000000000000000000   18
223.60000000000000000000   18
223.70000000000000000000   18
223.80000000000000000000   18
223.90000000000000000000   19
224.00000000000000000000   17
224.10000000000000000000   19
224.20000000000000000000   20
224.30000000000000000000   17
224.40000000000000000000   16
224.50000000000000000000   19
224.60000000000000000000   19
224.70000000000000000000   18
224.80000000000000000000   19
224.90000000000000000000   17
225.00000000000000000000   17
225.10000000000000000000   17
225.20000000000000000000   16
225.30000000000000000000   16
225.40000000000000000000   15
225.50000000000000000000   16
225.60000000000000000000   17
225.70000000000000000000   17
225.80000000000000000000   20
225.90000000000000000000   17
226.00000000000000000000   17
226.10000000000000000000   18
226.20000000000000000000   16
226.30000000000000000000   15
226.40000000000000000000   16
226.50000000000000000000   18
226.60000000000000000000   16
226.70000000000000000000   18
226.80000000000000000000   18
226.90000000000000000000   18
227.00000000000000000000   18
227.10000000000000000000   15
227.20000000000000000000   13
227.30000000000000000000   11
227.40000000000000000000   12
227.50000000000000000000   15
227.60000000000000000000   13
227.70000000000000000000   14
227.80000000000000000000   15
227.90000000000000000000   15
228.00000000000000000000   14
228.10000000000000000000   14
228.20000000000000000000   16
228.30000000000000000000   13
228.40000000000000000000   15
228.50000000000000000000   14
228.60000000000000000000   14
228.70000000000000000000   14
228.80000000000000000000   13
228.90000000000000000000   16
229.00000000000000000000   14
229.10000000000000000000   14
229.20000000000000000000   16
229.30000000000000000000   17
229.40000000000000000000   17
229.50000000000000000000   16
229.60000000000000000000   14
229.70000000000000000000   15
229.80000000000000000000   13
229.90000000000000000000   17
230.00000000000000000000   17
230.10000000000000000000   17
230.20000000000000000000   17
230.30000000000000000000   18
230.40000000000000000000   14
230.50000000000000000000   16
230.60000000000000000000   18
230.70000000000000000000   18
230.80000000000000000000   22
230.90000000000000000000   17
231.00000000000000000000   20
231.10000000000000000000   19
231.20000000000000000000   18
231.30000000000000000000   15
231.40000000000000000000   14
231.50000000000000000000   15
231.60000000000000000000   15
231.70000000000000000000   12
231.80000000000000000000   15
231.90000000000000000000   15
232.00000000000000000000   13
232.10000000000000000000   16
232.20000000000000000000   15
232.30000000000000000000   22
232.40000000000000000000   17
232.50000000000000000000   17
232.60000000000000000000   15
232.70000000000000000000   15
232.80000000000000000000   19
232.90000000000000000000   16
233.00000000000000000000   24
233.10000000000000000000   17
233.20000000000000000000   20
233.30000000000000000000   20
233.40000000000000000000   17
233.50000000000000000000   18
233.60000000000000000000   18
233.70000000000000000000   16
233.80000000000000000000   16
233.90000000000000000000   18
234.00000000000000000000   16
234.10000000000000000000   17
234.20000000000000000000   20
234.30000000000000000000   15
234.40000000000000000000   19
234.50000000000000000000   15
234.60000000000000000000   17
234.70000000000000000000   22
234.80000000000000000000   18
234.90000000000000000000   15
235.00000000000000000000   13
235.10000000000000000000   16
235.20000000000000000000   15
235.30000000000000000000   17
235.40000000000000000000   14
235.50000000000000000000   12
235.60000000000000000000   13
235.70000000000000000000   14
235.80000000000000000000   15
235.90000000000000000000   13
236.00000000000000000000   14
236.10000000000000000000   14
236.20000000000000000000   13
236.30000000000000000000   17
236.40000000000000000000   14
236.50000000000000000000   13
236.60000000000000000000   14
236.70000000000000000000   14
236.80000000000000000000   10
236.90000000000000000000   11
237.00000000000000000000   15
237.10000000000000000000   13
237.20000000000000000000   13
237.30000000000000000000   16
237.40000000000000000000   21
237.50000000000000000000   18
237.60000000000000000000   19
237.70000000000000000000   21
237.80000000000000000000   19
237.90000000000000000000   21
238.00000000000000000000   20
238.10000000000000000000   18
238.20000000000000000000   24
238.30000000000000000000   21
238.40000000000000000000   18
238.50000000000000000000   25
238.60000000000000000000   21
238.70000000000000000000   19
238.80000000000000000000   19
238.90000000000000000000   23
239.00000000000000000000   20
239.10000000000000000000   15
239.20000000000000000000   19
239.30000000000000000000   16
239.40000000000000000000   16
239.50000000000000000000   19
239.60000000000000000000   21
239.70000000000000000000   21
239.80000000000000000000   20
239.90000000000000000000   18
240.00000000000000000000   19
240.10000000000000000000   17
240.20000000000000000000   16
240.30000000000000000000   18
240.40000000000000000000   16
240.50000000000000000000   15
240.60000000000000000000   18
240.70000000000000000000   14
240.80000000000000000000   15
240.90000000000000000000   20
241.00000000000000000000   18
241.10000000000000000000   18
241.20000000000000000000   18
241.30000000000000000000   19
241.40000000000000000000   19
241.50000000000000000000   15
241.60000000000000000000   15
241.70000000000000000000   16
241.80000000000000000000   15
241.90000000000000000000   16
242.00000000000000000000   12
242.10000000000000000000   15
242.20000000000000000000   9
242.30000000000000000000   15
242.40000000000000000000   15
242.50000000000000000000   11
242.60000000000000000000   17
242.70000000000000000000   14
242.80000000000000000000   16
242.90000000000000000000   11
243.00000000000000000000   19
243.10000000000000000000   17
243.20000000000000000000   17
243.30000000000000000000   19
243.40000000000000000000   15
243.50000000000000000000   13
243.60000000000000000000   13
243.70000000000000000000   9
243.80000000000000000000   17
243.90000000000000000000   17
244.00000000000000000000   19
244.10000000000000000000   15
244.20000000000000000000   18
244.30000000000000000000   18
244.40000000000000000000   21
244.50000000000000000000   17
244.60000000000000000000   19
244.70000000000000000000   19
244.80000000000000000000   18
244.90000000000000000000   18
245.00000000000000000000   18
245.10000000000000000000   17
245.20000000000000000000   15
245.30000000000000000000   14
245.40000000000000000000   14
245.50000000000000000000   15
245.60000000000000000000   15
245.70000000000000000000   17
245.80000000000000000000   21
245.90000000000000000000   18
246.00000000000000000000   17
246.10000000000000000000   13
246.20000000000000000000   18
246.30000000000000000000   16
246.40000000000000000000   12
246.50000000000000000000   19
246.60000000000000000000   21
246.70000000000000000000   15
246.80000000000000000000   19
246.90000000000000000000   13
247.00000000000000000000   11
247.10000000000000000000   16
247.20000000000000000000   14
247.30000000000000000000   15
247.40000000000000000000   12
247.50000000000000000000   13
247.60000000000000000000   12
247.70000000000000000000   14
247.80000000000000000000   11
247.90000000000000000000   17
248.00000000000000000000   16
248.10000000000000000000   17
248.20000000000000000000   19
248.30000000000000000000   16
248.40000000000000000000   20
248.50000000000000000000   18
248.60000000000000000000   17
248.70000000000000000000   17
248.80000000000000000000   19
248.90000000000000000000   17
249.00000000000000000000   16
249.10000000000000000000   19
249.20000000000000000000   15
249.30000000000000000000   14
249.40000000000000000000   18
249.50000000000000000000   16
249.60000000000000000000   18
249.70000000000000000000   18
249.80000000000000000000   19
249.90000000000000000000   20
250.00000000000000000000   16
250.10000000000000000000   16
250.20000000000000000000   18
250.30000000000000000000   16
250.40000000000000000000   14
250.50000000000000000000   15
250.60000000000000000000   16
250.70000000000000000000   15
250.80000000000000000000   18
250.90000000000000000000   17
251.00000000000000000000   17
251.10000000000000000000   17
251.20000000000000000000   18
251.30000000000000000000   13
251.40000000000000000000   18
251.50000000000000000000   20
251.60000000000000000000   17
251.70000000000000000000   21
251.80000000000000000000   18
251.90000000000000000000   19
252.00000000000000000000   19
252.10000000000000000000   19
252.20000000000000000000   19
252.30000000000000000000   17
252.40000000000000000000   18
252.50000000000000000000   18
252.60000000000000000000   18
252.70000000000000000000   18
252.80000000000000000000   18
252.90000000000000000000   19
253.00000000000000000000   18
253.10000000000000000000   15
253.20000000000000000000   15
253.30000000000000000000   17
253.40000000000000000000   20
253.50000000000000000000   18
253.60000000000000000000   17
253.70000000000000000000   15
253.80000000000000000000   19
253.90000000000000000000   15
254.00000000000000000000   18
254.10000000000000000000   17
254.20000000000000000000   19
254.30000000000000000000   19
254.40000000000000000000   19
254.50000000000000000000   18
254.60000000000000000000   18
254.70000000000000000000   19
254.80000000000000000000   17
254.90000000000000000000   17
255.00000000000000000000   17
255.10000000000000000000   18
255.20000000000000000000   16
255.30000000000000000000   18
255.40000000000000000000   16
255.50000000000000000000   18
255.60000000000000000000   17
255.70000000000000000000   15
255.80000000000000000000   16
255.90000000000000000000   14
256.00000000000000000000   13
256.10000000000000000000   11
256.20000000000000000000   12
256.30000000000000000000   14
256.40000000000000000000   11
256.50000000000000000000   16
256.60000000000000000000   14
256.70000000000000000000   15
256.80000000000000000000   16
256.90000000000000000000   15
257.00000000000000000000   15
257.10000000000000000000   15
257.20000000000000000000   14
257.30000000000000000000   19
257.40000000000000000000   16
257.50000000000000000000   18
257.60000000000000000000   15
257.70000000000000000000   14
257.80000000000000000000   16
257.90000000000000000000   17
258.00000000000000000000   17
258.10000000000000000000   17
258.20000000000000000000   18
258.30000000000000000000   16
258.40000000000000000000   17
258.50000000000000000000   18
258.60000000000000000000   18
258.70000000000000000000   16
258.80000000000000000000   17
258.90000000000000000000   16
259.00000000000000000000   21
259.10000000000000000000   17
259.20000000000000000000   20
259.30000000000000000000   20
259.40000000000000000000   21
259.50000000000000000000   18
259.60000000000000000000   18
259.70000000000000000000   21
259.80000000000000000000   21
259.90000000000000000000   20
260.00000000000000000000   17
260.10000000000000000000   20
260.20000000000000000000   19
260.30000000000000000000   19
260.40000000000000000000   19
260.50000000000000000000   17
260.60000000000000000000   14
260.70000000000000000000   18
260.80000000000000000000   17
260.90000000000000000000   18
261.00000000000000000000   20
261.10000000000000000000   18
261.20000000000000000000   19
261.30000000000000000000   21
261.40000000000000000000   18
261.50000000000000000000   19
261.60000000000000000000   20
261.70000000000000000000   15
261.80000000000000000000   18
261.90000000000000000000   21
262.00000000000000000000   17
262.10000000000000000000   20
262.20000000000000000000   19
262.30000000000000000000   18
262.40000000000000000000   18
262.50000000000000000000   19
262.60000000000000000000   21
262.70000000000000000000   20
262.80000000000000000000   22
262.90000000000000000000   19
263.00000000000000000000   18
263.10000000000000000000   20
263.20000000000000000000   19
263.30000000000000000000   20
263.40000000000000000000   20
263.50000000000000000000   16
263.60000000000000000000   18
263.70000000000000000000   18
263.80000000000000000000   22
263.90000000000000000000   17
264.00000000000000000000   17
264.10000000000000000000   16
264.20000000000000000000   15
264.30000000000000000000   18
264.40000000000000000000   20
264.50000000000000000000   18
264.60000000000000000000   15
264.70000000000000000000   17
264.80000000000000000000   16
264.90000000000000000000   19
265.00000000000000000000   18
265.10000000000000000000   17
265.20000000000000000000   17
265.30000000000000000000   19
265.40000000000000000000   20
265.50000000000000000000   19
265.60000000000000000000   18
265.70000000000000000000   19
265.80000000000000000000   19
265.90000000000000000000   19
266.00000000000000000000   21
266.10000000000000000000   20
266.20000000000000000000   16
266.30000000000000000000   21
266.40000000000000000000   17
266.50000000000000000000   16
266.60000000000000000000   20
266.70000000000000000000   20
266.80000000000000000000   18
266.90000000000000000000   22
267.00000000000000000000   22
267.10000000000000000000   26
267.20000000000000000000   21
267.30000000000000000000   22
267.40000000000000000000   23
267.50000000000000000000   22
267.60000000000000000000   24
267.70000000000000000000   23
267.80000000000000000000   20
267.90000000000000000000   21
268.00000000000000000000   19
268.10000000000000000000   22
268.20000000000000000000   21
268.30000000000000000000   18
268.40000000000000000000   19
268.50000000000000000000   20
268.60000000000000000000   20
268.70000000000000000000   22
268.80000000000000000000   19
268.90000000000000000000   19
269.00000000000000000000   22
269.10000000000000000000   22
269.20000000000000000000   23
269.30000000000000000000   21
269.40000000000000000000   21
269.50000000000000000000   22
269.60000000000000000000   18
269.70000000000000000000   18
269.80000000000000000000   18
269.90000000000000000000   21
270.00000000000000000000   19
270.10000000000000000000   22
270.20000000000000000000   21
270.30000000000000000000   20
270.40000000000000000000   21
270.50000000000000000000   19
270.60000000000000000000   19
270.70000000000000000000   24
270.80000000000000000000   20
270.90000000000000000000   16
271.00000000000000000000   18
271.10000000000000000000   22
271.20000000000000000000   21
271.30000000000000000000   16
271.40000000000000000000   15
271.50000000000000000000   17
271.60000000000000000000   20
271.70000000000000000000   17
271.80000000000000000000   20
271.90000000000000000000   19
272.00000000000000000000   18
272.10000000000000000000   20
272.20000000000000000000   21
272.30000000000000000000   22
272.40000000000000000000   21
272.50000000000000000000   22
272.60000000000000000000   25
272.70000000000000000000   22
272.80000000000000000000   21
272.90000000000000000000   20
273.00000000000000000000   20
273.10000000000000000000   22
273.20000000000000000000   28
273.30000000000000000000   23
273.40000000000000000000   24
273.50000000000000000000   23
273.60000000000000000000   26
273.70000000000000000000   21
273.80000000000000000000   21
273.90000000000000000000   19
274.00000000000000000000   22
274.10000000000000000000   20
274.20000000000000000000   22
274.30000000000000000000   22
274.40000000000000000000   18
274.50000000000000000000   21
274.60000000000000000000   22
274.70000000000000000000   25
274.80000000000000000000   23
274.90000000000000000000   23
275.00000000000000000000   22
275.10000000000000000000   22
275.20000000000000000000   25
275.30000000000000000000   24
275.40000000000000000000   24
275.50000000000000000000   19
275.60000000000000000000   22
275.70000000000000000000   21
275.80000000000000000000   22
275.90000000000000000000   21
276.00000000000000000000   20
276.10000000000000000000   21
276.20000000000000000000   20
276.30000000000000000000   21
276.40000000000000000000   24
276.50000000000000000000   24
276.60000000000000000000   21
276.70000000000000000000   21
276.80000000000000000000   22
276.90000000000000000000   18
277.00000000000000000000   18
277.10000000000000000000   17
277.20000000000000000000   19
277.30000000000000000000   20
277.40000000000000000000   19
277.50000000000000000000   16
277.60000000000000000000   17
277.70000000000000000000   18
277.80000000000000000000   21
277.90000000000000000000   17
278.00000000000000000000   21
278.10000000000000000000   19
278.20000000000000000000   19
278.30000000000000000000   23
278.40000000000000000000   21
278.50000000000000000000   22
278.60000000000000000000   25
278.70000000000000000000   21
278.80000000000000000000   23
278.90000000000000000000   19
279.00000000000000000000   19
279.10000000000000000000   17
279.20000000000000000000   18
279.30000000000000000000   19
279.40000000000000000000   19
279.50000000000000000000   19
279.60000000000000000000   18
279.70000000000000000000   18
279.80000000000000000000   18
279.90000000000000000000   14
280.00000000000000000000   18
280.10000000000000000000   17
280.20000000000000000000   16
280.30000000000000000000   18
280.40000000000000000000   18
280.50000000000000000000   19
280.60000000000000000000   17
280.70000000000000000000   17
280.80000000000000000000   16
280.90000000000000000000   18
281.00000000000000000000   16
281.10000000000000000000   15
281.20000000000000000000   16
281.30000000000000000000   17
281.40000000000000000000   18
281.50000000000000000000   15
281.60000000000000000000   17
281.70000000000000000000   17
281.80000000000000000000   22
281.90000000000000000000   16
282.00000000000000000000   19
282.10000000000000000000   18
282.20000000000000000000   17
282.30000000000000000000   17
282.40000000000000000000   19
282.50000000000000000000   17
282.60000000000000000000   16
282.70000000000000000000   17
282.80000000000000000000   19
282.90000000000000000000   16
283.00000000000000000000   19
283.10000000000000000000   17
283.20000000000000000000   18
283.30000000000000000000   17
283.40000000000000000000   17
283.50000000000000000000   17
283.60000000000000000000   16
283.70000000000000000000   19
283.80000000000000000000   18
283.90000000000000000000   18
284.00000000000000000000   19
284.10000000000000000000   17
284.20000000000000000000   16
284.30000000000000000000   16
284.40000000000000000000   16
284.50000000000000000000   16
284.60000000000000000000   15
284.70000000000000000000   16
284.80000000000000000000   16
284.90000000000000000000   17
285.00000000000000000000   16
285.10000000000000000000   15
285.20000000000000000000   18
285.30000000000000000000   18
285.40000000000000000000   14
285.50000000000000000000   16
285.60000000000000000000   18
285.70000000000000000000   20
285.80000000000000000000   16
285.90000000000000000000   21
286.00000000000000000000   18
286.10000000000000000000   21
286.20000000000000000000   19
286.30000000000000000000   21
286.40000000000000000000   20
286.50000000000000000000   22
286.60000000000000000000   21
286.70000000000000000000   21
286.80000000000000000000   21
286.90000000000000000000   19
287.00000000000000000000   18
287.10000000000000000000   19
287.20000000000000000000   21
287.30000000000000000000   18
287.40000000000000000000   22
287.50000000000000000000   18
287.60000000000000000000   24
287.70000000000000000000   19
287.80000000000000000000   19
287.90000000000000000000   22
288.00000000000000000000   20
288.10000000000000000000   21
288.20000000000000000000   17
288.30000000000000000000   21
288.40000000000000000000   20
288.50000000000000000000   21
288.60000000000000000000   24
288.70000000000000000000   20
288.80000000000000000000   21
288.90000000000000000000   22
289.00000000000000000000   20
289.10000000000000000000   20
289.20000000000000000000   25
289.30000000000000000000   24
289.40000000000000000000   17
289.50000000000000000000   19
289.60000000000000000000   20
289.70000000000000000000   26
289.80000000000000000000   21
289.90000000000000000000   22
290.00000000000000000000   20
290.10000000000000000000   21
290.20000000000000000000   20
290.30000000000000000000   22
290.40000000000000000000   23
290.50000000000000000000   23
290.60000000000000000000   22
290.70000000000000000000   22
290.80000000000000000000   17
290.90000000000000000000   17
291.00000000000000000000   23
291.10000000000000000000   20
291.20000000000000000000   18
291.30000000000000000000   18
291.40000000000000000000   18
291.50000000000000000000   17
291.60000000000000000000   19
291.70000000000000000000   20
291.80000000000000000000   23
291.90000000000000000000   21
292.00000000000000000000   18
292.10000000000000000000   18
292.20000000000000000000   20
292.30000000000000000000   16
292.40000000000000000000   21
292.50000000000000000000   19
292.60000000000000000000   17
292.70000000000000000000   16
292.80000000000000000000   20
292.90000000000000000000   18
293.00000000000000000000   18
293.10000000000000000000   19
293.20000000000000000000   18
293.30000000000000000000   19
293.40000000000000000000   18
293.50000000000000000000   19
293.60000000000000000000   20
293.70000000000000000000   18
293.80000000000000000000   18
293.90000000000000000000   20
294.00000000000000000000   19
294.10000000000000000000   18
294.20000000000000000000   19
294.30000000000000000000   19
294.40000000000000000000   18
294.50000000000000000000   17
294.60000000000000000000   17
294.70000000000000000000   19
294.80000000000000000000   18
294.90000000000000000000   18
295.00000000000000000000   19
295.10000000000000000000   18
295.20000000000000000000   19
295.30000000000000000000   20
295.40000000000000000000   20
295.50000000000000000000   19
295.60000000000000000000   20
295.70000000000000000000   19
295.80000000000000000000   18
295.90000000000000000000   17
296.00000000000000000000   19
296.10000000000000000000   18
296.20000000000000000000   20
296.30000000000000000000   20
296.40000000000000000000   20
296.50000000000000000000   22
296.60000000000000000000   21
296.70000000000000000000   22
296.80000000000000000000   20
296.90000000000000000000   21
297.00000000000000000000   20
297.10000000000000000000   17
297.20000000000000000000   20
297.30000000000000000000   19
297.40000000000000000000   23
297.50000000000000000000   24
297.60000000000000000000   22
297.70000000000000000000   22
297.80000000000000000000   22
297.90000000000000000000   21
298.00000000000000000000   18
298.10000000000000000000   19
298.20000000000000000000   18
298.30000000000000000000   18
298.40000000000000000000   19
298.50000000000000000000   20
298.60000000000000000000   19
298.70000000000000000000   19
298.80000000000000000000   19
298.90000000000000000000   19
299.00000000000000000000   19
299.10000000000000000000   22
299.20000000000000000000   20
299.30000000000000000000   19
299.40000000000000000000   19
299.50000000000000000000   15
299.60000000000000000000   18
299.70000000000000000000   18
299.80000000000000000000   19
299.90000000000000000000   19
300.00000000000000000000   21
300.10000000000000000000   18
300.20000000000000000000   21
300.30000000000000000000   22
300.40000000000000000000   20
300.50000000000000000000   21
300.60000000000000000000   22
300.70000000000000000000   23
300.80000000000000000000   21
300.90000000000000000000   21
301.00000000000000000000   22
301.10000000000000000000   21
301.20000000000000000000   15
301.30000000000000000000   21
301.40000000000000000000   21
301.50000000000000000000   21
301.60000000000000000000   21
301.70000000000000000000   21
301.80000000000000000000   21
301.90000000000000000000   21
302.00000000000000000000   22
302.10000000000000000000   19
302.20000000000000000000   23
302.30000000000000000000   23
302.40000000000000000000   21
302.50000000000000000000   18
302.60000000000000000000   19
302.70000000000000000000   19
302.80000000000000000000   21
302.90000000000000000000   21
303.00000000000000000000   21
303.10000000000000000000   22
303.20000000000000000000   20
303.30000000000000000000   20
303.40000000000000000000   21
303.50000000000000000000   21
303.60000000000000000000   21
303.70000000000000000000   22
303.80000000000000000000   21
303.90000000000000000000   22
304.00000000000000000000   22
304.10000000000000000000   20
304.20000000000000000000   21
304.30000000000000000000   19
304.40000000000000000000   22
304.50000000000000000000   24
304.60000000000000000000   21
304.70000000000000000000   21
304.80000000000000000000   21
304.90000000000000000000   24
305.00000000000000000000   22
305.10000000000000000000   23
305.20000000000000000000   22
305.30000000000000000000   23
305.40000000000000000000   22
305.50000000000000000000   21
305.60000000000000000000   22
305.70000000000000000000   21
305.80000000000000000000   20
305.90000000000000000000   21
306.00000000000000000000   22
306.10000000000000000000   21
306.20000000000000000000   21
306.30000000000000000000   21
306.40000000000000000000   22
306.50000000000000000000   21
306.60000000000000000000   20
306.70000000000000000000   21
306.80000000000000000000   23
306.90000000000000000000   21
307.00000000000000000000   21
307.10000000000000000000   21
307.20000000000000000000   21
307.30000000000000000000   19
307.40000000000000000000   24
307.50000000000000000000   20
307.60000000000000000000   21
307.70000000000000000000   21
307.80000000000000000000   21
307.90000000000000000000   22
308.00000000000000000000   21
308.10000000000000000000   21
308.20000000000000000000   21
308.30000000000000000000   21
308.40000000000000000000   20
308.50000000000000000000   22
308.60000000000000000000   21
308.70000000000000000000   21
308.80000000000000000000   22
308.90000000000000000000   21
309.00000000000000000000   21
309.10000000000000000000   20
309.20000000000000000000   22
309.30000000000000000000   24
309.40000000000000000000   22
309.50000000000000000000   22
309.60000000000000000000   23
309.70000000000000000000   23
309.80000000000000000000   21
309.90000000000000000000   21
310.00000000000000000000   22
310.10000000000000000000   21
310.20000000000000000000   22
310.30000000000000000000   21
310.40000000000000000000   21
310.50000000000000000000   21
310.60000000000000000000   22
310.70000000000000000000   22
310.80000000000000000000   21
310.90000000000000000000   20
311.00000000000000000000   19
311.10000000000000000000   20
311.20000000000000000000   20
311.30000000000000000000   21
311.40000000000000000000   21
311.50000000000000000000   21
311.60000000000000000000   23
311.70000000000000000000   21
311.80000000000000000000   22
311.90000000000000000000   21
312.00000000000000000000   20
312.10000000000000000000   18
312.20000000000000000000   24
312.30000000000000000000   20
312.40000000000000000000   20
312.50000000000000000000   23
312.60000000000000000000   21
312.70000000000000000000   24
312.80000000000000000000   23
312.90000000000000000000   26
313.00000000000000000000   22
313.10000000000000000000   20
313.20000000000000000000   21
313.30000000000000000000   21
313.40000000000000000000   19
313.50000000000000000000   18
313.60000000000000000000   21
313.70000000000000000000   20
313.80000000000000000000   21
313.90000000000000000000   19
314.00000000000000000000   19
314.10000000000000000000   20
314.20000000000000000000   22
314.30000000000000000000   21
314.40000000000000000000   21
314.50000000000000000000   23
314.60000000000000000000   18
314.70000000000000000000   20
314.80000000000000000000   22
314.90000000000000000000   21
315.00000000000000000000   18
315.10000000000000000000   19
315.20000000000000000000   22
315.30000000000000000000   18
315.40000000000000000000   20
315.50000000000000000000   22
315.60000000000000000000   21
315.70000000000000000000   19
315.80000000000000000000   20
315.90000000000000000000   20
316.00000000000000000000   22
316.10000000000000000000   20
316.20000000000000000000   20
316.30000000000000000000   20
316.40000000000000000000   20
316.50000000000000000000   17
316.60000000000000000000   20
316.70000000000000000000   20
316.80000000000000000000   19
316.90000000000000000000   21
317.00000000000000000000   20
317.10000000000000000000   20
317.20000000000000000000   17
317.30000000000000000000   21
317.40000000000000000000   19
317.50000000000000000000   21
317.60000000000000000000   21
317.70000000000000000000   19
317.80000000000000000000   18
317.90000000000000000000   18
318.00000000000000000000   20
318.10000000000000000000   18
318.20000000000000000000   18
318.30000000000000000000   19
318.40000000000000000000   18
318.50000000000000000000   16
318.60000000000000000000   17
318.70000000000000000000   19
318.80000000000000000000   23
318.90000000000000000000   19
319.00000000000000000000   17
319.10000000000000000000   20
319.20000000000000000000   20
319.30000000000000000000   18
319.40000000000000000000   21
319.50000000000000000000   20
319.60000000000000000000   20
319.70000000000000000000   19
319.80000000000000000000   16
319.90000000000000000000   18
320.00000000000000000000   20
320.10000000000000000000   15
320.20000000000000000000   22
320.30000000000000000000   24
320.40000000000000000000   22
320.50000000000000000000   19
320.60000000000000000000   20
320.70000000000000000000   20
320.80000000000000000000   23
320.90000000000000000000   21
321.00000000000000000000   19
321.10000000000000000000   18
321.20000000000000000000   21
321.30000000000000000000   16
321.40000000000000000000   20
321.50000000000000000000   21
321.60000000000000000000   18
321.70000000000000000000   18
321.80000000000000000000   20
321.90000000000000000000   19
322.00000000000000000000   22
322.10000000000000000000   20
322.20000000000000000000   20
322.30000000000000000000   20
322.40000000000000000000   22
322.50000000000000000000   21
322.60000000000000000000   21
322.70000000000000000000   17
322.80000000000000000000   20
322.90000000000000000000   21
323.00000000000000000000   20
323.10000000000000000000   20
323.20000000000000000000   19
323.30000000000000000000   20
323.40000000000000000000   18
323.50000000000000000000   21
323.60000000000000000000   19
323.70000000000000000000   22
323.80000000000000000000   20
323.90000000000000000000   22
324.00000000000000000000   23
324.10000000000000000000   23
324.20000000000000000000   22
324.30000000000000000000   19
324.40000000000000000000   19
324.50000000000000000000   20
324.60000000000000000000   20
324.70000000000000000000   19
324.80000000000000000000   22
324.90000000000000000000   21
325.00000000000000000000   22
325.10000000000000000000   22
325.20000000000000000000   21
325.30000000000000000000   21
325.40000000000000000000   22
325.50000000000000000000   19
325.60000000000000000000   20
325.70000000000000000000   22
325.80000000000000000000   23
325.90000000000000000000   24
326.00000000000000000000   25
326.10000000000000000000   22
326.20000000000000000000   25
326.30000000000000000000   25
326.40000000000000000000   18
326.50000000000000000000   21
326.60000000000000000000   19
326.70000000000000000000   22
326.80000000000000000000   18
326.90000000000000000000   22
327.00000000000000000000   20
327.10000000000000000000   18
327.20000000000000000000   20
327.30000000000000000000   20
327.40000000000000000000   25
327.50000000000000000000   24
327.60000000000000000000   21
327.70000000000000000000   23
327.80000000000000000000   24
327.90000000000000000000   24
328.00000000000000000000   24
328.10000000000000000000   28
328.20000000000000000000   27
328.30000000000000000000   25
328.40000000000000000000   23
328.50000000000000000000   22
328.60000000000000000000   23
328.70000000000000000000   22
328.80000000000000000000   22
328.90000000000000000000   21
329.00000000000000000000   20
329.10000000000000000000   20
329.20000000000000000000   19
329.30000000000000000000   18
329.40000000000000000000   18
329.50000000000000000000   17
329.60000000000000000000   21
329.70000000000000000000   19
329.80000000000000000000   17
329.90000000000000000000   17
330.00000000000000000000   18
330.10000000000000000000   16
330.20000000000000000000   13
330.30000000000000000000   15
330.40000000000000000000   13
330.50000000000000000000   16
330.60000000000000000000   16
330.70000000000000000000   16
330.80000000000000000000   13
330.90000000000000000000   19
331.00000000000000000000   21
331.10000000000000000000   17
331.20000000000000000000   19
331.30000000000000000000   17
331.40000000000000000000   17
331.50000000000000000000   18
331.60000000000000000000   18
331.70000000000000000000   17
331.80000000000000000000   17
331.90000000000000000000   18
332.00000000000000000000   17
332.10000000000000000000   21
332.20000000000000000000   21
332.30000000000000000000   19
332.40000000000000000000   17
332.50000000000000000000   20
332.60000000000000000000   19
332.70000000000000000000   18
332.80000000000000000000   15
332.90000000000000000000   21
333.00000000000000000000   21
333.10000000000000000000   21
333.20000000000000000000   22
333.30000000000000000000   18
333.40000000000000000000   18
333.50000000000000000000   19
333.60000000000000000000   18
333.70000000000000000000   18
333.80000000000000000000   21
333.90000000000000000000   19
334.00000000000000000000   19
334.10000000000000000000   19
334.20000000000000000000   21
334.30000000000000000000   20
334.40000000000000000000   20
334.50000000000000000000   22
334.60000000000000000000   21
334.70000000000000000000   18
334.80000000000000000000   22
334.90000000000000000000   24
335.00000000000000000000   22
335.10000000000000000000   18
335.20000000000000000000   21
335.30000000000000000000   20
335.40000000000000000000   21
335.50000000000000000000   26
335.60000000000000000000   24
335.70000000000000000000   20
335.80000000000000000000   22
335.90000000000000000000   21
336.00000000000000000000   19
336.10000000000000000000   21
336.20000000000000000000   19
336.30000000000000000000   21
336.40000000000000000000   20
336.50000000000000000000   23
336.60000000000000000000   22
336.70000000000000000000   19
336.80000000000000000000   20
336.90000000000000000000   20
337.00000000000000000000   20
337.10000000000000000000   18
337.20000000000000000000   19
337.30000000000000000000   22
337.40000000000000000000   20
337.50000000000000000000   24
337.60000000000000000000   24
337.70000000000000000000   19
337.80000000000000000000   20
337.90000000000000000000   23
338.00000000000000000000   21
338.10000000000000000000   22
338.20000000000000000000   20
338.30000000000000000000   22
338.40000000000000000000   18
338.50000000000000000000   20
338.60000000000000000000   20
338.70000000000000000000   22
338.80000000000000000000   23
338.90000000000000000000   21
339.00000000000000000000   19
339.10000000000000000000   19
339.20000000000000000000   19
339.30000000000000000000   20
339.40000000000000000000   22
339.50000000000000000000   20
339.60000000000000000000   19
339.70000000000000000000   21
339.80000000000000000000   19
339.90000000000000000000   21
340.00000000000000000000   21
340.10000000000000000000   20
340.20000000000000000000   20
340.30000000000000000000   22
340.40000000000000000000   24
340.50000000000000000000   21
340.60000000000000000000   22
340.70000000000000000000   21
340.80000000000000000000   23
340.90000000000000000000   21
341.00000000000000000000   24
341.10000000000000000000   20
341.20000000000000000000   21
341.30000000000000000000   22
341.40000000000000000000   20
341.50000000000000000000   18
341.60000000000000000000   15
341.70000000000000000000   18
341.80000000000000000000   18
341.90000000000000000000   18
342.00000000000000000000   14
342.10000000000000000000   18
342.20000000000000000000   18
342.30000000000000000000   19
342.40000000000000000000   17
342.50000000000000000000   19
342.60000000000000000000   17
342.70000000000000000000   20
342.80000000000000000000   22
342.90000000000000000000   21
343.00000000000000000000   21
343.10000000000000000000   19
343.20000000000000000000   19
343.30000000000000000000   19
343.40000000000000000000   18
343.50000000000000000000   21
343.60000000000000000000   21
343.70000000000000000000   19
343.80000000000000000000   21
343.90000000000000000000   16
344.00000000000000000000   17
344.10000000000000000000   19
344.20000000000000000000   18
344.30000000000000000000   13
344.40000000000000000000   14
344.50000000000000000000   18
344.60000000000000000000   16
344.70000000000000000000   16
344.80000000000000000000   13
344.90000000000000000000   16
345.00000000000000000000   15
345.10000000000000000000   14
345.20000000000000000000   14
345.30000000000000000000   18
345.40000000000000000000   18
345.50000000000000000000   17
345.60000000000000000000   17
345.70000000000000000000   17
345.80000000000000000000   22
345.90000000000000000000   17
346.00000000000000000000   19
346.10000000000000000000   18
346.20000000000000000000   16
346.30000000000000000000   19
346.40000000000000000000   14
346.50000000000000000000   15
346.60000000000000000000   15
346.70000000000000000000   15
346.80000000000000000000   21
346.90000000000000000000   21
347.00000000000000000000   19
347.10000000000000000000   20
347.20000000000000000000   20
347.30000000000000000000   14
347.40000000000000000000   13
347.50000000000000000000   16
347.60000000000000000000   14
347.70000000000000000000   21
347.80000000000000000000   15
347.90000000000000000000   17
348.00000000000000000000   15
348.10000000000000000000   20
348.20000000000000000000   18
348.30000000000000000000   17
348.40000000000000000000   17
348.50000000000000000000   17
348.60000000000000000000   18
348.70000000000000000000   18
348.80000000000000000000   17
348.90000000000000000000   18
349.00000000000000000000   20
349.10000000000000000000   17
349.20000000000000000000   17
349.30000000000000000000   16
349.40000000000000000000   17
349.50000000000000000000   17
349.60000000000000000000   18
349.70000000000000000000   15
349.80000000000000000000   21
349.90000000000000000000   19
350.00000000000000000000   18
350.10000000000000000000   17
350.20000000000000000000   18
350.30000000000000000000   17
350.40000000000000000000   15
350.50000000000000000000   18
350.60000000000000000000   14
350.70000000000000000000   14
350.80000000000000000000   17
350.90000000000000000000   15
351.00000000000000000000   14
351.10000000000000000000   17
351.20000000000000000000   17
351.30000000000000000000   17
351.40000000000000000000   17
351.50000000000000000000   16
351.60000000000000000000   17
351.70000000000000000000   17
351.80000000000000000000   21
351.90000000000000000000   17
352.00000000000000000000   18
352.10000000000000000000   14
352.20000000000000000000   15
352.30000000000000000000   20
352.40000000000000000000   18
352.50000000000000000000   21
352.60000000000000000000   23
352.70000000000000000000   24
352.80000000000000000000   23
352.90000000000000000000   22
353.00000000000000000000   22
353.10000000000000000000   18
353.20000000000000000000   19
353.30000000000000000000   19
353.40000000000000000000   21
353.50000000000000000000   20
353.60000000000000000000   21
353.70000000000000000000   14
353.80000000000000000000   16
353.90000000000000000000   13
354.00000000000000000000   15
354.10000000000000000000   14
354.20000000000000000000   19
354.30000000000000000000   14
354.40000000000000000000   15
354.50000000000000000000   19
354.60000000000000000000   19
354.70000000000000000000   17
354.80000000000000000000   13
354.90000000000000000000   10
355.00000000000000000000   15
355.10000000000000000000   11
355.20000000000000000000   11
355.30000000000000000000   13
355.40000000000000000000   14
355.50000000000000000000   13
355.60000000000000000000   14
355.70000000000000000000   14
355.80000000000000000000   13
355.90000000000000000000   12
356.00000000000000000000   15
356.10000000000000000000   15
356.20000000000000000000   22
356.30000000000000000000   22
356.40000000000000000000   21
356.50000000000000000000   21
356.60000000000000000000   18
356.70000000000000000000   17
356.80000000000000000000   15
356.90000000000000000000   19
357.00000000000000000000   19
357.10000000000000000000   20
357.20000000000000000000   21
357.30000000000000000000   15
357.40000000000000000000   17
357.50000000000000000000   14
357.60000000000000000000   19
357.70000000000000000000   16
357.80000000000000000000   12
357.90000000000000000000   14
358.00000000000000000000   19
358.10000000000000000000   17
358.20000000000000000000   13
358.30000000000000000000   15
358.40000000000000000000   13
358.50000000000000000000   11
358.60000000000000000000   11
358.70000000000000000000   14
358.80000000000000000000   13
358.90000000000000000000   14
359.00000000000000000000   12
359.10000000000000000000   12
359.20000000000000000000   13
359.30000000000000000000   10
359.40000000000000000000   13
359.50000000000000000000   11
359.60000000000000000000   13
359.70000000000000000000   13
359.80000000000000000000   12
359.90000000000000000000   19
360.00000000000000000000   9
360.10000000000000000000   10
360.20000000000000000000   14
360.30000000000000000000   14
360.40000000000000000000   15
360.50000000000000000000   17
360.60000000000000000000   15
360.70000000000000000000   15
360.80000000000000000000   20
360.90000000000000000000   19
361.00000000000000000000   18
361.10000000000000000000   19
361.20000000000000000000   17
361.30000000000000000000   21
361.40000000000000000000   18
361.50000000000000000000   20
361.60000000000000000000   16
361.70000000000000000000   21
361.80000000000000000000   20
361.90000000000000000000   18
362.00000000000000000000   19
362.10000000000000000000   19
362.20000000000000000000   19
362.30000000000000000000   20
362.40000000000000000000   19
362.50000000000000000000   23
362.60000000000000000000   21
362.70000000000000000000   18
362.80000000000000000000   17
362.90000000000000000000   15
363.00000000000000000000   16
363.10000000000000000000   15
363.20000000000000000000   15
363.30000000000000000000   15
363.40000000000000000000   14
363.50000000000000000000   12
363.60000000000000000000   15
363.70000000000000000000   11
363.80000000000000000000   14
363.90000000000000000000   14
364.00000000000000000000   14
364.10000000000000000000   17
364.20000000000000000000   20
364.30000000000000000000   20
364.40000000000000000000   19
364.50000000000000000000   21
364.60000000000000000000   19
364.70000000000000000000   17
364.80000000000000000000   18
364.90000000000000000000   17
365.00000000000000000000   16
365.10000000000000000000   17
365.20000000000000000000   18
365.30000000000000000000   18
365.40000000000000000000   20
365.50000000000000000000   19
365.60000000000000000000   17
365.70000000000000000000   18
365.80000000000000000000   16
365.90000000000000000000   19
366.00000000000000000000   20
366.10000000000000000000   21
366.20000000000000000000   17
366.30000000000000000000   20
366.40000000000000000000   22
366.50000000000000000000   20
366.60000000000000000000   18
366.70000000000000000000   18
366.80000000000000000000   18
366.90000000000000000000   19
367.00000000000000000000   20
367.10000000000000000000   20
367.20000000000000000000   21
367.30000000000000000000   21
367.40000000000000000000   18
367.50000000000000000000   19
367.60000000000000000000   22
367.70000000000000000000   22
367.80000000000000000000   23
367.90000000000000000000   21
368.00000000000000000000   21
368.10000000000000000000   19
368.20000000000000000000   18
368.30000000000000000000   19
368.40000000000000000000   19
368.50000000000000000000   18
368.60000000000000000000   20
368.70000000000000000000   18
368.80000000000000000000   22
368.90000000000000000000   22
369.00000000000000000000   23
369.10000000000000000000   23
369.20000000000000000000   23
369.30000000000000000000   20
369.40000000000000000000   22
369.50000000000000000000   19
369.60000000000000000000   18
369.70000000000000000000   22
369.80000000000000000000   21
369.90000000000000000000   19
370.00000000000000000000   20
370.10000000000000000000   20
370.20000000000000000000   19
370.30000000000000000000   20
370.40000000000000000000   23
370.50000000000000000000   24
370.60000000000000000000   23
370.70000000000000000000   24
370.80000000000000000000   25
370.90000000000000000000   24
371.00000000000000000000   22
371.10000000000000000000   26
371.20000000000000000000   19
371.30000000000000000000   23
371.40000000000000000000   25
371.50000000000000000000   21
371.60000000000000000000   22
371.70000000000000000000   19
371.80000000000000000000   20
371.90000000000000000000   20
372.00000000000000000000   20
372.10000000000000000000   20
372.20000000000000000000   20
372.30000000000000000000   19
372.40000000000000000000   22
372.50000000000000000000   20
372.60000000000000000000   20
372.70000000000000000000   20
372.80000000000000000000   21
372.90000000000000000000   18
373.00000000000000000000   18
373.10000000000000000000   19
373.20000000000000000000   20
373.30000000000000000000   18
373.40000000000000000000   19
373.50000000000000000000   19
373.60000000000000000000   17
373.70000000000000000000   18
373.80000000000000000000   17
373.90000000000000000000   19
374.00000000000000000000   16
374.10000000000000000000   14
374.20000000000000000000   12
374.30000000000000000000   15
374.40000000000000000000   15
374.50000000000000000000   19
374.60000000000000000000   20
374.70000000000000000000   19
374.80000000000000000000   18
374.90000000000000000000   19
375.00000000000000000000   20
375.10000000000000000000   20
375.20000000000000000000   18
375.30000000000000000000   20
375.40000000000000000000   22
375.50000000000000000000   23
375.60000000000000000000   22
375.70000000000000000000   18
375.80000000000000000000   20
375.90000000000000000000   22
376.00000000000000000000   17
376.10000000000000000000   18
376.20000000000000000000   16
376.30000000000000000000   20
376.40000000000000000000   20
376.50000000000000000000   20
376.60000000000000000000   19
376.70000000000000000000   21
376.80000000000000000000   23
376.90000000000000000000   25
377.00000000000000000000   22
377.10000000000000000000   24
377.20000000000000000000   22
377.30000000000000000000   23
377.40000000000000000000   22
377.50000000000000000000   22
377.60000000000000000000   22
377.70000000000000000000   19
377.80000000000000000000   22
377.90000000000000000000   24
378.00000000000000000000   22
378.10000000000000000000   20
378.20000000000000000000   25
378.30000000000000000000   19
378.40000000000000000000   20
378.50000000000000000000   18
378.60000000000000000000   21
378.70000000000000000000   20
378.80000000000000000000   22
378.90000000000000000000   20
379.00000000000000000000   20
379.10000000000000000000   21
379.20000000000000000000   19
379.30000000000000000000   22
379.40000000000000000000   21
379.50000000000000000000   18
379.60000000000000000000   19
379.70000000000000000000   18
379.80000000000000000000   18
379.90000000000000000000   18
380.00000000000000000000   21
380.10000000000000000000   19
380.20000000000000000000   20
380.30000000000000000000   17
380.40000000000000000000   19
380.50000000000000000000   23
380.60000000000000000000   23
380.70000000000000000000   22
380.80000000000000000000   21
380.90000000000000000000   23
381.00000000000000000000   21
381.10000000000000000000   22
381.20000000000000000000   22
381.30000000000000000000   20
381.40000000000000000000   22
381.50000000000000000000   20
381.60000000000000000000   21
381.70000000000000000000   18
381.80000000000000000000   21
381.90000000000000000000   18
382.00000000000000000000   19
382.10000000000000000000   19
382.20000000000000000000   21
382.30000000000000000000   20
382.40000000000000000000   19
382.50000000000000000000   18
382.60000000000000000000   18
382.70000000000000000000   14
382.80000000000000000000   14
382.90000000000000000000   14
383.00000000000000000000   14
383.10000000000000000000   15
383.20000000000000000000   14
383.30000000000000000000   16
383.40000000000000000000   16
383.50000000000000000000   15
383.60000000000000000000   18
383.70000000000000000000   17
383.80000000000000000000   18
383.90000000000000000000   18
384.00000000000000000000   16
384.10000000000000000000   16
384.20000000000000000000   22
384.30000000000000000000   20
384.40000000000000000000   22
384.50000000000000000000   20
384.60000000000000000000   18
384.70000000000000000000   19
384.80000000000000000000   21
384.90000000000000000000   21
385.00000000000000000000   21
385.10000000000000000000   20
385.20000000000000000000   22
385.30000000000000000000   21
385.40000000000000000000   23
385.50000000000000000000   21
385.60000000000000000000   20
385.70000000000000000000   21
385.80000000000000000000   22
385.90000000000000000000   19
386.00000000000000000000   18
386.10000000000000000000   22
386.20000000000000000000   21
386.30000000000000000000   20
386.40000000000000000000   19
386.50000000000000000000   20
386.60000000000000000000   16
386.70000000000000000000   15
386.80000000000000000000   16
386.90000000000000000000   16
387.00000000000000000000   16
387.10000000000000000000   17
387.20000000000000000000   14
387.30000000000000000000   13
387.40000000000000000000   15
387.50000000000000000000   18
387.60000000000000000000   18
387.70000000000000000000   17
387.80000000000000000000   16
387.90000000000000000000   17
388.00000000000000000000   15
388.10000000000000000000   15
388.20000000000000000000   17
388.30000000000000000000   18
388.40000000000000000000   16
388.50000000000000000000   16
388.60000000000000000000   17
388.70000000000000000000   14
388.80000000000000000000   10
388.90000000000000000000   16
389.00000000000000000000   11
389.10000000000000000000   11
389.20000000000000000000   11
389.30000000000000000000   17
389.40000000000000000000   18
389.50000000000000000000   18
389.60000000000000000000   17
389.70000000000000000000   16
389.80000000000000000000   18
389.90000000000000000000   17
390.00000000000000000000   16
390.10000000000000000000   16
390.20000000000000000000   17
390.30000000000000000000   18
390.40000000000000000000   18
390.50000000000000000000   18
390.60000000000000000000   16
390.70000000000000000000   16
390.80000000000000000000   19
390.90000000000000000000   16
391.00000000000000000000   19
391.10000000000000000000   18
391.20000000000000000000   19
391.30000000000000000000   18
391.40000000000000000000   17
391.50000000000000000000   17
391.60000000000000000000   16
391.70000000000000000000   16
391.80000000000000000000   20
391.90000000000000000000   17
392.00000000000000000000   18
392.10000000000000000000   16
392.20000000000000000000   18
392.30000000000000000000   15
392.40000000000000000000   14
392.50000000000000000000   18
392.60000000000000000000   18
392.70000000000000000000   15
392.80000000000000000000   12
392.90000000000000000000   16
393.00000000000000000000   13
393.10000000000000000000   18
393.20000000000000000000   14
393.30000000000000000000   19
393.40000000000000000000   16
393.50000000000000000000   18
393.60000000000000000000   18
393.70000000000000000000   12
393.80000000000000000000   16
393.90000000000000000000   16
394.00000000000000000000   16
394.10000000000000000000   15
394.20000000000000000000   15
394.30000000000000000000   14
394.40000000000000000000   9
394.50000000000000000000   11
394.60000000000000000000   11
394.70000000000000000000   11
394.80000000000000000000   12
394.90000000000000000000   11
395.00000000000000000000   10
395.10000000000000000000   9
395.20000000000000000000   10
395.30000000000000000000   10
395.40000000000000000000   10
395.50000000000000000000   11
395.60000000000000000000   15
395.70000000000000000000   13
395.80000000000000000000   15
395.90000000000000000000   16
396.00000000000000000000   18
396.10000000000000000000   17
396.20000000000000000000   15
396.30000000000000000000   16
396.40000000000000000000   18
396.50000000000000000000   19
396.60000000000000000000   19
396.70000000000000000000   20
396.80000000000000000000   19
396.90000000000000000000   19
397.00000000000000000000   20
397.10000000000000000000   20
397.20000000000000000000   20
397.30000000000000000000   16
397.40000000000000000000   18
397.50000000000000000000   19
397.60000000000000000000   17
397.70000000000000000000   14
397.80000000000000000000   16
397.90000000000000000000   17
398.00000000000000000000   15
398.10000000000000000000   15
398.20000000000000000000   18
398.30000000000000000000   20
398.40000000000000000000   16
398.50000000000000000000   16
398.60000000000000000000   16
398.70000000000000000000   17
398.80000000000000000000   18
398.90000000000000000000   18
399.00000000000000000000   18
399.10000000000000000000   18
399.20000000000000000000   18
399.30000000000000000000   18
399.40000000000000000000   18
399.50000000000000000000   18
399.60000000000000000000   18
399.70000000000000000000   18
