200.00000000000000000000   6
200.10000000000000000000   8
200.20000000000000000000   10
200.30000000000000000000   9
200.40000000000000000000   7
200.50000000000000000000   3
200.60000000000000000000   5
200.70000000000000000000   4
200.80000000000000000000   9
200.90000000000000000000   7
201.00000000000000000000   7
201.10000000000000000000   9
201.20000000000000000000   10
201.30000000000000000000   15
201.40000000000000000000   14
201.50000000000000000000   17
201.60000000000000000000   16
201.70000000000000000000   17
201.80000000000000000000   16
201.90000000000000000000   18
202.00000000000000000000   16
202.10000000000000000000   15
202.20000000000000000000   15
202.30000000000000000000   16
202.40000000000000000000   17
202.50000000000000000000   18
202.60000000000000000000   13
202.70000000000000000000   16
202.80000000000000000000   14
202.90000000000000000000   13
203.00000000000000000000   17
203.10000000000000000000   14
203.20000000000000000000   15
203.30000000000000000000   13
203.40000000000000000000   18
203.50000000000000000000   14
203.60000000000000000000   15
203.70000000000000000000   11
203.80000000000000000000   12
203.90000000000000000000   13
204.00000000000000000000   13
204.10000000000000000000   13
204.20000000000000000000   13
204.30000000000000000000   13
204.40000000000000000000   12
204.50000000000000000000   12
204.60000000000000000000   9
204.70000000000000000000   8
204.80000000000000000000   10
204.90000000000000000000   9
205.00000000000000000000   9
205.10000000000000000000   8
205.20000000000000000000   8
205.30000000000000000000   10
205.40000000000000000000   5
205.50000000000000000000   6
205.60000000000000000000   4
205.70000000000000000000   10
205.80000000000000000000   8
205.90000000000000000000   10
206.00000000000000000000   6
206.10000000000000000000   8
206.20000000000000000000   9
206.30000000000000000000   8
206.40000000000000000000   12
206.50000000000000000000   8
206.60000000000000000000   9
206.70000000000000000000   7
206.80000000000000000000   13
206.90000000000000000000   12
207.00000000000000000000   10
207.10000000000000000000   10
207.20000000000000000000   9
207.30000000000000000000   7
207.40000000000000000000   7
207.50000000000000000000   9
207.60000000000000000000   11
207.70000000000000000000   10
207.80000000000000000000   7
207.90000000000000000000   8
208.00000000000000000000   10
208.10000000000000000000   12
208.20000000000000000000   14
208.30000000000000000000   12
208.40000000000000000000   15
208.50000000000000000000   12
208.60000000000000000000   15
208.70000000000000000000   13
208.80000000000000000000   17
208.90000000000000000000   14
209.00000000000000000000   11
209.10000000000000000000   15
209.20000000000000000000   14
209.30000000000000000000   13
209.40000000000000000000   9
209.50000000000000000000   10
209.60000000000000000000   11
209.70000000000000000000   13
209.80000000000000000000   11
209.90000000000000000000   8
210.00000000000000000000   9
210.10000000000000000000   10
210.20000000000000000000   12
210.30000000000000000000   8
210.40000000000000000000   5
210.50000000000000000000   9
210.60000000000000000000   8
210.70000000000000000000   12
210.80000000000000000000   9
210.90000000000000000000   6
211.00000000000000000000   7
211.10000000000000000000   10
211.20000000000000000000   10
211.30000000000000000000   12
211.40000000000000000000   11
211.50000000000000000000   9
211.60000000000000000000   7
211.70000000000000000000   6
211.80000000000000000000   7
211.90000000000000000000   8
212.00000000000000000000   10
212.10000000000000000000   10
212.20000000000000000000   10
212.30000000000000000000   11
212.40000000000000000000   10
212.50000000000000000000   9
212.60000000000000000000   9
212.70000000000000000000   9
212.80000000000000000000   7
212.90000000000000000000   8
213.00000000000000000000   5
213.10000000000000000000   8
213.20000000000000000000   9
213.30000000000000000000   8
213.40000000000000000000   9
213.50000000000000000000   3
213.60000000000000000000   2
213.70000000000000000000   3
213.80000000000000000000   8
213.90000000000000000000   4
214.00000000000000000000   7
214.10000000000000000000   8
214.20000000000000000000   6
214.30000000000000000000   4
214.40000000000000000000   8
214.50000000000000000000   10
214.60000000000000000000   13
214.70000000000000000000   5
214.80000000000000000000   7
214.90000000000000000000   12
215.00000000000000000000   10
215.10000000000000000000   14
215.20000000000000000000   11
215.30000000000000000000   14
215.40000000000000000000   10
215.50000000000000000000   13
215.60000000000000000000   11
215.70000000000000000000   9
215.80000000000000000000   5
215.90000000000000000000   7
216.00000000000000000000   2
216.10000000000000000000   7
216.20000000000000000000   5
216.30000000000000000000   6
216.40000000000000000000   6
216.50000000000000000000   3
216.60000000000000000000   8
216.70000000000000000000   4
216.80000000000000000000   6
216.90000000000000000000   5
217.00000000000000000000   12
217.10000000000000000000   13
217.20000000000000000000   14
217.30000000000000000000   15
217.40000000000000000000   16
217.50000000000000000000   12
217.60000000000000000000   5
217.70000000000000000000   10
217.80000000000000000000   7
217.90000000000000000000   6
218.00000000000000000000   8
218.10000000000000000000   8
218.20000000000000000000   10
218.30000000000000000000   10
218.40000000000000000000   11
218.50000000000000000000   11
218.60000000000000000000   9
218.70000000000000000000   12
218.80000000000000000000   10
218.90000000000000000000   12
219.00000000000000000000   12
219.10000000000000000000   10
219.20000000000000000000   10
219.30000000000000000000   10
219.40000000000000000000   10
219.50000000000000000000   9
219.60000000000000000000   7
219.70000000000000000000   9
219.80000000000000000000   9
219.90000000000000000000   9
220.00000000000000000000   11
220.10000000000000000000   9
220.20000000000000000000   14
220.30000000000000000000   9
220.40000000000000000000   8
220.50000000000000000000   12
220.60000000000000000000   11
220.70000000000000000000   11
220.80000000000000000000   11
220.90000000000000000000   8
221.00000000000000000000   10
221.10000000000000000000   9
221.20000000000000000000   12
221.30000000000000000000   10
221.40000000000000000000   11
221.50000000000000000000   10
221.60000000000000000000   8
221.70000000000000000000   6
221.80000000000000000000   6
221.90000000000000000000   9
222.00000000000000000000   11
222.10000000000000000000   14
222.20000000000000000000   9
222.30000000000000000000   7
222.40000000000000000000   9
222.50000000000000000000   8
222.60000000000000000000   7
222.70000000000000000000   6
222.80000000000000000000   9
222.90000000000000000000   6
223.00000000000000000000   7
223.10000000000000000000   6
223.20000000000000000000   10
223.30000000000000000000   7
223.40000000000000000000   11
223.50000000000000000000   8
223.60000000000000000000   9
223.70000000000000000000   4
223.80000000000000000000   4
223.90000000000000000000   5
224.00000000000000000000   6
224.10000000000000000000   9
224.20000000000000000000   11
224.30000000000000000000   12
224.40000000000000000000   13
224.50000000000000000000   8
224.60000000000000000000   10
224.70000000000000000000   7
224.80000000000000000000   10
224.90000000000000000000   8
225.00000000000000000000   9
225.10000000000000000000   11
225.20000000000000000000   14
225.30000000000000000000   12
225.40000000000000000000   10
225.50000000000000000000   6
225.60000000000000000000   10
225.70000000000000000000   12
225.80000000000000000000   12
225.90000000000000000000   12
226.00000000000000000000   8
226.10000000000000000000   7
226.20000000000000000000   10
226.30000000000000000000   8
226.40000000000000000000   7
226.50000000000000000000   11
226.60000000000000000000   12
226.70000000000000000000   10
226.80000000000000000000   9
226.90000000000000000000   9
227.00000000000000000000   8
227.10000000000000000000   9
227.20000000000000000000   10
227.30000000000000000000   9
227.40000000000000000000   10
227.50000000000000000000   11
227.60000000000000000000   15
227.70000000000000000000   11
227.80000000000000000000   12
227.90000000000000000000   7
228.00000000000000000000   9
228.10000000000000000000   12
228.20000000000000000000   10
228.30000000000000000000   9
228.40000000000000000000   7
228.50000000000000000000   11
228.60000000000000000000   4
228.70000000000000000000   8
228.80000000000000000000   9
228.90000000000000000000   6
229.00000000000000000000   7
229.10000000000000000000   7
229.20000000000000000000   8
229.30000000000000000000   7
229.40000000000000000000   8
229.50000000000000000000   11
229.60000000000000000000   11
229.70000000000000000000   9
229.80000000000000000000   8
229.90000000000000000000   12
230.00000000000000000000   8
230.10000000000000000000   13
230.20000000000000000000   11
230.30000000000000000000   11
230.40000000000000000000   8
230.50000000000000000000   12
230.60000000000000000000   11
230.70000000000000000000   10
230.80000000000000000000   9
230.90000000000000000000   9
231.00000000000000000000   11
231.10000000000000000000   8
231.20000000000000000000   13
231.30000000000000000000   13
231.40000000000000000000   11
231.50000000000000000000   9
231.60000000000000000000   11
231.70000000000000000000   14
231.80000000000000000000   13
231.90000000000000000000   13
232.00000000000000000000   11
232.10000000000000000000   11
232.20000000000000000000   12
232.30000000000000000000   13
232.40000000000000000000   13
232.50000000000000000000   14
232.60000000000000000000   16
232.70000000000000000000   16
232.80000000000000000000   14
232.90000000000000000000   12
233.00000000000000000000   12
233.10000000000000000000   14
233.20000000000000000000   15
233.30000000000000000000   12
233.40000000000000000000   15
233.50000000000000000000   17
233.60000000000000000000   15
233.70000000000000000000   13
233.80000000000000000000   16
233.90000000000000000000   17
234.00000000000000000000   11
234.10000000000000000000   13
234.20000000000000000000   13
234.30000000000000000000   12
234.40000000000000000000   17
234.50000000000000000000   12
234.60000000000000000000   11
234.70000000000000000000   11
234.80000000000000000000   16
234.90000000000000000000   16
235.00000000000000000000   13
235.10000000000000000000   10
235.20000000000000000000   12
235.30000000000000000000   13
235.40000000000000000000   13
235.50000000000000000000   12
235.60000000000000000000   13
235.70000000000000000000   14
235.80000000000000000000   15
235.90000000000000000000   16
236.00000000000000000000   11
236.10000000000000000000   15
236.20000000000000000000   12
236.30000000000000000000   15
236.40000000000000000000   13
236.50000000000000000000   11
236.60000000000000000000   11
236.70000000000000000000   10
236.80000000000000000000   10
236.90000000000000000000   14
237.00000000000000000000   10
237.10000000000000000000   9
237.20000000000000000000   7
237.30000000000000000000   14
237.40000000000000000000   14
237.50000000000000000000   13
237.60000000000000000000   10
237.70000000000000000000   13
237.80000000000000000000   9
237.90000000000000000000   10
238.00000000000000000000   8
238.10000000000000000000   8
238.20000000000000000000   11
238.30000000000000000000   11
238.40000000000000000000   11
238.50000000000000000000   7
238.60000000000000000000   10
238.70000000000000000000   12
238.80000000000000000000   10
238.90000000000000000000   11
239.00000000000000000000   7
239.10000000000000000000   13
239.20000000000000000000   12
239.30000000000000000000   13
239.40000000000000000000   13
239.50000000000000000000   14
239.60000000000000000000   14
239.70000000000000000000   13
239.80000000000000000000   10
239.90000000000000000000   12
240.00000000000000000000   11
240.10000000000000000000   13
240.20000000000000000000   9
240.30000000000000000000   12
240.40000000000000000000   11
240.50000000000000000000   13
240.60000000000000000000   12
240.70000000000000000000   12
240.80000000000000000000   12
240.90000000000000000000   11
241.00000000000000000000   10
241.10000000000000000000   12
241.20000000000000000000   12
241.30000000000000000000   11
241.40000000000000000000   10
241.50000000000000000000   12
241.60000000000000000000   11
241.70000000000000000000   12
241.80000000000000000000   9
241.90000000000000000000   9
242.00000000000000000000   14
242.10000000000000000000   13
242.20000000000000000000   12
242.30000000000000000000   12
242.40000000000000000000   9
242.50000000000000000000   10
242.60000000000000000000   11
242.70000000000000000000   9
242.80000000000000000000   7
242.90000000000000000000   9
243.00000000000000000000   9
243.10000000000000000000   7
243.20000000000000000000   9
243.30000000000000000000   7
243.40000000000000000000   8
243.50000000000000000000   8
243.60000000000000000000   13
243.70000000000000000000   15
243.80000000000000000000   14
243.90000000000000000000   14
244.00000000000000000000   15
244.10000000000000000000   14
244.20000000000000000000   12
244.30000000000000000000   10
244.40000000000000000000   11
244.50000000000000000000   13
244.60000000000000000000   11
244.70000000000000000000   13
244.80000000000000000000   8
244.90000000000000000000   9
245.00000000000000000000   8
245.10000000000000000000   16
245.20000000000000000000   12
245.30000000000000000000   14
245.40000000000000000000   13
245.50000000000000000000   12
245.60000000000000000000   16
245.70000000000000000000   16
245.80000000000000000000   16
245.90000000000000000000   15
246.00000000000000000000   17
246.10000000000000000000   13
246.20000000000000000000   14
246.30000000000000000000   16
246.40000000000000000000   14
246.50000000000000000000   14
246.60000000000000000000   19
246.70000000000000000000   11
246.80000000000000000000   13
246.90000000000000000000   14
247.00000000000000000000   13
247.10000000000000000000   11
247.20000000000000000000   9
247.30000000000000000000   11
247.40000000000000000000   11
247.50000000000000000000   13
247.60000000000000000000   12
247.70000000000000000000   12
247.80000000000000000000   11
247.90000000000000000000   12
248.00000000000000000000   11
248.10000000000000000000   13
248.20000000000000000000   12
248.30000000000000000000   12
248.40000000000000000000   13
248.50000000000000000000   11
248.60000000000000000000   8
248.70000000000000000000   11
248.80000000000000000000   9
248.90000000000000000000   8
249.00000000000000000000   5
249.10000000000000000000   8
249.20000000000000000000   12
249.30000000000000000000   13
249.40000000000000000000   11
249.50000000000000000000   8
249.60000000000000000000   9
249.70000000000000000000   5
249.80000000000000000000   12
249.90000000000000000000   7
250.00000000000000000000   7
250.10000000000000000000   9
250.20000000000000000000   9
250.30000000000000000000   11
250.40000000000000000000   11
250.50000000000000000000   11
250.60000000000000000000   8
250.70000000000000000000   9
250.80000000000000000000   9
250.90000000000000000000   8
251.00000000000000000000   12
251.10000000000000000000   9
251.20000000000000000000   8
251.30000000000000000000   9
251.40000000000000000000   7
251.50000000000000000000   7
251.60000000000000000000   7
251.70000000000000000000   4
251.80000000000000000000   4
251.90000000000000000000   9
252.00000000000000000000   7
252.10000000000000000000   11
252.20000000000000000000   8
252.30000000000000000000   7
252.40000000000000000000   10
252.50000000000000000000   13
252.60000000000000000000   15
252.70000000000000000000   15
252.80000000000000000000   14
252.90000000000000000000   13
253.00000000000000000000   15
253.10000000000000000000   18
253.20000000000000000000   17
253.30000000000000000000   14
253.40000000000000000000   17
253.50000000000000000000   18
253.60000000000000000000   16
253.70000000000000000000   16
253.80000000000000000000   15
253.90000000000000000000   16
254.00000000000000000000   16
254.10000000000000000000   12
254.20000000000000000000   11
254.30000000000000000000   15
254.40000000000000000000   15
254.50000000000000000000   17
254.60000000000000000000   15
254.70000000000000000000   12
254.80000000000000000000   12
254.90000000000000000000   15
255.00000000000000000000   12
255.10000000000000000000   13
255.20000000000000000000   13
255.30000000000000000000   10
255.40000000000000000000   13
255.50000000000000000000   10
255.60000000000000000000   9
255.70000000000000000000   8
255.80000000000000000000   9
255.90000000000000000000   9
256.00000000000000000000   6
256.10000000000000000000   9
256.20000000000000000000   10
256.30000000000000000000   9
256.40000000000000000000   9
256.50000000000000000000   9
256.60000000000000000000   9
256.70000000000000000000   9
256.80000000000000000000   9
256.90000000000000000000   10
257.00000000000000000000   9
257.10000000000000000000   11
257.20000000000000000000   13
257.30000000000000000000   9
257.40000000000000000000   8
257.50000000000000000000   8
257.60000000000000000000   9
257.70000000000000000000   11
257.80000000000000000000   13
257.90000000000000000000   11
258.00000000000000000000   9
258.10000000000000000000   8
258.20000000000000000000   7
258.30000000000000000000   8
258.40000000000000000000   9
258.50000000000000000000   11
258.60000000000000000000   11
258.70000000000000000000   9
258.80000000000000000000   10
258.90000000000000000000   10
259.00000000000000000000   11
259.10000000000000000000   12
259.20000000000000000000   9
259.30000000000000000000   11
259.40000000000000000000   11
259.50000000000000000000   10
259.60000000000000000000   11
259.70000000000000000000   12
259.80000000000000000000   10
259.90000000000000000000   10
260.00000000000000000000   9
260.10000000000000000000   9
260.20000000000000000000   12
260.30000000000000000000   12
260.40000000000000000000   14
260.50000000000000000000   15
260.60000000000000000000   11
260.70000000000000000000   11
260.80000000000000000000   10
260.90000000000000000000   11
261.00000000000000000000   9
261.10000000000000000000   9
261.20000000000000000000   11
261.30000000000000000000   10
261.40000000000000000000   10
261.50000000000000000000   12
261.60000000000000000000   10
261.70000000000000000000   12
261.80000000000000000000   11
261.90000000000000000000   10
262.00000000000000000000   11
262.10000000000000000000   10
262.20000000000000000000   11
262.30000000000000000000   11
262.40000000000000000000   11
262.50000000000000000000   12
262.60000000000000000000   11
262.70000000000000000000   11
262.80000000000000000000   13
262.90000000000000000000   13
263.00000000000000000000   15
263.10000000000000000000   13
263.20000000000000000000   14
263.30000000000000000000   14
263.40000000000000000000   12
263.50000000000000000000   11
263.60000000000000000000   11
263.70000000000000000000   13
263.80000000000000000000   10
263.90000000000000000000   9
264.00000000000000000000   11
264.10000000000000000000   9
264.20000000000000000000   11
264.30000000000000000000   11
264.40000000000000000000   10
264.50000000000000000000   11
264.60000000000000000000   9
264.70000000000000000000   11
264.80000000000000000000   9
264.90000000000000000000   10
265.00000000000000000000   9
265.10000000000000000000   10
265.20000000000000000000   8
265.30000000000000000000   8
265.40000000000000000000   7
265.50000000000000000000   9
265.60000000000000000000   12
265.70000000000000000000   11
265.80000000000000000000   12
265.90000000000000000000   12
266.00000000000000000000   12
266.10000000000000000000   10
266.20000000000000000000   13
266.30000000000000000000   12
266.40000000000000000000   13
266.50000000000000000000   10
266.60000000000000000000   12
266.70000000000000000000   12
266.80000000000000000000   11
266.90000000000000000000   12
267.00000000000000000000   11
267.10000000000000000000   12
267.20000000000000000000   9
267.30000000000000000000   10
267.40000000000000000000   11
267.50000000000000000000   10
267.60000000000000000000   10
267.70000000000000000000   9
267.80000000000000000000   11
267.90000000000000000000   10
268.00000000000000000000   12
268.10000000000000000000   11
268.20000000000000000000   10
268.30000000000000000000   10
268.40000000000000000000   11
268.50000000000000000000   11
268.60000000000000000000   10
268.70000000000000000000   11
268.80000000000000000000   11
268.90000000000000000000   14
269.00000000000000000000   15
269.10000000000000000000   13
269.20000000000000000000   11
269.30000000000000000000   9
269.40000000000000000000   10
269.50000000000000000000   9
269.60000000000000000000   10
269.70000000000000000000   10
269.80000000000000000000   9
269.90000000000000000000   11
270.00000000000000000000   10
270.10000000000000000000   11
270.20000000000000000000   14
270.30000000000000000000   11
270.40000000000000000000   11
270.50000000000000000000   13
270.60000000000000000000   10
270.70000000000000000000   9
270.80000000000000000000   9
270.90000000000000000000   11
271.00000000000000000000   12
271.10000000000000000000   15
271.20000000000000000000   16
271.30000000000000000000   15
271.40000000000000000000   14
271.50000000000000000000   15
271.60000000000000000000   13
271.70000000000000000000   14
271.80000000000000000000   15
271.90000000000000000000   15
272.00000000000000000000   17
272.10000000000000000000   17
272.20000000000000000000   11
272.30000000000000000000   13
272.40000000000000000000   14
272.50000000000000000000   14
272.60000000000000000000   11
272.70000000000000000000   13
272.80000000000000000000   10
272.90000000000000000000   13
273.00000000000000000000   14
273.10000000000000000000   13
273.20000000000000000000   14
273.30000000000000000000   12
273.40000000000000000000   15
273.50000000000000000000   11
273.60000000000000000000   11
273.70000000000000000000   13
273.80000000000000000000   13
273.90000000000000000000   11
274.00000000000000000000   13
274.10000000000000000000   10
274.20000000000000000000   11
274.30000000000000000000   11
274.40000000000000000000   9
274.50000000000000000000   8
274.60000000000000000000   9
274.70000000000000000000   13
274.80000000000000000000   11
274.90000000000000000000   14
275.00000000000000000000   14
275.10000000000000000000   14
275.20000000000000000000   13
275.30000000000000000000   12
275.40000000000000000000   15
275.50000000000000000000   9
275.60000000000000000000   11
275.70000000000000000000   5
275.80000000000000000000   6
275.90000000000000000000   9
276.00000000000000000000   9
276.10000000000000000000   8
276.20000000000000000000   8
276.30000000000000000000   12
276.40000000000000000000   13
276.50000000000000000000   10
276.60000000000000000000   11
276.70000000000000000000   12
276.80000000000000000000   10
276.90000000000000000000   6
277.00000000000000000000   8
277.10000000000000000000   5
277.20000000000000000000   5
277.30000000000000000000   6
277.40000000000000000000   6
277.50000000000000000000   8
277.60000000000000000000   9
277.70000000000000000000   4
277.80000000000000000000   4
277.90000000000000000000   8
278.00000000000000000000   14
278.10000000000000000000   12
278.20000000000000000000   10
278.30000000000000000000   16
278.40000000000000000000   18
278.50000000000000000000   16
278.60000000000000000000   14
278.70000000000000000000   15
278.80000000000000000000   15
278.90000000000000000000   17
279.00000000000000000000   12
279.10000000000000000000   12
279.20000000000000000000   13
279.30000000000000000000   16
279.40000000000000000000   14
279.50000000000000000000   15
279.60000000000000000000   15
279.70000000000000000000   15
279.80000000000000000000   14
279.90000000000000000000   14
280.00000000000000000000   16
280.10000000000000000000   15
280.20000000000000000000   14
280.30000000000000000000   14
280.40000000000000000000   16
280.50000000000000000000   13
280.60000000000000000000   14
280.70000000000000000000   14
280.80000000000000000000   15
280.90000000000000000000   15
281.00000000000000000000   12
281.10000000000000000000   15
281.20000000000000000000   16
281.30000000000000000000   14
281.40000000000000000000   13
281.50000000000000000000   15
281.60000000000000000000   14
281.70000000000000000000   16
281.80000000000000000000   16
281.90000000000000000000   15
282.00000000000000000000   15
282.10000000000000000000   15
282.20000000000000000000   14
282.30000000000000000000   13
282.40000000000000000000   14
282.50000000000000000000   10
282.60000000000000000000   11
282.70000000000000000000   11
282.80000000000000000000   15
282.90000000000000000000   13
283.00000000000000000000   17
283.10000000000000000000   15
283.20000000000000000000   12
283.30000000000000000000   14
283.40000000000000000000   15
283.50000000000000000000   14
283.60000000000000000000   20
283.70000000000000000000   14
283.80000000000000000000   14
283.90000000000000000000   17
284.00000000000000000000   14
284.10000000000000000000   13
284.20000000000000000000   15
284.30000000000000000000   14
284.40000000000000000000   17
284.50000000000000000000   15
284.60000000000000000000   16
284.70000000000000000000   18
284.80000000000000000000   17
284.90000000000000000000   15
285.00000000000000000000   20
285.10000000000000000000   19
285.20000000000000000000   19
285.30000000000000000000   20
285.40000000000000000000   20
285.50000000000000000000   16
285.60000000000000000000   19
285.70000000000000000000   17
285.80000000000000000000   16
285.90000000000000000000   15
286.00000000000000000000   17
286.10000000000000000000   17
286.20000000000000000000   17
286.30000000000000000000   19
286.40000000000000000000   17
286.50000000000000000000   12
286.60000000000000000000   17
286.70000000000000000000   18
286.80000000000000000000   15
286.90000000000000000000   18
287.00000000000000000000   18
287.10000000000000000000   13
287.20000000000000000000   15
287.30000000000000000000   16
287.40000000000000000000   15
287.50000000000000000000   16
287.60000000000000000000   17
287.70000000000000000000   14
287.80000000000000000000   11
287.90000000000000000000   10
288.00000000000000000000   7
288.10000000000000000000   8
288.20000000000000000000   8
288.30000000000000000000   8
288.40000000000000000000   9
288.50000000000000000000   7
288.60000000000000000000   8
288.70000000000000000000   9
288.80000000000000000000   8
288.90000000000000000000   10
289.00000000000000000000   6
289.10000000000000000000   9
289.20000000000000000000   8
289.30000000000000000000   6
289.40000000000000000000   7
289.50000000000000000000   7
289.60000000000000000000   11
289.70000000000000000000   13
289.80000000000000000000   12
289.90000000000000000000   8
290.00000000000000000000   11
290.10000000000000000000   10
290.20000000000000000000   9
290.30000000000000000000   7
290.40000000000000000000   8
290.50000000000000000000   6
290.60000000000000000000   9
290.70000000000000000000   10
290.80000000000000000000   10
290.90000000000000000000   11
291.00000000000000000000   10
291.10000000000000000000   11
291.20000000000000000000   12
291.30000000000000000000   11
291.40000000000000000000   10
291.50000000000000000000   12
291.60000000000000000000   11
291.70000000000000000000   11
291.80000000000000000000   13
291.90000000000000000000   10
292.00000000000000000000   13
292.10000000000000000000   11
292.20000000000000000000   13
292.30000000000000000000   13
292.40000000000000000000   11
292.50000000000000000000   11
292.60000000000000000000   10
292.70000000000000000000   12
292.80000000000000000000   9
292.90000000000000000000   10
293.00000000000000000000   10
293.10000000000000000000   10
293.20000000000000000000   9
293.30000000000000000000   11
293.40000000000000000000   14
293.50000000000000000000   13
293.60000000000000000000   12
293.70000000000000000000   11
293.80000000000000000000   9
293.90000000000000000000   11
294.00000000000000000000   13
294.10000000000000000000   8
294.20000000000000000000   15
294.30000000000000000000   12
294.40000000000000000000   14
294.50000000000000000000   14
294.60000000000000000000   15
294.70000000000000000000   14
294.80000000000000000000   13
294.90000000000000000000   12
295.00000000000000000000   13
295.10000000000000000000   13
295.20000000000000000000   12
295.30000000000000000000   11
295.40000000000000000000   9
295.50000000000000000000   9
295.60000000000000000000   10
295.70000000000000000000   10
295.80000000000000000000   9
295.90000000000000000000   7
296.00000000000000000000   10
296.10000000000000000000   10
296.20000000000000000000   10
296.30000000000000000000   10
296.40000000000000000000   7
296.50000000000000000000   9
296.60000000000000000000   10
296.70000000000000000000   8
296.80000000000000000000   8
296.90000000000000000000   7
297.00000000000000000000   6
297.10000000000000000000   11
297.20000000000000000000   10
297.30000000000000000000   11
297.40000000000000000000   9
297.50000000000000000000   9
297.60000000000000000000   13
297.70000000000000000000   11
297.80000000000000000000   10
297.90000000000000000000   12
298.00000000000000000000   11
298.10000000000000000000   11
298.20000000000000000000   13
298.30000000000000000000   11
298.40000000000000000000   11
298.50000000000000000000   11
298.60000000000000000000   13
298.70000000000000000000   10
298.80000000000000000000   14
298.90000000000000000000   15
299.00000000000000000000   16
299.10000000000000000000   13
299.20000000000000000000   17
299.30000000000000000000   15
299.40000000000000000000   12
299.50000000000000000000   19
299.60000000000000000000   12
299.70000000000000000000   14
299.80000000000000000000   15
299.90000000000000000000   15
300.00000000000000000000   12
300.10000000000000000000   11
300.20000000000000000000   15
300.30000000000000000000   7
300.40000000000000000000   13
300.50000000000000000000   9
300.60000000000000000000   12
300.70000000000000000000   12
300.80000000000000000000   13
300.90000000000000000000   11
301.00000000000000000000   8
301.10000000000000000000   8
301.20000000000000000000   9
301.30000000000000000000   4
301.40000000000000000000   4
301.50000000000000000000   3
301.60000000000000000000   4
301.70000000000000000000   7
301.80000000000000000000   4
301.90000000000000000000   4
302.00000000000000000000   5
302.10000000000000000000   2
302.20000000000000000000   4
302.30000000000000000000   2
302.40000000000000000000   12
302.50000000000000000000   12
302.60000000000000000000   11
302.70000000000000000000   10
302.80000000000000000000   11
302.90000000000000000000   11
303.00000000000000000000   9
303.10000000000000000000   10
303.20000000000000000000   11
303.30000000000000000000   11
303.40000000000000000000   10
303.50000000000000000000   13
303.60000000000000000000   9
303.70000000000000000000   10
303.80000000000000000000   16
303.90000000000000000000   12
304.00000000000000000000   15
304.10000000000000000000   12
304.20000000000000000000   13
304.30000000000000000000   13
304.40000000000000000000   15
304.50000000000000000000   13
304.60000000000000000000   14
304.70000000000000000000   12
304.80000000000000000000   12
304.90000000000000000000   12
305.00000000000000000000   14
305.10000000000000000000   13
305.20000000000000000000   15
305.30000000000000000000   16
305.40000000000000000000   16
305.50000000000000000000   13
305.60000000000000000000   17
305.70000000000000000000   15
305.80000000000000000000   13
305.90000000000000000000   12
306.00000000000000000000   10
306.10000000000000000000   11
306.20000000000000000000   12
306.30000000000000000000   14
306.40000000000000000000   15
306.50000000000000000000   13
306.60000000000000000000   14
306.70000000000000000000   11
306.80000000000000000000   11
306.90000000000000000000   10
307.00000000000000000000   17
307.10000000000000000000   14
307.20000000000000000000   14
307.30000000000000000000   13
307.40000000000000000000   11
307.50000000000000000000   13
307.60000000000000000000   12
307.70000000000000000000   13
307.80000000000000000000   14
307.90000000000000000000   13
308.00000000000000000000   14
308.10000000000000000000   8
308.20000000000000000000   8
308.30000000000000000000   9
308.40000000000000000000   9
308.50000000000000000000   7
308.60000000000000000000   3
308.70000000000000000000   4
308.80000000000000000000   5
308.90000000000000000000   4
309.00000000000000000000   5
309.10000000000000000000   6
309.20000000000000000000   5
309.30000000000000000000   6
309.40000000000000000000   8
309.50000000000000000000   8
309.60000000000000000000   8
309.70000000000000000000   7
309.80000000000000000000   7
309.90000000000000000000   10
310.00000000000000000000   7
310.10000000000000000000   9
310.20000000000000000000   8
310.30000000000000000000   8
310.40000000000000000000   11
310.50000000000000000000   9
310.60000000000000000000   5
310.70000000000000000000   9
310.80000000000000000000   7
310.90000000000000000000   8
311.00000000000000000000   10
311.10000000000000000000   12
311.20000000000000000000   9
311.30000000000000000000   10
311.40000000000000000000   13
311.50000000000000000000   14
311.60000000000000000000   11
311.70000000000000000000   8
311.80000000000000000000   14
311.90000000000000000000   11
312.00000000000000000000   10
312.10000000000000000000   4
312.20000000000000000000   7
312.30000000000000000000   4
312.40000000000000000000   8
312.50000000000000000000   9
312.60000000000000000000   9
312.70000000000000000000   9
312.80000000000000000000   9
312.90000000000000000000   13
313.00000000000000000000   14
313.10000000000000000000   11
313.20000000000000000000   9
313.30000000000000000000   8
313.40000000000000000000   13
313.50000000000000000000   9
313.60000000000000000000   7
313.70000000000000000000   9
313.80000000000000000000   13
313.90000000000000000000   8
314.00000000000000000000   10
314.10000000000000000000   10
314.20000000000000000000   11
314.30000000000000000000   9
314.40000000000000000000   8
314.50000000000000000000   0
314.60000000000000000000   3
314.70000000000000000000   6
314.80000000000000000000   4
314.90000000000000000000   6
315.00000000000000000000   2
315.10000000000000000000   6
315.20000000000000000000   6
315.30000000000000000000   8
315.40000000000000000000   11
315.50000000000000000000   8
315.60000000000000000000   8
315.70000000000000000000   15
315.80000000000000000000   12
315.90000000000000000000   9
316.00000000000000000000   12
316.10000000000000000000   11
316.20000000000000000000   14
316.30000000000000000000   12
316.40000000000000000000   15
316.50000000000000000000   10
316.60000000000000000000   9
316.70000000000000000000   8
316.80000000000000000000   9
316.90000000000000000000   8
317.00000000000000000000   7
317.10000000000000000000   7
317.20000000000000000000   5
317.30000000000000000000   9
317.40000000000000000000   11
317.50000000000000000000   7
317.60000000000000000000   12
317.70000000000000000000   11
317.80000000000000000000   9
317.90000000000000000000   12
318.00000000000000000000   7
318.10000000000000000000   14
318.20000000000000000000   10
318.30000000000000000000   9
318.40000000000000000000   11
318.50000000000000000000   10
318.60000000000000000000   10
318.70000000000000000000   14
318.80000000000000000000   13
318.90000000000000000000   17
319.00000000000000000000   10
319.10000000000000000000   15
319.20000000000000000000   14
319.30000000000000000000   13
319.40000000000000000000   9
319.50000000000000000000   11
319.60000000000000000000   13
319.70000000000000000000   13
319.80000000000000000000   10
319.90000000000000000000   7
320.00000000000000000000   6
320.10000000000000000000   8
320.20000000000000000000   8
320.30000000000000000000   9
320.40000000000000000000   6
320.50000000000000000000   6
320.60000000000000000000   8
320.70000000000000000000   6
320.80000000000000000000   6
320.90000000000000000000   7
321.00000000000000000000   10
321.10000000000000000000   7
321.20000000000000000000   9
321.30000000000000000000   12
321.40000000000000000000   8
321.50000000000000000000   10
321.60000000000000000000   8
321.70000000000000000000   8
321.80000000000000000000   9
321.90000000000000000000   9
322.00000000000000000000   6
322.10000000000000000000   7
322.20000000000000000000   10
322.30000000000000000000   8
322.40000000000000000000   10
322.50000000000000000000   9
322.60000000000000000000   15
322.70000000000000000000   15
322.80000000000000000000   12
322.90000000000000000000   10
323.00000000000000000000   10
323.10000000000000000000   13
323.20000000000000000000   10
323.30000000000000000000   11
323.40000000000000000000   11
323.50000000000000000000   10
323.60000000000000000000   11
323.70000000000000000000   11
323.80000000000000000000   10
323.90000000000000000000   8
324.00000000000000000000   15
324.10000000000000000000   11
324.20000000000000000000   11
324.30000000000000000000   10
324.40000000000000000000   12
324.50000000000000000000   13
324.60000000000000000000   15
324.70000000000000000000   10
324.80000000000000000000   8
324.90000000000000000000   8
325.00000000000000000000   10
325.10000000000000000000   11
325.20000000000000000000   11
325.30000000000000000000   10
325.40000000000000000000   9
325.50000000000000000000   7
325.60000000000000000000   9
325.70000000000000000000   11
325.80000000000000000000   15
325.90000000000000000000   11
326.00000000000000000000   11
326.10000000000000000000   12
326.20000000000000000000   12
326.30000000000000000000   13
326.40000000000000000000   10
326.50000000000000000000   13
326.60000000000000000000   9
326.70000000000000000000   8
326.80000000000000000000   9
326.90000000000000000000   7
327.00000000000000000000   12
327.10000000000000000000   12
327.20000000000000000000   11
327.30000000000000000000   8
327.40000000000000000000   6
327.50000000000000000000   9
327.60000000000000000000   7
327.70000000000000000000   8
327.80000000000000000000   12
327.90000000000000000000   8
328.00000000000000000000   11
328.10000000000000000000   11
328.20000000000000000000   10
328.30000000000000000000   12
328.40000000000000000000   9
328.50000000000000000000   7
328.60000000000000000000   12
328.70000000000000000000   8
328.80000000000000000000   13
328.90000000000000000000   11
329.00000000000000000000   10
329.10000000000000000000   8
329.20000000000000000000   11
329.30000000000000000000   16
329.40000000000000000000   15
329.50000000000000000000   11
329.60000000000000000000   9
329.70000000000000000000   12
329.80000000000000000000   14
329.90000000000000000000   13
330.00000000000000000000   10
330.10000000000000000000   13
330.20000000000000000000   13
330.30000000000000000000   13
330.40000000000000000000   18
330.50000000000000000000   14
330.60000000000000000000   13
330.70000000000000000000   13
330.80000000000000000000   14
330.90000000000000000000   15
331.00000000000000000000   12
331.10000000000000000000   15
331.20000000000000000000   13
331.30000000000000000000   11
331.40000000000000000000   11
331.50000000000000000000   12
331.60000000000000000000   15
331.70000000000000000000   12
331.80000000000000000000   14
331.90000000000000000000   14
332.00000000000000000000   13
332.10000000000000000000   10
332.20000000000000000000   12
332.30000000000000000000   12
332.40000000000000000000   12
332.50000000000000000000   14
332.60000000000000000000   12
332.70000000000000000000   12
332.80000000000000000000   16
332.90000000000000000000   12
333.00000000000000000000   17
333.10000000000000000000   22
333.20000000000000000000   22
333.30000000000000000000   19
333.40000000000000000000   22
333.50000000000000000000   21
333.60000000000000000000   20
333.70000000000000000000   21
333.80000000000000000000   22
333.90000000000000000000   22
334.00000000000000000000   21
334.10000000000000000000   18
334.20000000000000000000   24
334.30000000000000000000   22
334.40000000000000000000   13
334.50000000000000000000   16
334.60000000000000000000   14
334.70000000000000000000   16
334.80000000000000000000   14
334.90000000000000000000   11
335.00000000000000000000   18
335.10000000000000000000   12
335.20000000000000000000   8
335.30000000000000000000   9
335.40000000000000000000   10
335.50000000000000000000   10
335.60000000000000000000   13
335.70000000000000000000   12
335.80000000000000000000   8
335.90000000000000000000   17
336.00000000000000000000   13
336.10000000000000000000   13
336.20000000000000000000   15
336.30000000000000000000   10
336.40000000000000000000   13
336.50000000000000000000   12
336.60000000000000000000   10
336.70000000000000000000   16
336.80000000000000000000   14
336.90000000000000000000   18
337.00000000000000000000   17
337.10000000000000000000   18
337.20000000000000000000   20
337.30000000000000000000   20
337.40000000000000000000   18
337.50000000000000000000   14
337.60000000000000000000   15
337.70000000000000000000   13
337.80000000000000000000   16
337.90000000000000000000   20
338.00000000000000000000   19
338.10000000000000000000   22
338.20000000000000000000   21
338.30000000000000000000   18
338.40000000000000000000   21
338.50000000000000000000   19
338.60000000000000000000   14
338.70000000000000000000   17
338.80000000000000000000   18
338.90000000000000000000   16
339.00000000000000000000   20
339.10000000000000000000   12
339.20000000000000000000   17
339.30000000000000000000   15
339.40000000000000000000   16
339.50000000000000000000   17
339.60000000000000000000   18
339.70000000000000000000   17
339.80000000000000000000   14
339.90000000000000000000   12
340.00000000000000000000   13
340.10000000000000000000   15
340.20000000000000000000   15
340.30000000000000000000   17
340.40000000000000000000   17
340.50000000000000000000   19
340.60000000000000000000   17
340.70000000000000000000   17
340.80000000000000000000   17
340.90000000000000000000   15
341.00000000000000000000   17
341.10000000000000000000   13
341.20000000000000000000   11
341.30000000000000000000   12
341.40000000000000000000   18
341.50000000000000000000   20
341.60000000000000000000   17
341.70000000000000000000   14
341.80000000000000000000   18
341.90000000000000000000   17
342.00000000000000000000   15
342.10000000000000000000   19
342.20000000000000000000   16
342.30000000000000000000   14
342.40000000000000000000   14
342.50000000000000000000   12
342.60000000000000000000   16
342.70000000000000000000   15
342.80000000000000000000   17
342.90000000000000000000   12
343.00000000000000000000   16
343.10000000000000000000   15
343.20000000000000000000   16
343.30000000000000000000   15
343.40000000000000000000   20
343.50000000000000000000   16
343.60000000000000000000   17
343.70000000000000000000   17
343.80000000000000000000   20
343.90000000000000000000   17
344.00000000000000000000   19
344.10000000000000000000   19
344.20000000000000000000   19
344.30000000000000000000   20
344.40000000000000000000   19
344.50000000000000000000   17
344.60000000000000000000   16
344.70000000000000000000   15
344.80000000000000000000   14
344.90000000000000000000   14
345.00000000000000000000   15
345.10000000000000000000   13
345.20000000000000000000   14
345.30000000000000000000   18
345.40000000000000000000   13
345.50000000000000000000   16
345.60000000000000000000   19
345.70000000000000000000   18
345.80000000000000000000   21
345.90000000000000000000   16
346.00000000000000000000   18
346.10000000000000000000   22
346.20000000000000000000   19
346.30000000000000000000   23
346.40000000000000000000   21
346.50000000000000000000   20
346.60000000000000000000   22
346.70000000000000000000   17
346.80000000000000000000   19
346.90000000000000000000   20
347.00000000000000000000   15
347.10000000000000000000   17
347.20000000000000000000   19
347.30000000000000000000   19
347.40000000000000000000   19
347.50000000000000000000   13
347.60000000000000000000   17
347.70000000000000000000   12
347.80000000000000000000   14
347.90000000000000000000   15
348.00000000000000000000   20
348.10000000000000000000   18
348.20000000000000000000   12
348.30000000000000000000   19
348.40000000000000000000   18
348.50000000000000000000   13
348.60000000000000000000   20
348.70000000000000000000   18
348.80000000000000000000   19
348.90000000000000000000   15
349.00000000000000000000   15
349.10000000000000000000   17
349.20000000000000000000   22
349.30000000000000000000   19
349.40000000000000000000   21
349.50000000000000000000   20
349.60000000000000000000   19
349.70000000000000000000   18
349.80000000000000000000   14
349.90000000000000000000   20
350.00000000000000000000   15
350.10000000000000000000   16
350.20000000000000000000   17
350.30000000000000000000   15
350.40000000000000000000   22
350.50000000000000000000   23
350.60000000000000000000   16
350.70000000000000000000   17
350.80000000000000000000   17
350.90000000000000000000   16
351.00000000000000000000   17
351.10000000000000000000   17
351.20000000000000000000   20
351.30000000000000000000   20
351.40000000000000000000   16
351.50000000000000000000   19
351.60000000000000000000   21
351.70000000000000000000   19
351.80000000000000000000   19
351.90000000000000000000   17
352.00000000000000000000   14
352.10000000000000000000   17
352.20000000000000000000   18
352.30000000000000000000   18
352.40000000000000000000   19
352.50000000000000000000   19
352.60000000000000000000   18
352.70000000000000000000   25
352.80000000000000000000   18
352.90000000000000000000   17
353.00000000000000000000   22
353.10000000000000000000   22
353.20000000000000000000   21
353.30000000000000000000   21
353.40000000000000000000   21
353.50000000000000000000   19
353.60000000000000000000   21
353.70000000000000000000   21
353.80000000000000000000   18
353.90000000000000000000   21
354.00000000000000000000   19
354.10000000000000000000   19
354.20000000000000000000   20
354.30000000000000000000   21
354.40000000000000000000   19
354.50000000000000000000   22
354.60000000000000000000   24
354.70000000000000000000   23
354.80000000000000000000   21
354.90000000000000000000   20
355.00000000000000000000   24
355.10000000000000000000   19
355.20000000000000000000   19
355.30000000000000000000   22
355.40000000000000000000   23
355.50000000000000000000   22
355.60000000000000000000   20
355.70000000000000000000   17
355.80000000000000000000   22
355.90000000000000000000   21
356.00000000000000000000   21
356.10000000000000000000   20
356.20000000000000000000   19
356.30000000000000000000   20
356.40000000000000000000   15
356.50000000000000000000   16
356.60000000000000000000   18
356.70000000000000000000   15
356.80000000000000000000   14
356.90000000000000000000   16
357.00000000000000000000   16
357.10000000000000000000   17
357.20000000000000000000   16
357.30000000000000000000   16
357.40000000000000000000   18
357.50000000000000000000   19
357.60000000000000000000   19
357.70000000000000000000   18
357.80000000000000000000   17
357.90000000000000000000   18
358.00000000000000000000   18
358.10000000000000000000   18
358.20000000000000000000   16
358.30000000000000000000   17
358.40000000000000000000   18
358.50000000000000000000   19
358.60000000000000000000   17
358.70000000000000000000   17
358.80000000000000000000   16
358.90000000000000000000   22
359.00000000000000000000   19
359.10000000000000000000   20
359.20000000000000000000   18
359.30000000000000000000   22
359.40000000000000000000   22
359.50000000000000000000   23
359.60000000000000000000   23
359.70000000000000000000   21
359.80000000000000000000   19
359.90000000000000000000   15
360.00000000000000000000   17
360.10000000000000000000   15
360.20000000000000000000   16
360.30000000000000000000   18
360.40000000000000000000   16
360.50000000000000000000   15
360.60000000000000000000   19
360.70000000000000000000   17
360.80000000000000000000   17
360.90000000000000000000   17
361.00000000000000000000   18
361.10000000000000000000   15
361.20000000000000000000   17
361.30000000000000000000   16
361.40000000000000000000   16
361.50000000000000000000   16
361.60000000000000000000   13
361.70000000000000000000   14
361.80000000000000000000   15
361.90000000000000000000   10
362.00000000000000000000   16
362.10000000000000000000   19
362.20000000000000000000   16
362.30000000000000000000   12
362.40000000000000000000   13
362.50000000000000000000   15
362.60000000000000000000   16
362.70000000000000000000   19
362.80000000000000000000   16
362.90000000000000000000   17
363.00000000000000000000   17
363.10000000000000000000   14
363.20000000000000000000   12
363.30000000000000000000   14
363.40000000000000000000   13
363.50000000000000000000   9
363.60000000000000000000   9
363.70000000000000000000   10
363.80000000000000000000   9
363.90000000000000000000   5
364.00000000000000000000   10
364.10000000000000000000   12
364.20000000000000000000   8
364.30000000000000000000   13
364.40000000000000000000   11
364.50000000000000000000   11
364.60000000000000000000   14
364.70000000000000000000   15
364.80000000000000000000   15
364.90000000000000000000   12
365.00000000000000000000   14
365.10000000000000000000   15
365.20000000000000000000   12
365.30000000000000000000   10
365.40000000000000000000   10
365.50000000000000000000   12
365.60000000000000000000   13
365.70000000000000000000   12
365.80000000000000000000   11
365.90000000000000000000   11
366.00000000000000000000   11
366.10000000000000000000   10
366.20000000000000000000   13
366.30000000000000000000   12
366.40000000000000000000   14
366.50000000000000000000   13
366.60000000000000000000   11
366.70000000000000000000   13
366.80000000000000000000   9
366.90000000000000000000   12
367.00000000000000000000   12
367.10000000000000000000   13
367.20000000000000000000   13
367.30000000000000000000   11
367.40000000000000000000   11
367.50000000000000000000   14
367.60000000000000000000   16
367.70000000000000000000   14
367.80000000000000000000   11
367.90000000000000000000   12
368.00000000000000000000   9
368.10000000000000000000   12
368.20000000000000000000   12
368.30000000000000000000   11
368.40000000000000000000   12
368.50000000000000000000   10
368.60000000000000000000   10
368.70000000000000000000   8
368.80000000000000000000   10
368.90000000000000000000   11
369.00000000000000000000   7
369.10000000000000000000   7
369.20000000000000000000   9
369.30000000000000000000   12
369.40000000000000000000   5
369.50000000000000000000   10
369.60000000000000000000   9
369.70000000000000000000   10
369.80000000000000000000   6
369.90000000000000000000   4
370.00000000000000000000   4
370.10000000000000000000   5
370.20000000000000000000   6
370.30000000000000000000   4
370.40000000000000000000   10
370.50000000000000000000   7
370.60000000000000000000   7
370.70000000000000000000   6
370.80000000000000000000   6
370.90000000000000000000   5
371.00000000000000000000   5
371.10000000000000000000   4
371.20000000000000000000   5
371.30000000000000000000   6
371.40000000000000000000   8
371.50000000000000000000   5
371.60000000000000000000   2
371.70000000000000000000   7
371.80000000000000000000   4
371.90000000000000000000   7
372.00000000000000000000   7
372.10000000000000000000   11
372.20000000000000000000   6
372.30000000000000000000   9
372.40000000000000000000   6
372.50000000000000000000   8
372.60000000000000000000   7
372.70000000000000000000   5
372.80000000000000000000   1
372.90000000000000000000   8
373.00000000000000000000   9
373.10000000000000000000   8
373.20000000000000000000   10
373.30000000000000000000   7
373.40000000000000000000   10
373.50000000000000000000   8
373.60000000000000000000   10
373.70000000000000000000   10
373.80000000000000000000   6
373.90000000000000000000   6
374.00000000000000000000   8
374.10000000000000000000   9
374.20000000000000000000   6
374.30000000000000000000   4
374.40000000000000000000   5
374.50000000000000000000   6
374.60000000000000000000   6
374.70000000000000000000   7
374.80000000000000000000   13
374.90000000000000000000   9
375.00000000000000000000   8
375.10000000000000000000   7
375.20000000000000000000   11
375.30000000000000000000   9
375.40000000000000000000   12
375.50000000000000000000   11
375.60000000000000000000   8
375.70000000000000000000   11
375.80000000000000000000   10
375.90000000000000000000   12
376.00000000000000000000   8
376.10000000000000000000   8
376.20000000000000000000   10
376.30000000000000000000   10
376.40000000000000000000   6
376.50000000000000000000   8
376.60000000000000000000   7
376.70000000000000000000   8
376.80000000000000000000   9
376.90000000000000000000   5
377.00000000000000000000   4
377.10000000000000000000   9
377.20000000000000000000   7
377.30000000000000000000   5
377.40000000000000000000   7
377.50000000000000000000   7
377.60000000000000000000   8
377.70000000000000000000   10
377.80000000000000000000   8
377.90000000000000000000   8
378.00000000000000000000   7
378.10000000000000000000   8
378.20000000000000000000   8
378.30000000000000000000   8
378.40000000000000000000   6
378.50000000000000000000   7
378.60000000000000000000   7
378.70000000000000000000   11
378.80000000000000000000   7
378.90000000000000000000   8
379.00000000000000000000   8
379.10000000000000000000   7
379.20000000000000000000   7
379.30000000000000000000   4
379.40000000000000000000   8
379.50000000000000000000   9
379.60000000000000000000   8
379.70000000000000000000   8
379.80000000000000000000   7
379.90000000000000000000   7
380.00000000000000000000   5
380.10000000000000000000   10
380.20000000000000000000   7
380.30000000000000000000   9
380.40000000000000000000   8
380.50000000000000000000   9
380.60000000000000000000   10
380.70000000000000000000   8
380.80000000000000000000   10
380.90000000000000000000   8
381.00000000000000000000   11
381.10000000000000000000   15
381.20000000000000000000   9
381.30000000000000000000   10
381.40000000000000000000   6
381.50000000000000000000   9
381.60000000000000000000   9
381.70000000000000000000   6
381.80000000000000000000   10
381.90000000000000000000   9
382.00000000000000000000   8
382.10000000000000000000   10
382.20000000000000000000   11
382.30000000000000000000   10
382.40000000000000000000   13
382.50000000000000000000   6
382.60000000000000000000   6
382.70000000000000000000   7
382.80000000000000000000   0
382.90000000000000000000   2
383.00000000000000000000   5
383.10000000000000000000   5
383.20000000000000000000   7
383.30000000000000000000   5
383.40000000000000000000   5
383.50000000000000000000   8
383.60000000000000000000   7
383.70000000000000000000   7
383.80000000000000000000   4
383.90000000000000000000   11
384.00000000000000000000   8
384.10000000000000000000   4
384.20000000000000000000   8
384.30000000000000000000   7
384.40000000000000000000   6
384.50000000000000000000   8
384.60000000000000000000   7
384.70000000000000000000   7
384.80000000000000000000   11
384.90000000000000000000   6
385.00000000000000000000   8
385.10000000000000000000   4
385.20000000000000000000   8
385.30000000000000000000   6
385.40000000000000000000   3
385.50000000000000000000   6
385.60000000000000000000   5
385.70000000000000000000   8
385.80000000000000000000   6
385.90000000000000000000   8
386.00000000000000000000   7
386.10000000000000000000   6
386.20000000000000000000   6
386.30000000000000000000   9
386.40000000000000000000   8
386.50000000000000000000   6
386.60000000000000000000   5
386.70000000000000000000   9
386.80000000000000000000   12
386.90000000000000000000   12
387.00000000000000000000   13
387.10000000000000000000   8
387.20000000000000000000   9
387.30000000000000000000   6
387.40000000000000000000   9
387.50000000000000000000   9
387.60000000000000000000   5
387.70000000000000000000   11
387.80000000000000000000   9
387.90000000000000000000   10
388.00000000000000000000   11
388.10000000000000000000   9
388.20000000000000000000   10
388.30000000000000000000   8
388.40000000000000000000   7
388.50000000000000000000   8
388.60000000000000000000   8
388.70000000000000000000   8
388.80000000000000000000   5
388.90000000000000000000   9
389.00000000000000000000   11
389.10000000000000000000   7
389.20000000000000000000   8
389.30000000000000000000   6
389.40000000000000000000   6
389.50000000000000000000   8
389.60000000000000000000   8
389.70000000000000000000   6
389.80000000000000000000   5
389.90000000000000000000   2
390.00000000000000000000   4
390.10000000000000000000   7
390.20000000000000000000   3
390.30000000000000000000   6
390.40000000000000000000   8
390.50000000000000000000   7
390.60000000000000000000   5
390.70000000000000000000   4
390.80000000000000000000   7
390.90000000000000000000   4
391.00000000000000000000   6
391.10000000000000000000   6
391.20000000000000000000   4
391.30000000000000000000   3
391.40000000000000000000   4
391.50000000000000000000   4
391.60000000000000000000   6
391.70000000000000000000   2
391.80000000000000000000   5
391.90000000000000000000   6
392.00000000000000000000   6
392.10000000000000000000   2
392.20000000000000000000   4
392.30000000000000000000   5
392.40000000000000000000   3
392.50000000000000000000   7
392.60000000000000000000   8
392.70000000000000000000   7
392.80000000000000000000   8
392.90000000000000000000   8
393.00000000000000000000   9
393.10000000000000000000   7
393.20000000000000000000   6
393.30000000000000000000   6
393.40000000000000000000   9
393.50000000000000000000   2
393.60000000000000000000   8
393.70000000000000000000   7
393.80000000000000000000   7
393.90000000000000000000   10
394.00000000000000000000   6
394.10000000000000000000   6
394.20000000000000000000   4
394.30000000000000000000   1
394.40000000000000000000   3
394.50000000000000000000   9
394.60000000000000000000   8
394.70000000000000000000   7
394.80000000000000000000   3
394.90000000000000000000   3
395.00000000000000000000   5
395.10000000000000000000   8
395.20000000000000000000   7
395.30000000000000000000   5
395.40000000000000000000   8
395.50000000000000000000   10
395.60000000000000000000   9
395.70000000000000000000   6
395.80000000000000000000   8
395.90000000000000000000   7
396.00000000000000000000   10
396.10000000000000000000   9
396.20000000000000000000   9
396.30000000000000000000   7
396.40000000000000000000   9
396.50000000000000000000   9
396.60000000000000000000   8
396.70000000000000000000   9
396.80000000000000000000   8
396.90000000000000000000   8
397.00000000000000000000   7
397.10000000000000000000   11
397.20000000000000000000   9
397.30000000000000000000   12
397.40000000000000000000   9
397.50000000000000000000   7
397.60000000000000000000   7
397.70000000000000000000   6
397.80000000000000000000   13
397.90000000000000000000   8
398.00000000000000000000   8
398.10000000000000000000   7
398.20000000000000000000   8
398.30000000000000000000   12
398.40000000000000000000   14
398.50000000000000000000   8
398.60000000000000000000   8
398.70000000000000000000   6
398.80000000000000000000   6
398.90000000000000000000   4
399.00000000000000000000   7
399.10000000000000000000   8
399.20000000000000000000   9
399.30000000000000000000   8
399.40000000000000000000   12
399.50000000000000000000   10
399.60000000000000000000   10
399.70000000000000000000   8
