# Total_native_contacts: 450
#Frame Native_contacts
0 349
1 346
2 342
3 346
4 334
5 347
6 352
7 350
8 346
9 336
10 355
11 353
12 355
13 351
14 348
15 350
16 343
17 348
18 350
19 357
20 356
21 355
22 360
23 361
24 360
25 363
26 349
27 350
28 359
29 359
30 361
31 357
32 348
33 352
34 357
35 353
36 354
37 356
38 352
39 347
40 347
41 347
42 349
43 345
44 333
45 337
46 340
47 341
48 340
49 348
50 345
51 343
52 335
53 339
54 339
55 336
56 326
57 342
58 351
59 344
60 339
61 338
62 343
63 338
64 342
65 342
66 341
67 337
68 342
69 345
70 346
71 338
72 337
73 351
74 356
75 348
76 357
77 351
78 350
79 350
80 356
81 351
82 356
83 359
84 345
85 360
86 359
87 347
88 353
89 344
90 345
91 351
92 348
93 347
94 344
95 343
96 341
97 330
98 343
99 345
100 334
101 335
102 334
103 334
104 335
105 337
106 336
107 330
108 324
109 328
110 333
111 336
112 337
113 330
114 330
115 322
116 318
117 327
118 322
119 318
120 323
121 327
122 321
123 327
124 319
125 319
126 324
127 330
128 325
129 321
130 324
131 326
132 325
133 325
134 322
135 330
136 317
137 324
138 323
139 326
140 324
141 325
142 313
143 318
144 312
145 306
146 320
147 313
148 317
149 318
150 319
151 311
152 318
153 318
154 318
155 310
156 312
157 317
158 326
159 309
160 310
161 321
162 328
163 321
164 319
165 319
166 325
167 318
168 320
169 318
170 314
171 316
172 322
173 303
174 310
175 312
176 308
177 315
178 310
179 315
180 317
181 314
182 313
183 316
184 314
185 316
186 308
187 316
188 312
189 311
190 297
191 310
192 313
193 315
194 310
195 318
196 321
197 309
198 316
199 297
200 305
201 305
202 304
203 314
204 310
205 308
206 303
207 301
208 305
209 309
210 317
211 313
212 321
213 322
214 333
215 334
216 325
217 329
218 334
219 333
220 331
221 338
222 329
223 327
224 325
225 323
226 322
227 325
228 320
229 317
230 319
231 329
232 335
233 314
234 327
235 328
236 325
237 324
238 325
239 333
240 331
241 335
242 320
243 326
244 325
245 320
246 321
247 323
248 337
249 332
250 328
251 321
252 327
253 327
254 329
255 323
256 325
257 327
258 317
259 327
260 338
261 326
262 324
263 329
264 324
265 330
266 321
267 328
268 326
269 315
270 318
271 321
272 321
273 321
274 320
275 323
276 326
277 322
278 319
279 328
280 326
281 325
282 324
283 321
284 323
285 327
286 331
287 327
288 322
289 322
290 317
291 321
292 326
293 325
294 318
295 315
296 314
297 325
298 320
299 317
300 316
301 317
302 325
303 320
304 318
305 320
306 316
307 316
308 321
309 324
310 319
311 325
312 323
313 316
314 325
315 314
316 319
317 315
318 321
319 315
320 315
321 311
322 315
323 317
324 305
325 312
326 307
327 312
328 310
329 318
330 311
331 310
332 314
333 323
334 311
335 315
336 315
337 321
338 320
339 315
340 311
341 311
342 318
343 319
344 310
345 316
346 323
347 321
348 313
349 315
350 320
351 317
352 324
353 312
354 317
355 315
356 319
357 320
358 312
359 323
360 308
361 314
362 318
363 312
364 320
365 315
366 305
367 315
368 318
369 305
370 317
371 317
372 318
373 304
374 315
375 316
376 310
377 307
378 304
379 313
380 310
381 316
382 316
383 307
384 313
385 315
386 312
387 310
388 315
389 318
390 310
391 321
392 311
393 313
394 312
395 306
396 305
397 306
398 316
399 318
400 312
401 310
402 307
403 313
404 305
405 314
406 309
407 315
408 315
409 311
410 318
411 308
412 313
413 308
414 311
415 307
416 315
417 312
418 317
419 317
420 309
421 322
422 324
423 312
424 315
425 315
426 313
427 320
428 320
429 322
430 320
431 316
432 316
433 310
434 307
435 314
436 315
437 324
438 314
439 315
440 315
441 314
442 317
443 317
444 321
445 325
446 326
447 325
448 327
449 325
450 316
451 328
452 329
453 315
454 312
455 313
456 312
457 315
458 321
459 322
460 321
461 322
462 329
463 324
464 334
465 326
466 326
467 324
468 321
469 324
470 331
471 333
472 329
473 333
474 327
475 319
476 327
477 337
478 324
479 312
480 312
481 331
482 335
483 333
484 336
485 334
486 330
487 329
488 334
489 330
490 336
491 325
492 335
493 334
494 338
495 337
496 332
497 329
498 328
499 325
500 325
501 329
502 323
503 324
504 323
505 321
506 332
507 331
508 327
509 326
510 332
511 331
512 324
513 329
514 322
515 327
516 330
517 333
518 321
519 325
520 326
521 329
522 332
523 331
524 323
525 324
526 321
527 323
528 319
529 328
530 326
531 323
532 322
533 324
534 317
535 317
536 322
537 300
538 312
539 322
540 321
541 316
542 315
543 325
544 330
545 320
546 330
547 326
548 329
549 330
550 326
551 317
552 325
553 329
554 330
555 313
556 320
557 311
558 316
559 298
560 313
561 311
562 312
563 316
564 309
565 304
566 305
567 312
568 314
569 312
570 312
571 320
572 307
573 303
574 308
575 308
576 306
577 304
578 307
579 312
580 316
581 312
582 298
583 309
584 314
585 300
586 311
587 316
588 304
589 305
590 310
591 305
592 307
593 307
594 305
595 313
596 307
597 315
598 315
599 319
600 312
601 304
602 310
603 311
604 302
605 317
606 322
607 321
608 317
609 307
610 320
611 314
612 309
613 316
614 317
615 314
616 311
617 312
618 320
619 320
620 318
621 318
622 321
623 318
624 328
625 321
626 328
627 319
628 311
629 315
630 319
631 319
632 318
633 316
634 322
635 329
636 327
637 314
638 310
639 325
640 319
641 326
642 316
643 314
644 321
645 317
646 313
647 309
648 316
649 309
650 317
651 316
652 308
653 319
654 318
655 326
656 317
657 312
658 318
659 310
660 321
661 318
662 308
663 317
664 297
665 313
666 307
667 312
668 317
669 316
670 317
671 314
672 326
673 318
674 328
675 314
676 318
677 305
678 301
679 310
680 315
681 308
682 322
683 320
684 314
685 310
686 303
687 318
688 311
689 318
690 316
691 322
692 326
693 316
694 320
695 311
696 309
697 311
698 325
699 313
700 311
701 319
702 318
703 309
704 319
705 313
706 306
707 312
708 311
709 310
710 312
711 314
712 318
713 313
714 313
715 314
716 318
717 305
718 319
719 310
720 307
721 316
722 313
723 309
724 312
725 307
726 315
727 312
728 313
729 306
730 310
731 318
732 321
733 315
734 324
735 313
736 320
737 325
738 325
739 321
740 315
741 328
742 318
743 323
744 323
745 323
746 322
747 312
748 314
749 314
750 311
751 313
752 319
753 310
754 310
755 311
756 312
757 317
758 316
759 312
760 320
761 313
762 318
763 314
764 314
765 316
766 314
767 313
768 310
769 314
770 320
771 315
772 310
773 314
774 310
775 307
776 306
777 313
778 311
779 313
780 316
781 312
782 318
783 313
784 306
785 311
786 319
787 314
788 315
789 323
790 314
791 321
792 321
793 316
794 319
795 325
796 324
797 318
798 322
799 328
800 327
801 321
802 322
803 311
804 323
805 306
806 321
807 320
808 321
809 322
810 315
811 322
812 318
813 317
814 318
815 315
816 309
817 311
818 314
819 320
820 321
821 314
822 325
823 324
824 327
825 330
826 331
827 334
828 325
829 336
830 332
831 331
832 329
833 330
834 329
835 332
836 315
837 320
838 313
839 321
840 318
841 320
842 319
843 325
844 322
845 320
846 328
847 323
848 313
849 320
850 314
851 314
852 321
853 314
854 310
855 305
856 319
857 321
858 320
859 311
860 330
861 322
862 315
863 316
864 312
865 313
866 311
867 315
868 317
869 319
870 315
871 308
872 318
873 319
874 324
875 318
876 314
877 317
878 309
879 312
880 324
881 320
882 310
883 309
884 319
885 320
886 313
887 312
888 312
889 301
890 314
891 309
892 306
893 299
894 300
895 300
896 303
897 308
898 305
899 302
900 315
901 304
902 312
903 310
904 316
905 313
906 306
907 314
908 305
909 320
910 304
911 300
912 300
913 300
914 308
915 293
916 307
917 298
918 291
919 296
920 301
921 297
922 288
923 296
924 294
925 300
926 302
927 293
928 295
929 299
930 298
931 293
932 295
933 287
934 289
935 285
936 287
937 285
938 285
939 292
940 284
941 286
942 292
943 298
944 287
945 285
946 286
947 284
948 280
949 296
950 293
951 283
952 291
953 277
954 285
955 274
956 289
957 289
958 294
959 295
960 285
961 287
962 297
963 296
964 298
965 302
966 294
967 300
968 295
969 295
970 307
971 299
972 309
973 304
974 319
975 313
976 305
977 295
978 310
979 305
980 316
981 308
982 313
983 308
984 304
985 295
986 307
987 309
988 302
989 301
990 298
991 305
992 305
993 309
994 306
995 312
996 319
997 311
998 308
999 304
1000 304
1001 302
1002 301
1003 304
1004 310
1005 318
1006 313
1007 317
1008 313
1009 310
1010 314
1011 310
1012 317
1013 321
1014 309
1015 310
1016 314
1017 315
1018 314
1019 309
1020 310
1021 301
1022 304
1023 306
1024 312
1025 309
1026 309
1027 305
1028 302
1029 293
1030 302
1031 301
1032 300
1033 299
1034 305
1035 307
1036 307
1037 301
1038 303
1039 295
1040 295
1041 303
1042 300
1043 295
1044 294
1045 299
1046 297
1047 294
1048 299
1049 294
1050 298
1051 301
1052 295
1053 308
1054 299
1055 297
1056 294
1057 295
1058 293
1059 310
1060 304
1061 303
1062 294
1063 291
1064 298
1065 297
1066 295
1067 286
1068 304
1069 307
1070 306
1071 305
1072 306
1073 297
1074 301
1075 300
1076 302
1077 301
1078 310
1079 311
1080 314
1081 307
1082 306
1083 307
1084 314
1085 323
1086 318
1087 311
1088 317
1089 311
1090 308
1091 311
1092 310
1093 308
1094 295
1095 294
1096 297
1097 296
1098 296
1099 300
1100 301
1101 306
1102 302
1103 308
1104 302
1105 310
1106 304
1107 292
1108 304
1109 306
1110 303
1111 301
1112 300
1113 303
1114 301
1115 298
1116 307
1117 317
1118 297
1119 307
1120 301
1121 303
1122 300
1123 308
1124 312
1125 310
1126 313
1127 313
1128 310
1129 308
1130 310
1131 300
1132 303
1133 298
1134 308
1135 313
1136 306
1137 295
1138 307
1139 296
1140 303
1141 304
1142 306
1143 299
1144 311
1145 299
1146 294
1147 300
1148 296
1149 300
1150 301
1151 307
1152 312
1153 300
1154 305
1155 310
1156 303
1157 313
1158 310
1159 301
1160 312
1161 307
1162 311
1163 314
1164 304
1165 311
1166 301
1167 304
1168 310
1169 303
1170 301
1171 304
1172 305
1173 307
1174 312
1175 307
1176 300
1177 305
1178 302
1179 300
1180 307
1181 304
1182 297
1183 303
1184 304
1185 307
1186 308
1187 306
1188 308
1189 299
1190 301
1191 298
1192 301
1193 302
1194 303
1195 304
1196 303
1197 303
1198 306
1199 304
1200 312
1201 297
1202 306
1203 301
1204 301
1205 300
1206 305
1207 296
1208 291
1209 295
1210 306
1211 300
1212 307
1213 298
1214 301
1215 304
1216 296
1217 299
1218 307
1219 310
1220 302
1221 296
1222 299
1223 308
1224 305
1225 303
1226 297
1227 297
1228 295
1229 307
1230 310
1231 309
1232 308
1233 307
1234 309
1235 313
1236 301
1237 315
1238 312
1239 299
1240 304
1241 301
1242 300
1243 309
1244 309
1245 304
1246 314
1247 301
1248 295
1249 296
1250 291
1251 303
1252 309
1253 305
1254 303
1255 304
1256 310
1257 305
1258 311
1259 308
1260 310
1261 308
1262 309
1263 308
1264 307
1265 295
1266 294
1267 306
1268 305
1269 296
1270 296
1271 299
1272 296
1273 296
1274 302
1275 306
1276 304
1277 298
1278 299
1279 300
1280 297
1281 297
1282 307
1283 302
1284 296
1285 292
1286 293
1287 308
1288 311
1289 307
1290 302
1291 311
1292 307
1293 310
1294 297
1295 296
1296 297
1297 299
1298 306
1299 304
1300 309
1301 309
1302 302
1303 302
1304 308
1305 306
1306 301
1307 298
1308 303
1309 309
1310 297
1311 309
1312 313
1313 302
1314 308
1315 305
1316 306
1317 310
1318 309
1319 309
1320 299
1321 305
1322 304
1323 290
1324 305
1325 303
1326 299
1327 296
1328 298
1329 307
1330 292
1331 291
1332 302
1333 296
1334 293
1335 297
1336 298
1337 290
1338 300
1339 297
1340 294
1341 301
1342 302
1343 300
1344 297
1345 299
1346 299
1347 295
1348 292
1349 306
1350 297
1351 298
1352 293
1353 299
1354 311
1355 302
1356 300
1357 294
1358 293
1359 295
1360 290
1361 284
1362 286
1363 293
1364 291
1365 301
1366 287
1367 293
1368 301
1369 291
1370 299
1371 299
1372 303
1373 289
1374 294
1375 300
1376 309
1377 297
1378 286
1379 292
1380 297
1381 300
1382 292
1383 302
1384 297
1385 295
1386 293
1387 302
1388 286
1389 287
1390 298
1391 300
1392 293
1393 296
1394 292
1395 296
1396 303
1397 294
1398 301
1399 286
1400 291
1401 288
1402 292
1403 294
1404 294
1405 295
1406 300
1407 300
1408 299
1409 289
1410 295
1411 299
1412 300
1413 299
1414 302
1415 299
1416 301
1417 299
1418 309
1419 295
1420 300
1421 294
1422 304
1423 306
1424 296
1425 298
1426 297
1427 299
1428 307
1429 301
1430 307
1431 302
1432 297
1433 311
1434 318
1435 307
1436 297
1437 300
1438 291
1439 286
1440 292
1441 303
1442 302
1443 294
1444 300
1445 306
1446 286
1447 298
1448 308
1449 303
1450 302
1451 304
1452 304
1453 313
1454 308
1455 303
1456 296
1457 310
1458 308
1459 313
1460 318
1461 308
1462 323
1463 318
1464 309
1465 316
1466 323
1467 315
1468 318
1469 316
1470 319
1471 314
1472 308
1473 318
1474 316
1475 310
1476 316
1477 314
1478 317
1479 310
1480 321
1481 311
1482 325
1483 322
1484 319
1485 310
1486 321
1487 322
1488 319
1489 312
1490 308
1491 314
1492 306
1493 313
1494 302
1495 306
1496 306
1497 308
1498 300
1499 306
1500 308
1501 298
1502 318
1503 304
1504 313
1505 315
1506 314
1507 312
1508 308
1509 312
1510 320
1511 308
1512 312
1513 305
1514 307
1515 310
1516 307
1517 313
1518 308
1519 312
1520 314
1521 311
1522 304
1523 312
1524 308
1525 294
1526 300
1527 303
1528 305
1529 303
1530 300
1531 310
1532 305
1533 304
1534 304
1535 302
1536 294
1537 306
1538 295
1539 293
1540 305
1541 288
1542 298
1543 303
1544 313
1545 300
1546 305
1547 300
1548 299
1549 302
1550 296
1551 308
1552 307
1553 297
1554 310
1555 309
1556 309
1557 303
1558 306
1559 308
1560 311
1561 308
1562 308
1563 296
1564 296
1565 306
1566 298
1567 295
1568 299
1569 300
1570 301
1571 301
1572 293
1573 300
1574 304
1575 291
1576 297
1577 291
1578 288
1579 297
1580 299
1581 298
1582 296
1583 300
1584 299
1585 296
1586 298
1587 291
1588 292
1589 298
1590 300
1591 309
1592 293
1593 296
1594 300
1595 301
1596 292
1597 298
1598 293
1599 294
1600 299
1601 286
1602 279
1603 283
1604 288
1605 285
1606 284
1607 285
1608 283
1609 282
1610 291
1611 294
1612 290
1613 293
1614 293
1615 296
1616 297
1617 301
1618 296
1619 284
1620 305
1621 297
1622 297
1623 296
1624 295
1625 292
1626 297
1627 295
1628 300
1629 296
1630 292
1631 292
1632 301
1633 291
1634 294
1635 300
1636 306
1637 301
1638 309
1639 299
1640 297
1641 303
1642 294
1643 296
1644 312
1645 305
1646 297
1647 302
1648 294
1649 295
1650 303
1651 301
1652 294
1653 301
1654 298
1655 298
1656 298
1657 294
1658 296
1659 300
1660 293
1661 292
1662 301
1663 293
1664 290
1665 291
1666 286
1667 290
1668 292
1669 296
1670 300
1671 301
1672 305
1673 292
1674 304
1675 303
1676 297
1677 301
1678 298
1679 292
1680 295
1681 295
1682 291
1683 295
1684 290
1685 296
1686 290
1687 292
1688 295
1689 305
1690 299
1691 293
1692 291
1693 298
1694 298
1695 300
1696 309
1697 296
1698 302
1699 297
1700 291
1701 296
1702 302
1703 301
1704 299
1705 295
1706 290
1707 279
1708 299
1709 291
1710 300
1711 290
1712 294
1713 297
1714 300
1715 303
1716 296
1717 293
1718 285
1719 296
1720 293
1721 297
1722 293
1723 291
1724 299
1725 301
1726 294
1727 297
1728 303
1729 297
1730 297
1731 294
1732 296
1733 304
1734 298
1735 292
1736 297
1737 296
1738 300
1739 287
1740 298
1741 302
1742 302
1743 294
1744 312
1745 292
1746 294
1747 301
1748 290
1749 302
1750 290
1751 310
1752 303
1753 309
1754 298
1755 290
1756 303
1757 291
1758 299
1759 284
1760 290
1761 289
1762 291
1763 294
1764 290
1765 293
1766 287
1767 293
1768 295
1769 292
1770 298
1771 299
1772 298
1773 296
1774 296
1775 299
1776 302
1777 291
1778 289
1779 297
1780 299
1781 302
1782 303
1783 308
1784 299
1785 311
1786 310
1787 298
1788 300
1789 302
1790 293
1791 303
1792 290
1793 293
1794 301
1795 307
1796 300
1797 299
1798 294
1799 302
1800 309
1801 312
1802 295
1803 317
1804 305
1805 308
1806 297
1807 320
1808 304
1809 312
1810 308
1811 311
1812 310
1813 315
1814 315
1815 316
1816 313
1817 317
1818 316
1819 314
1820 317
1821 311
1822 313
1823 308
1824 298
1825 304
1826 305
1827 304
1828 312
1829 304
1830 302
1831 311
1832 305
1833 304
1834 301
1835 297
1836 289
1837 309
1838 298
1839 305
1840 303
1841 300
1842 307
1843 304
1844 302
1845 310
1846 315
1847 308
1848 306
1849 299
1850 299
1851 296
1852 296
1853 296
1854 303
1855 300
1856 306
1857 299
1858 298
1859 310
1860 307
1861 305
1862 312
1863 294
1864 303
1865 299
1866 311
1867 311
1868 310
1869 300
1870 316
1871 306
1872 306
1873 302
1874 292
1875 289
1876 287
1877 301
1878 290
1879 305
1880 307
1881 312
1882 311
1883 304
1884 310
1885 309
1886 302
1887 305
1888 294
1889 308
1890 303
1891 299
1892 301
1893 299
1894 296
1895 309
1896 307
1897 307
1898 301
1899 310
1900 301
1901 297
1902 297
1903 295
1904 299
1905 295
1906 280
1907 288
1908 288
1909 297
1910 290
1911 295
1912 295
1913 304
1914 305
1915 290
1916 296
1917 306
1918 298
1919 294
1920 293
1921 289
1922 288
1923 297
1924 290
1925 284
1926 286
1927 291
1928 305
1929 311
1930 304
1931 297
1932 309
1933 305
1934 305
1935 301
1936 300
1937 293
1938 305
1939 312
1940 310
1941 309
1942 305
1943 305
1944 303
1945 313
1946 306
1947 297
1948 302
1949 295
1950 297
1951 303
1952 297
1953 297
1954 295
1955 298
1956 290
1957 281
1958 286
1959 280
1960 285
1961 282
1962 278
1963 278
1964 286
1965 286
1966 284
1967 277
1968 287
1969 288
1970 284
1971 279
1972 283
1973 290
1974 294
1975 291
1976 290
1977 284
1978 282
1979 284
1980 278
1981 279
1982 280
1983 278
1984 286
1985 281
1986 287
1987 282
1988 285
1989 283
1990 282
1991 293
1992 283
1993 281
1994 280
1995 287
1996 278
1997 283
1998 281
1999 278
2000 276
2001 274
2002 288
2003 280
2004 275
2005 274
2006 285
2007 281
2008 281
2009 284
2010 286
2011 282
2012 286
2013 279
2014 279
2015 284
2016 286
2017 280
2018 284
2019 284
2020 284
2021 278
2022 281
2023 281
2024 278
2025 281
2026 282
2027 282
2028 288
2029 286
2030 281
2031 284
2032 282
2033 278
2034 268
2035 269
2036 276
2037 276
2038 283
2039 289
2040 277
2041 282
2042 285
2043 279
2044 281
2045 275
2046 286
2047 281
2048 283
2049 282
2050 288
2051 278
2052 287
2053 283
2054 281
2055 288
2056 289
2057 279
2058 282
2059 277
2060 282
2061 288
2062 290
2063 286
2064 279
2065 276
2066 274
2067 270
2068 283
2069 277
2070 277
2071 274
2072 275
2073 276
2074 275
2075 284
2076 277
2077 271
2078 270
2079 270
2080 272
2081 264
2082 274
2083 265
2084 269
2085 265
2086 268
2087 266
2088 272
2089 267
2090 266
2091 274
2092 271
2093 272
2094 270
2095 273
2096 273
2097 268
2098 271
2099 262
2100 282
2101 277
2102 273
2103 275
2104 275
2105 278
2106 273
2107 275
2108 278
2109 281
2110 273
2111 269
2112 270
2113 281
2114 276
2115 272
2116 271
2117 274
2118 267
2119 274
2120 275
2121 283
2122 275
2123 275
2124 275
2125 280
2126 275
2127 271
2128 265
2129 263
2130 272
2131 269
2132 269
2133 265
2134 263
2135 259
2136 259
2137 258
2138 257
2139 254
2140 253
2141 255
2142 256
2143 258
2144 252
2145 249
2146 252
2147 251
2148 255
2149 262
2150 256
2151 261
2152 261
2153 259
2154 263
2155 255
2156 261
2157 256
2158 257
2159 261
2160 261
2161 264
2162 263
2163 259
2164 261
2165 269
2166 261
2167 260
2168 268
2169 266
2170 268
2171 266
2172 269
2173 263
2174 267
2175 264
2176 268
2177 267
2178 266
2179 266
2180 267
2181 268
2182 268
2183 263
2184 273
2185 269
2186 273
2187 271
2188 272
2189 276
2190 271
2191 275
2192 267
2193 269
2194 271
2195 266
2196 275
2197 273
2198 268
2199 273
2200 268
2201 277
2202 266
2203 281
2204 281
2205 292
2206 284
2207 279
2208 281
2209 287
2210 282
2211 281
2212 280
2213 282
2214 279
2215 276
2216 281
2217 275
2218 272
2219 272
2220 280
2221 276
2222 278
2223 276
2224 275
2225 268
2226 268
2227 271
2228 275
2229 268
2230 276
2231 274
2232 271
2233 270
2234 276
2235 274
2236 267
2237 269
2238 272
2239 277
2240 277
2241 268
2242 273
2243 276
2244 274
2245 272
2246 275
2247 271
2248 275
2249 271
2250 272
2251 261
2252 262
2253 268
2254 258
2255 266
2256 259
2257 274
2258 258
2259 263
2260 265
2261 270
2262 264
2263 271
2264 257
2265 263
2266 261
2267 269
2268 263
2269 258
2270 266
2271 273
2272 265
2273 273
2274 274
2275 266
2276 271
2277 268
2278 271
2279 266
2280 268
2281 272
2282 270
2283 262
2284 271
2285 262
2286 272
2287 267
2288 270
2289 265
2290 275
2291 269
2292 271
2293 265
2294 268
2295 272
2296 266
2297 258
2298 269
2299 268
2300 263
2301 272
2302 272
2303 262
2304 271
2305 270
2306 275
2307 282
2308 269
2309 277
2310 273
2311 270
2312 277
2313 274
2314 272
2315 271
2316 275
2317 271
2318 272
2319 274
2320 272
2321 271
2322 279
2323 264
2324 272
2325 276
2326 277
2327 273
2328 266
2329 278
2330 270
2331 269
2332 274
2333 270
2334 273
2335 273
2336 277
2337 276
2338 265
2339 272
2340 268
2341 269
2342 270
2343 268
2344 267
2345 279
2346 275
2347 278
2348 278
2349 278
2350 277
2351 275
2352 276
2353 275
2354 275
2355 279
2356 275
2357 271
2358 273
2359 274
2360 270
2361 269
2362 267
2363 272
2364 269
2365 272
2366 268
2367 269
2368 264
2369 267
2370 275
2371 270
2372 271
2373 266
2374 278
2375 270
2376 270
2377 270
2378 269
2379 270
2380 276
2381 274
2382 265
2383 268
2384 267
2385 274
2386 270
2387 262
2388 271
2389 276
2390 275
2391 272
2392 273
2393 272
2394 261
2395 268
2396 279
2397 267
2398 270
2399 268
2400 268
2401 272
2402 270
2403 276
2404 281
2405 277
2406 281
2407 279
2408 277
2409 275
2410 272
2411 273
2412 276
2413 274
2414 280
2415 281
2416 279
2417 274
2418 275
2419 265
2420 274
2421 278
2422 277
2423 267
2424 274
2425 267
2426 265
2427 269
2428 268
2429 273
2430 271
2431 268
2432 275
2433 279
2434 274
2435 271
2436 266
2437 274
2438 270
2439 276
2440 267
2441 271
2442 269
2443 275
2444 273
2445 274
2446 272
2447 281
2448 269
2449 277
2450 268
2451 273
2452 265
2453 270
2454 273
2455 273
2456 278
2457 265
2458 258
2459 265
2460 261
2461 260
2462 258
2463 264
2464 269
2465 262
2466 267
2467 259
2468 259
2469 264
2470 270
2471 265
2472 259
2473 263
2474 254
2475 258
2476 273
2477 267
2478 267
2479 260
2480 264
2481 266
2482 265
2483 264
2484 258
2485 263
2486 263
2487 257
2488 267
2489 258
2490 259
2491 258
2492 259
2493 258
2494 263
2495 264
2496 249
2497 253
2498 257
2499 260
2500 260
2501 266
2502 266
2503 261
2504 265
2505 260
2506 259
2507 267
2508 265
2509 257
2510 256
2511 259
2512 266
2513 261
2514 258
2515 257
2516 266
2517 262
2518 264
2519 264
2520 254
2521 266
2522 262
2523 255
2524 262
2525 267
2526 265
2527 264
2528 260
2529 267
2530 261
2531 255
2532 263
2533 261
2534 259
2535 257
2536 261
2537 264
2538 269
2539 255
2540 267
2541 256
2542 266
2543 265
2544 261
2545 265
2546 266
2547 270
2548 265
2549 265
2550 258
2551 269
2552 273
2553 255
2554 262
2555 265
2556 269
2557 259
2558 264
2559 264
2560 262
2561 259
2562 261
2563 260
2564 264
2565 266
2566 253
2567 261
2568 263
2569 258
2570 262
2571 262
2572 261
2573 257
2574 263
2575 258
2576 254
2577 260
2578 262
2579 260
2580 262
2581 249
2582 256
2583 259
2584 258
2585 255
2586 263
2587 263
2588 265
2589 253
2590 265
2591 264
2592 255
2593 261
2594 256
2595 256
2596 267
2597 264
2598 255
2599 266
2600 261
2601 263
2602 260
2603 260
2604 260
2605 263
2606 271
2607 269
2608 273
2609 262
2610 265
2611 266
2612 268
2613 262
2614 261
2615 266
2616 266
2617 264
2618 266
2619 257
2620 259
2621 265
2622 264
2623 264
2624 265
2625 260
2626 261
2627 263
2628 260
2629 261
2630 264
2631 273
2632 259
2633 259
2634 259
2635 262
2636 263
2637 266
2638 273
2639 276
2640 271
2641 271
2642 267
2643 268
2644 267
2645 266
2646 263
2647 266
2648 263
2649 264
2650 265
2651 269
2652 266
2653 259
2654 268
2655 267
2656 270
2657 271
2658 274
2659 262
2660 260
2661 270
2662 266
2663 266
2664 268
2665 272
2666 267
2667 268
2668 272
2669 268
2670 266
2671 270
2672 267
2673 257
2674 265
2675 270
2676 265
2677 262
2678 261
2679 264
2680 261
2681 260
2682 262
2683 257
2684 262
2685 268
2686 262
2687 268
2688 265
2689 263
2690 266
2691 266
2692 266
2693 258
2694 260
2695 261
2696 263
2697 259
2698 261
2699 261
2700 266
2701 264
2702 263
2703 271
2704 257
2705 259
2706 261
2707 255
2708 257
2709 256
2710 259
2711 261
2712 260
2713 257
2714 257
2715 262
2716 263
2717 253
2718 262
2719 264
2720 263
2721 262
2722 262
2723 256
2724 260
2725 259
2726 263
2727 265
2728 267
2729 255
2730 261
2731 263
2732 259
2733 252
2734 257
2735 251
2736 263
2737 259
2738 253
2739 254
2740 252
2741 250
2742 255
2743 254
2744 256
2745 258
2746 254
2747 261
2748 256
2749 260
2750 256
2751 263
2752 255
2753 262
2754 259
2755 250
2756 260
2757 262
2758 255
2759 256
2760 252
2761 257
2762 255
2763 249
2764 257
2765 260
2766 248
2767 253
2768 252
2769 253
2770 254
2771 258
2772 254
2773 250
2774 246
2775 261
2776 256
2777 258
2778 261
2779 253
2780 254
2781 253
2782 258
2783 254
2784 258
2785 252
2786 251
2787 256
2788 256
2789 256
2790 255
2791 254
2792 255
2793 256
2794 256
2795 248
2796 256
2797 251
2798 254
2799 254
2800 256
2801 261
2802 258
2803 260
2804 256
2805 251
2806 255
2807 259
2808 255
2809 252
2810 249
2811 253
2812 252
2813 255
2814 251
2815 250
2816 254
2817 247
2818 249
2819 250
2820 258
2821 257
2822 248
2823 253
2824 254
2825 254
2826 253
2827 255
2828 252
2829 252
2830 256
2831 258
2832 253
2833 256
2834 254
2835 248
2836 251
2837 253
2838 247
2839 257
2840 257
2841 258
2842 252
2843 257
2844 250
2845 259
2846 259
2847 261
2848 253
2849 251
2850 255
2851 260
2852 264
2853 253
2854 254
2855 263
2856 258
2857 260
2858 259
2859 256
2860 254
2861 257
2862 261
2863 260
2864 260
2865 266
2866 256
2867 267
2868 253
2869 256
2870 260
2871 261
2872 254
2873 254
2874 256
2875 260
2876 247
2877 262
2878 263
2879 266
2880 259
2881 259
2882 253
2883 262
2884 258
2885 253
2886 258
2887 253
2888 259
2889 255
2890 255
2891 255
2892 260
2893 251
2894 253
2895 253
2896 258
2897 255
2898 260
2899 260
2900 255
2901 258
2902 262
2903 256
2904 257
2905 257
2906 254
2907 255
2908 261
2909 261
2910 257
2911 263
2912 258
2913 256
2914 247
2915 257
2916 256
2917 251
2918 248
2919 253
2920 262
2921 254
2922 252
2923 256
2924 260
2925 261
2926 256
2927 258
2928 261
2929 254
2930 258
2931 257
2932 253
2933 260
2934 256
2935 256
2936 260
2937 258
2938 261
2939 259
2940 255
2941 264
2942 256
2943 251
2944 253
2945 258
2946 253
2947 253
2948 252
2949 255
2950 262
2951 260
2952 255
2953 260
2954 259
2955 253
2956 259
2957 261
2958 262
2959 257
2960 262
2961 256
2962 254
2963 264
2964 258
2965 257
2966 260
2967 257
2968 257
2969 252
2970 258
2971 261
2972 257
2973 259
2974 266
2975 264
2976 260
2977 261
2978 255
2979 256
2980 254
2981 256
2982 249
2983 255
2984 251
2985 247
2986 248
2987 246
2988 252
2989 257
2990 255
2991 252
2992 250
2993 255
2994 256
2995 253
2996 257
2997 257
2998 252
2999 259
3000 253
3001 250
3002 254
3003 256
3004 258
3005 253
3006 259
3007 254
3008 259
3009 260
3010 256
3011 258
3012 257
3013 256
3014 252
3015 249
3016 251
3017 248
3018 248
3019 260
3020 251
3021 257
3022 253
3023 254
3024 256
3025 255
3026 261
3027 255
3028 257
3029 249
3030 255
3031 258
3032 258
3033 252
3034 259
3035 258
3036 251
3037 255
3038 251
3039 253
3040 252
3041 252
3042 255
3043 243
3044 251
3045 256
3046 248
3047 245
3048 254
3049 243
3050 254
3051 256
3052 254
3053 253
3054 255
3055 255
3056 258
3057 259
3058 254
3059 245
3060 245
3061 263
3062 263
3063 245
3064 256
3065 251
3066 255
3067 258
3068 259
3069 251
3070 257
3071 256
3072 261
3073 266
3074 271
3075 264
3076 260
3077 268
3078 264
3079 261
3080 266
3081 263
3082 268
3083 262
3084 260
3085 256
3086 263
3087 262
3088 262
3089 259
3090 265
3091 268
3092 267
3093 262
3094 257
3095 258
3096 261
3097 266
3098 267
3099 270
3100 264
3101 264
3102 264
3103 265
3104 269
3105 265
3106 267
3107 265
3108 266
3109 264
3110 259
3111 267
3112 272
3113 265
3114 271
3115 268
3116 265
3117 265
3118 268
3119 266
3120 261
3121 262
3122 272
3123 263
3124 259
3125 265
3126 256
3127 260
3128 262
3129 255
3130 259
3131 264
3132 255
3133 257
3134 262
3135 246
3136 250
3137 259
3138 259
3139 258
3140 266
3141 255
3142 260
3143 257
3144 255
3145 256
3146 262
3147 259
3148 255
3149 255
3150 252
3151 255
3152 258
3153 252
3154 267
3155 267
3156 269
3157 256
3158 254
3159 258
3160 255
3161 255
3162 251
3163 258
3164 258
3165 257
3166 261
3167 260
3168 260
3169 256
3170 255
3171 257
3172 262
3173 258
3174 264
3175 256
3176 260
3177 264
3178 267
3179 272
3180 273
3181 263
3182 269
3183 268
3184 271
3185 267
3186 266
3187 274
3188 262
3189 270
3190 271
3191 276
3192 270
3193 263
3194 266
3195 264
3196 258
3197 268
3198 260
3199 262
3200 258
3201 267
3202 254
3203 250
3204 258
3205 271
3206 274
3207 270
3208 265
3209 262
3210 258
3211 262
3212 257
3213 254
3214 259
3215 264
3216 252
3217 260
3218 252
3219 259
3220 263
3221 261
3222 269
3223 260
3224 260
3225 259
3226 262
3227 263
3228 259
3229 262
3230 251
3231 251
3232 260
3233 255
3234 261
3235 251
3236 258
3237 257
3238 257
3239 262
3240 253
3241 253
3242 259
3243 251
3244 259
3245 255
3246 254
3247 262
3248 268
3249 263
3250 256
3251 252
3252 251
3253 253
3254 261
3255 264
3256 261
3257 259
3258 259
3259 259
3260 254
3261 251
3262 255
3263 258
3264 254
3265 256
3266 258
3267 254
3268 253
3269 253
3270 252
3271 255
3272 261
3273 256
3274 252
3275 254
3276 258
3277 257
3278 248
3279 260
3280 259
3281 256
3282 248
3283 244
3284 255
3285 253
3286 257
3287 250
3288 254
3289 255
3290 255
3291 249
3292 248
3293 252
3294 252
3295 259
3296 250
3297 255
3298 255
3299 256
3300 249
3301 251
3302 251
3303 257
3304 254
3305 262
3306 263
3307 263
3308 262
3309 256
3310 258
3311 260
3312 254
3313 263
3314 254
3315 250
3316 258
3317 260
3318 260
3319 257
3320 257
3321 252
3322 252
3323 256
3324 251
3325 257
3326 255
3327 257
3328 254
3329 248
3330 251
3331 257
3332 256
3333 253
3334 254
3335 253
3336 253
3337 259
3338 250
3339 254
3340 255
3341 268
3342 253
3343 258
3344 263
3345 260
3346 270
3347 261
3348 258
3349 268
3350 265
3351 261
3352 266
3353 260
3354 261
3355 259
3356 263
3357 259
3358 258
3359 258
3360 254
3361 255
3362 252
3363 253
3364 259
3365 259
3366 256
3367 256
3368 260
3369 249
3370 263
3371 261
3372 260
3373 260
3374 256
3375 261
3376 265
3377 260
3378 265
3379 260
3380 256
3381 270
3382 260
3383 249
3384 261
3385 254
3386 262
3387 255
3388 256
3389 258
3390 255
3391 260
3392 261
3393 258
3394 259
3395 260
3396 268
3397 257
3398 260
3399 257
3400 258
3401 262
3402 253
3403 257
3404 262
3405 261
3406 256
3407 260
3408 262
3409 257
3410 250
3411 251
3412 252
3413 250
3414 265
3415 258
3416 258
3417 253
3418 259
3419 255
3420 253
3421 257
3422 251
3423 252
3424 256
3425 254
3426 256
3427 252
3428 250
3429 253
3430 254
3431 251
3432 249
3433 255
3434 247
3435 252
3436 263
3437 256
3438 251
3439 254
3440 262
3441 254
3442 257
3443 252
3444 255
3445 247
3446 255
3447 259
3448 257
3449 246
3450 248
3451 249
3452 257
3453 256
3454 249
3455 249
3456 245
3457 250
3458 249
3459 244
3460 246
3461 251
3462 251
3463 255
3464 256
3465 262
3466 254
3467 256
3468 256
3469 261
3470 260
3471 249
3472 256
3473 260
3474 262
3475 255
3476 261
3477 256
3478 256
3479 253
3480 247
3481 256
3482 257
3483 253
3484 256
3485 253
3486 256
3487 254
3488 254
3489 259
3490 258
3491 256
3492 257
3493 255
3494 262
3495 264
3496 262
3497 257
3498 262
3499 266
3500 253
3501 260
3502 259
3503 253
3504 259
3505 259
3506 254
3507 253
3508 260
3509 254
3510 258
3511 257
3512 259
3513 257
3514 262
3515 251
3516 257
3517 253
3518 254
3519 256
3520 261
3521 260
3522 257
3523 263
3524 251
3525 254
3526 264
3527 253
3528 258
3529 253
3530 255
3531 257
3532 250
3533 249
3534 256
3535 255
3536 251
3537 252
3538 254
3539 258
3540 255
3541 251
3542 257
3543 261
3544 263
3545 255
3546 258
3547 264
3548 261
3549 264
3550 258
3551 261
3552 260
3553 264
3554 258
3555 264
3556 262
3557 260
3558 268
3559 265
3560 259
3561 263
3562 263
3563 263
3564 262
3565 257
3566 269
3567 260
3568 261
3569 268
3570 262
3571 266
3572 270
3573 270
3574 267
3575 263
3576 269
3577 266
3578 268
3579 267
3580 266
3581 262
3582 261
3583 265
3584 268
3585 263
3586 265
3587 263
3588 260
3589 271
3590 262
3591 260
3592 263
3593 271
3594 269
3595 267
3596 267
3597 268
3598 266
3599 263
3600 262
3601 259
3602 261
3603 265
3604 259
3605 264
3606 260
3607 267
3608 265
3609 264
3610 272
3611 265
3612 264
3613 265
3614 265
3615 269
3616 266
3617 269
3618 262
3619 266
3620 259
3621 263
3622 265
3623 261
3624 257
3625 261
3626 259
3627 260
3628 258
3629 266
3630 270
3631 263
3632 259
3633 261
3634 257
3635 257
3636 262
3637 263
3638 260
3639 260
3640 257
3641 261
3642 267
3643 261
3644 256
3645 264
3646 260
3647 265
3648 266
3649 265
3650 269
3651 265
3652 263
3653 263
3654 266
3655 268
3656 271
3657 261
3658 265
3659 260
3660 260
3661 260
3662 260
3663 260
3664 262
3665 261
3666 259
3667 264
3668 268
3669 262
3670 263
3671 269
3672 263
3673 260
3674 278
3675 272
3676 257
3677 268
3678 265
3679 260
3680 265
3681 262
3682 262
3683 266
3684 266
3685 267
3686 261
3687 266
3688 260
3689 261
3690 272
3691 266
3692 267
3693 260
3694 266
3695 257
3696 266
3697 263
3698 263
3699 263
3700 256
3701 255
3702 259
3703 260
3704 258
3705 261
3706 264
3707 255
3708 256
3709 261
3710 259
3711 262
3712 254
3713 263
3714 255
3715 259
3716 264
3717 261
3718 255
3719 253
3720 253
3721 259
3722 262
3723 263
3724 261
3725 256
3726 251
3727 257
3728 263
3729 255
3730 262
3731 253
3732 265
3733 263
3734 260
3735 260
3736 256
3737 262
3738 266
3739 262
3740 258
3741 259
3742 256
3743 262
3744 261
3745 257
3746 266
3747 249
3748 249
3749 253
3750 247
3751 249
3752 256
3753 253
3754 252
3755 249
3756 251
3757 249
3758 256
3759 254
3760 242
3761 246
3762 249
3763 250
3764 245
3765 252
3766 247
3767 252
3768 246
3769 243
3770 248
3771 245
3772 247
3773 249
3774 243
3775 244
3776 246
3777 253
3778 255
3779 245
3780 252
3781 249
3782 246
3783 248
3784 245
3785 247
3786 254
3787 241
3788 253
3789 245
3790 250
3791 244
3792 254
3793 247
3794 247
3795 243
3796 245
3797 246
3798 246
3799 251
3800 254
3801 251
3802 252
3803 259
3804 255
3805 254
3806 257
3807 252
3808 256
3809 255
3810 251
3811 252
3812 253
3813 264
3814 255
3815 253
3816 251
3817 251
3818 254
3819 263
3820 252
3821 254
3822 251
3823 246
3824 245
3825 243
3826 249
3827 251
3828 248
3829 249
3830 240
3831 244
3832 239
3833 250
3834 252
3835 259
3836 252
3837 251
3838 250
3839 246
3840 247
3841 241
3842 249
3843 243
3844 252
3845 251
3846 255
3847 256
3848 254
3849 246
3850 253
3851 251
3852 254
3853 251
3854 254
3855 252
3856 252
3857 252
3858 246
3859 253
3860 247
3861 254
3862 256
3863 253
3864 247
3865 252
3866 253
3867 258
3868 257
3869 255
3870 254
3871 249
3872 258
3873 256
3874 260
3875 262
3876 263
3877 268
3878 261
3879 263
3880 267
3881 259
3882 260
3883 259
3884 259
3885 263
3886 253
3887 257
3888 269
3889 266
3890 273
3891 263
3892 263
3893 254
3894 260
3895 258
3896 260
3897 256
3898 251
3899 252
3900 258
3901 251
3902 253
3903 249
3904 249
3905 255
3906 256
3907 249
3908 254
3909 245
3910 256
3911 250
3912 246
3913 250
3914 247
3915 243
3916 245
3917 255
3918 251
3919 251
3920 248
3921 247
3922 252
3923 247
3924 249
3925 250
3926 251
3927 249
3928 246
3929 245
3930 246
3931 249
3932 249
3933 244
3934 248
3935 252
3936 248
3937 247
3938 249
3939 253
3940 243
3941 250
3942 247
3943 245
3944 250
3945 250
3946 248
3947 251
3948 249
3949 257
3950 250
3951 245
3952 248
3953 250
3954 253
3955 255
3956 259
3957 259
3958 258
3959 257
3960 255
3961 253
3962 254
3963 252
3964 259
3965 254
3966 252
3967 253
3968 256
3969 258
3970 256
3971 249
3972 255
3973 251
3974 255
3975 255
3976 251
3977 252
3978 255
3979 252
3980 254
3981 251
3982 258
3983 263
3984 254
3985 255
3986 256
3987 254
3988 256
