200.00000000000000000000   1
200.10000000000000000000   1
200.20000000000000000000   1
200.30000000000000000000   0
200.40000000000000000000   2
200.50000000000000000000   2
200.60000000000000000000   1
200.70000000000000000000   2
200.80000000000000000000   0
200.90000000000000000000   1
201.00000000000000000000   0
201.10000000000000000000   0
201.20000000000000000000   0
201.30000000000000000000   0
201.40000000000000000000   0
201.50000000000000000000   0
201.60000000000000000000   0
201.70000000000000000000   1
201.80000000000000000000   1
201.90000000000000000000   0
202.00000000000000000000   0
202.10000000000000000000   0
202.20000000000000000000   0
202.30000000000000000000   0
202.40000000000000000000   0
202.50000000000000000000   0
202.60000000000000000000   0
202.70000000000000000000   1
202.80000000000000000000   0
202.90000000000000000000   0
203.00000000000000000000   0
203.10000000000000000000   0
203.20000000000000000000   1
203.30000000000000000000   2
203.40000000000000000000   1
203.50000000000000000000   2
203.60000000000000000000   2
203.70000000000000000000   2
203.80000000000000000000   0
203.90000000000000000000   3
204.00000000000000000000   2
204.10000000000000000000   1
204.20000000000000000000   1
204.30000000000000000000   2
204.40000000000000000000   1
204.50000000000000000000   1
204.60000000000000000000   0
204.70000000000000000000   2
204.80000000000000000000   2
204.90000000000000000000   2
205.00000000000000000000   1
205.10000000000000000000   2
205.20000000000000000000   2
205.30000000000000000000   2
205.40000000000000000000   1
205.50000000000000000000   1
205.60000000000000000000   0
205.70000000000000000000   0
205.80000000000000000000   1
205.90000000000000000000   2
206.00000000000000000000   1
206.10000000000000000000   1
206.20000000000000000000   1
206.30000000000000000000   1
206.40000000000000000000   3
206.50000000000000000000   0
206.60000000000000000000   1
206.70000000000000000000   2
206.80000000000000000000   0
206.90000000000000000000   0
207.00000000000000000000   0
207.10000000000000000000   1
207.20000000000000000000   1
207.30000000000000000000   0
207.40000000000000000000   0
207.50000000000000000000   0
207.60000000000000000000   0
207.70000000000000000000   0
207.80000000000000000000   0
207.90000000000000000000   0
208.00000000000000000000   0
208.10000000000000000000   0
208.20000000000000000000   5
208.30000000000000000000   3
208.40000000000000000000   0
208.50000000000000000000   3
208.60000000000000000000   5
208.70000000000000000000   2
208.80000000000000000000   0
208.90000000000000000000   0
209.00000000000000000000   0
209.10000000000000000000   1
209.20000000000000000000   0
209.30000000000000000000   1
209.40000000000000000000   1
209.50000000000000000000   0
209.60000000000000000000   0
209.70000000000000000000   1
209.80000000000000000000   1
209.90000000000000000000   2
210.00000000000000000000   2
210.10000000000000000000   0
210.20000000000000000000   2
210.30000000000000000000   2
210.40000000000000000000   3
210.50000000000000000000   3
210.60000000000000000000   4
210.70000000000000000000   0
210.80000000000000000000   2
210.90000000000000000000   3
211.00000000000000000000   3
211.10000000000000000000   3
211.20000000000000000000   3
211.30000000000000000000   1
211.40000000000000000000   4
211.50000000000000000000   3
211.60000000000000000000   3
211.70000000000000000000   3
211.80000000000000000000   3
211.90000000000000000000   3
212.00000000000000000000   3
212.10000000000000000000   0
212.20000000000000000000   1
212.30000000000000000000   1
212.40000000000000000000   1
212.50000000000000000000   0
212.60000000000000000000   0
212.70000000000000000000   1
212.80000000000000000000   2
212.90000000000000000000   2
213.00000000000000000000   0
213.10000000000000000000   0
213.20000000000000000000   0
213.30000000000000000000   1
213.40000000000000000000   0
213.50000000000000000000   1
213.60000000000000000000   0
213.70000000000000000000   0
213.80000000000000000000   1
213.90000000000000000000   1
214.00000000000000000000   0
214.10000000000000000000   1
214.20000000000000000000   1
214.30000000000000000000   1
214.40000000000000000000   1
214.50000000000000000000   1
214.60000000000000000000   1
214.70000000000000000000   1
214.80000000000000000000   1
214.90000000000000000000   1
215.00000000000000000000   1
215.10000000000000000000   1
215.20000000000000000000   0
215.30000000000000000000   2
215.40000000000000000000   0
215.50000000000000000000   1
215.60000000000000000000   1
215.70000000000000000000   0
215.80000000000000000000   0
215.90000000000000000000   1
216.00000000000000000000   0
216.10000000000000000000   1
216.20000000000000000000   1
216.30000000000000000000   0
216.40000000000000000000   1
216.50000000000000000000   1
216.60000000000000000000   1
216.70000000000000000000   0
216.80000000000000000000   0
216.90000000000000000000   0
217.00000000000000000000   1
217.10000000000000000000   0
217.20000000000000000000   1
217.30000000000000000000   0
217.40000000000000000000   1
217.50000000000000000000   2
217.60000000000000000000   1
217.70000000000000000000   1
217.80000000000000000000   1
217.90000000000000000000   2
218.00000000000000000000   1
218.10000000000000000000   1
218.20000000000000000000   1
218.30000000000000000000   1
218.40000000000000000000   1
218.50000000000000000000   0
218.60000000000000000000   1
218.70000000000000000000   1
218.80000000000000000000   1
218.90000000000000000000   1
219.00000000000000000000   1
219.10000000000000000000   1
219.20000000000000000000   2
219.30000000000000000000   1
219.40000000000000000000   1
219.50000000000000000000   1
219.60000000000000000000   0
219.70000000000000000000   0
219.80000000000000000000   0
219.90000000000000000000   0
220.00000000000000000000   0
220.10000000000000000000   0
220.20000000000000000000   0
220.30000000000000000000   0
220.40000000000000000000   1
220.50000000000000000000   0
220.60000000000000000000   0
220.70000000000000000000   2
220.80000000000000000000   2
220.90000000000000000000   0
221.00000000000000000000   0
221.10000000000000000000   1
221.20000000000000000000   0
221.30000000000000000000   1
221.40000000000000000000   1
221.50000000000000000000   0
221.60000000000000000000   0
221.70000000000000000000   0
221.80000000000000000000   0
221.90000000000000000000   1
222.00000000000000000000   0
222.10000000000000000000   2
222.20000000000000000000   0
222.30000000000000000000   0
222.40000000000000000000   0
222.50000000000000000000   1
222.60000000000000000000   1
222.70000000000000000000   1
222.80000000000000000000   0
222.90000000000000000000   3
223.00000000000000000000   2
223.10000000000000000000   4
223.20000000000000000000   1
223.30000000000000000000   2
223.40000000000000000000   4
223.50000000000000000000   3
223.60000000000000000000   1
223.70000000000000000000   1
223.80000000000000000000   1
223.90000000000000000000   3
224.00000000000000000000   1
224.10000000000000000000   1
224.20000000000000000000   1
224.30000000000000000000   3
224.40000000000000000000   1
224.50000000000000000000   4
224.60000000000000000000   3
224.70000000000000000000   2
224.80000000000000000000   2
224.90000000000000000000   2
225.00000000000000000000   0
225.10000000000000000000   2
225.20000000000000000000   1
225.30000000000000000000   0
225.40000000000000000000   1
225.50000000000000000000   0
225.60000000000000000000   1
225.70000000000000000000   1
225.80000000000000000000   2
225.90000000000000000000   1
226.00000000000000000000   0
226.10000000000000000000   1
226.20000000000000000000   0
226.30000000000000000000   0
226.40000000000000000000   4
226.50000000000000000000   4
226.60000000000000000000   6
226.70000000000000000000   4
226.80000000000000000000   4
226.90000000000000000000   2
227.00000000000000000000   2
227.10000000000000000000   0
227.20000000000000000000   0
227.30000000000000000000   3
227.40000000000000000000   0
227.50000000000000000000   0
227.60000000000000000000   0
227.70000000000000000000   0
227.80000000000000000000   1
227.90000000000000000000   2
228.00000000000000000000   0
228.10000000000000000000   1
228.20000000000000000000   2
228.30000000000000000000   1
228.40000000000000000000   2
228.50000000000000000000   0
228.60000000000000000000   0
228.70000000000000000000   1
228.80000000000000000000   2
228.90000000000000000000   2
229.00000000000000000000   1
229.10000000000000000000   1
229.20000000000000000000   1
229.30000000000000000000   3
229.40000000000000000000   1
229.50000000000000000000   1
229.60000000000000000000   2
229.70000000000000000000   0
229.80000000000000000000   0
229.90000000000000000000   1
230.00000000000000000000   1
230.10000000000000000000   2
230.20000000000000000000   3
230.30000000000000000000   2
230.40000000000000000000   1
230.50000000000000000000   0
230.60000000000000000000   1
230.70000000000000000000   2
230.80000000000000000000   2
230.90000000000000000000   0
231.00000000000000000000   0
231.10000000000000000000   0
231.20000000000000000000   0
231.30000000000000000000   0
231.40000000000000000000   0
231.50000000000000000000   0
231.60000000000000000000   0
231.70000000000000000000   0
231.80000000000000000000   0
231.90000000000000000000   0
232.00000000000000000000   0
232.10000000000000000000   0
232.20000000000000000000   0
232.30000000000000000000   1
232.40000000000000000000   1
232.50000000000000000000   1
232.60000000000000000000   1
232.70000000000000000000   1
232.80000000000000000000   1
232.90000000000000000000   0
233.00000000000000000000   0
233.10000000000000000000   0
233.20000000000000000000   0
233.30000000000000000000   0
233.40000000000000000000   0
233.50000000000000000000   0
233.60000000000000000000   0
233.70000000000000000000   0
233.80000000000000000000   0
233.90000000000000000000   0
234.00000000000000000000   0
234.10000000000000000000   1
234.20000000000000000000   0
234.30000000000000000000   1
234.40000000000000000000   1
234.50000000000000000000   0
234.60000000000000000000   0
234.70000000000000000000   0
234.80000000000000000000   0
234.90000000000000000000   1
235.00000000000000000000   0
235.10000000000000000000   2
235.20000000000000000000   0
235.30000000000000000000   1
235.40000000000000000000   1
235.50000000000000000000   0
235.60000000000000000000   0
235.70000000000000000000   0
235.80000000000000000000   1
235.90000000000000000000   0
236.00000000000000000000   1
236.10000000000000000000   0
236.20000000000000000000   0
236.30000000000000000000   2
236.40000000000000000000   2
236.50000000000000000000   3
236.60000000000000000000   1
236.70000000000000000000   1
236.80000000000000000000   2
236.90000000000000000000   1
237.00000000000000000000   1
237.10000000000000000000   2
237.20000000000000000000   2
237.30000000000000000000   2
237.40000000000000000000   1
237.50000000000000000000   1
237.60000000000000000000   1
237.70000000000000000000   2
237.80000000000000000000   1
237.90000000000000000000   1
238.00000000000000000000   0
238.10000000000000000000   2
238.20000000000000000000   2
238.30000000000000000000   0
238.40000000000000000000   1
238.50000000000000000000   3
238.60000000000000000000   2
238.70000000000000000000   2
238.80000000000000000000   0
238.90000000000000000000   0
239.00000000000000000000   1
239.10000000000000000000   2
239.20000000000000000000   0
239.30000000000000000000   0
239.40000000000000000000   1
239.50000000000000000000   1
239.60000000000000000000   1
239.70000000000000000000   1
239.80000000000000000000   1
239.90000000000000000000   0
240.00000000000000000000   1
240.10000000000000000000   1
240.20000000000000000000   3
240.30000000000000000000   3
240.40000000000000000000   2
240.50000000000000000000   2
240.60000000000000000000   2
240.70000000000000000000   0
240.80000000000000000000   0
240.90000000000000000000   2
241.00000000000000000000   3
241.10000000000000000000   3
241.20000000000000000000   4
241.30000000000000000000   3
241.40000000000000000000   3
241.50000000000000000000   5
241.60000000000000000000   5
241.70000000000000000000   5
241.80000000000000000000   5
241.90000000000000000000   7
242.00000000000000000000   7
242.10000000000000000000   5
242.20000000000000000000   2
242.30000000000000000000   4
242.40000000000000000000   6
242.50000000000000000000   5
242.60000000000000000000   8
242.70000000000000000000   6
242.80000000000000000000   3
242.90000000000000000000   6
243.00000000000000000000   6
243.10000000000000000000   10
243.20000000000000000000   8
243.30000000000000000000   7
243.40000000000000000000   7
243.50000000000000000000   6
243.60000000000000000000   6
243.70000000000000000000   4
243.80000000000000000000   6
243.90000000000000000000   6
244.00000000000000000000   5
244.10000000000000000000   5
244.20000000000000000000   6
244.30000000000000000000   5
244.40000000000000000000   6
244.50000000000000000000   4
244.60000000000000000000   6
244.70000000000000000000   4
244.80000000000000000000   5
244.90000000000000000000   6
245.00000000000000000000   5
245.10000000000000000000   5
245.20000000000000000000   5
245.30000000000000000000   4
245.40000000000000000000   5
245.50000000000000000000   0
245.60000000000000000000   0
245.70000000000000000000   1
245.80000000000000000000   0
245.90000000000000000000   0
246.00000000000000000000   1
246.10000000000000000000   1
246.20000000000000000000   0
246.30000000000000000000   0
246.40000000000000000000   1
246.50000000000000000000   1
246.60000000000000000000   0
246.70000000000000000000   0
246.80000000000000000000   1
246.90000000000000000000   2
247.00000000000000000000   1
247.10000000000000000000   2
247.20000000000000000000   0
247.30000000000000000000   2
247.40000000000000000000   1
247.50000000000000000000   3
247.60000000000000000000   1
247.70000000000000000000   2
247.80000000000000000000   1
247.90000000000000000000   1
248.00000000000000000000   1
248.10000000000000000000   0
248.20000000000000000000   1
248.30000000000000000000   1
248.40000000000000000000   1
248.50000000000000000000   3
248.60000000000000000000   1
248.70000000000000000000   1
248.80000000000000000000   1
248.90000000000000000000   2
249.00000000000000000000   2
249.10000000000000000000   1
249.20000000000000000000   1
249.30000000000000000000   1
249.40000000000000000000   0
249.50000000000000000000   2
249.60000000000000000000   1
249.70000000000000000000   1
249.80000000000000000000   2
249.90000000000000000000   0
250.00000000000000000000   1
250.10000000000000000000   0
250.20000000000000000000   1
250.30000000000000000000   0
250.40000000000000000000   1
250.50000000000000000000   0
250.60000000000000000000   0
250.70000000000000000000   1
250.80000000000000000000   2
250.90000000000000000000   1
251.00000000000000000000   2
251.10000000000000000000   1
251.20000000000000000000   1
251.30000000000000000000   1
251.40000000000000000000   1
251.50000000000000000000   1
251.60000000000000000000   0
251.70000000000000000000   1
251.80000000000000000000   0
251.90000000000000000000   0
252.00000000000000000000   1
252.10000000000000000000   1
252.20000000000000000000   0
252.30000000000000000000   0
252.40000000000000000000   1
252.50000000000000000000   0
252.60000000000000000000   2
252.70000000000000000000   0
252.80000000000000000000   0
252.90000000000000000000   1
253.00000000000000000000   2
253.10000000000000000000   0
253.20000000000000000000   0
253.30000000000000000000   1
253.40000000000000000000   0
253.50000000000000000000   1
253.60000000000000000000   0
253.70000000000000000000   1
253.80000000000000000000   1
253.90000000000000000000   0
254.00000000000000000000   1
254.10000000000000000000   0
254.20000000000000000000   1
254.30000000000000000000   1
254.40000000000000000000   0
254.50000000000000000000   0
254.60000000000000000000   0
254.70000000000000000000   0
254.80000000000000000000   2
254.90000000000000000000   0
255.00000000000000000000   0
255.10000000000000000000   1
255.20000000000000000000   0
255.30000000000000000000   1
255.40000000000000000000   2
255.50000000000000000000   2
255.60000000000000000000   2
255.70000000000000000000   2
255.80000000000000000000   2
255.90000000000000000000   0
256.00000000000000000000   1
256.10000000000000000000   1
256.20000000000000000000   2
256.30000000000000000000   0
256.40000000000000000000   1
256.50000000000000000000   0
256.60000000000000000000   0
256.70000000000000000000   0
256.80000000000000000000   0
256.90000000000000000000   1
257.00000000000000000000   0
257.10000000000000000000   0
257.20000000000000000000   0
257.30000000000000000000   1
257.40000000000000000000   0
257.50000000000000000000   2
257.60000000000000000000   0
257.70000000000000000000   0
257.80000000000000000000   0
257.90000000000000000000   0
258.00000000000000000000   0
258.10000000000000000000   0
258.20000000000000000000   0
258.30000000000000000000   1
258.40000000000000000000   1
258.50000000000000000000   0
258.60000000000000000000   0
258.70000000000000000000   0
258.80000000000000000000   1
258.90000000000000000000   1
259.00000000000000000000   3
259.10000000000000000000   1
259.20000000000000000000   2
259.30000000000000000000   0
259.40000000000000000000   0
259.50000000000000000000   0
259.60000000000000000000   0
259.70000000000000000000   2
259.80000000000000000000   2
259.90000000000000000000   1
260.00000000000000000000   1
260.10000000000000000000   0
260.20000000000000000000   0
260.30000000000000000000   2
260.40000000000000000000   0
260.50000000000000000000   0
260.60000000000000000000   0
260.70000000000000000000   1
260.80000000000000000000   0
260.90000000000000000000   0
261.00000000000000000000   1
261.10000000000000000000   3
261.20000000000000000000   3
261.30000000000000000000   0
261.40000000000000000000   0
261.50000000000000000000   1
261.60000000000000000000   0
261.70000000000000000000   2
261.80000000000000000000   2
261.90000000000000000000   3
262.00000000000000000000   2
262.10000000000000000000   2
262.20000000000000000000   2
262.30000000000000000000   2
262.40000000000000000000   3
262.50000000000000000000   2
262.60000000000000000000   2
262.70000000000000000000   3
262.80000000000000000000   1
262.90000000000000000000   2
263.00000000000000000000   2
263.10000000000000000000   2
263.20000000000000000000   2
263.30000000000000000000   2
263.40000000000000000000   2
263.50000000000000000000   2
263.60000000000000000000   3
263.70000000000000000000   3
263.80000000000000000000   3
263.90000000000000000000   2
264.00000000000000000000   2
264.10000000000000000000   2
264.20000000000000000000   2
264.30000000000000000000   4
264.40000000000000000000   2
264.50000000000000000000   2
264.60000000000000000000   1
264.70000000000000000000   2
264.80000000000000000000   2
264.90000000000000000000   2
265.00000000000000000000   1
265.10000000000000000000   1
265.20000000000000000000   1
265.30000000000000000000   2
265.40000000000000000000   2
265.50000000000000000000   2
265.60000000000000000000   2
265.70000000000000000000   2
265.80000000000000000000   2
265.90000000000000000000   3
266.00000000000000000000   1
266.10000000000000000000   2
266.20000000000000000000   2
266.30000000000000000000   2
266.40000000000000000000   2
266.50000000000000000000   2
266.60000000000000000000   2
266.70000000000000000000   3
266.80000000000000000000   2
266.90000000000000000000   2
267.00000000000000000000   2
267.10000000000000000000   1
267.20000000000000000000   3
267.30000000000000000000   2
267.40000000000000000000   2
267.50000000000000000000   2
267.60000000000000000000   3
267.70000000000000000000   3
267.80000000000000000000   1
267.90000000000000000000   2
268.00000000000000000000   3
268.10000000000000000000   3
268.20000000000000000000   3
268.30000000000000000000   3
268.40000000000000000000   3
268.50000000000000000000   2
268.60000000000000000000   2
268.70000000000000000000   3
268.80000000000000000000   2
268.90000000000000000000   2
269.00000000000000000000   2
269.10000000000000000000   2
269.20000000000000000000   2
269.30000000000000000000   2
269.40000000000000000000   2
269.50000000000000000000   4
269.60000000000000000000   4
269.70000000000000000000   4
269.80000000000000000000   4
269.90000000000000000000   4
270.00000000000000000000   4
270.10000000000000000000   4
270.20000000000000000000   1
270.30000000000000000000   4
270.40000000000000000000   2
270.50000000000000000000   2
270.60000000000000000000   2
270.70000000000000000000   5
270.80000000000000000000   2
270.90000000000000000000   1
271.00000000000000000000   1
271.10000000000000000000   2
271.20000000000000000000   1
271.30000000000000000000   6
271.40000000000000000000   2
271.50000000000000000000   3
271.60000000000000000000   2
271.70000000000000000000   1
271.80000000000000000000   0
271.90000000000000000000   0
272.00000000000000000000   0
272.10000000000000000000   0
272.20000000000000000000   0
272.30000000000000000000   1
272.40000000000000000000   0
272.50000000000000000000   1
272.60000000000000000000   0
272.70000000000000000000   1
272.80000000000000000000   0
272.90000000000000000000   0
273.00000000000000000000   0
273.10000000000000000000   0
273.20000000000000000000   0
273.30000000000000000000   0
273.40000000000000000000   0
273.50000000000000000000   0
273.60000000000000000000   0
273.70000000000000000000   0
273.80000000000000000000   0
273.90000000000000000000   0
274.00000000000000000000   1
274.10000000000000000000   1
274.20000000000000000000   1
274.30000000000000000000   1
274.40000000000000000000   2
274.50000000000000000000   2
274.60000000000000000000   2
274.70000000000000000000   2
274.80000000000000000000   3
274.90000000000000000000   0
275.00000000000000000000   2
275.10000000000000000000   6
275.20000000000000000000   5
275.30000000000000000000   1
275.40000000000000000000   2
275.50000000000000000000   4
275.60000000000000000000   2
275.70000000000000000000   2
275.80000000000000000000   4
275.90000000000000000000   2
276.00000000000000000000   1
276.10000000000000000000   2
276.20000000000000000000   2
276.30000000000000000000   2
276.40000000000000000000   4
276.50000000000000000000   4
276.60000000000000000000   4
276.70000000000000000000   2
276.80000000000000000000   1
276.90000000000000000000   2
277.00000000000000000000   2
277.10000000000000000000   3
277.20000000000000000000   3
277.30000000000000000000   4
277.40000000000000000000   1
277.50000000000000000000   1
277.60000000000000000000   0
277.70000000000000000000   1
277.80000000000000000000   0
277.90000000000000000000   1
278.00000000000000000000   2
278.10000000000000000000   0
278.20000000000000000000   0
278.30000000000000000000   1
278.40000000000000000000   4
278.50000000000000000000   2
278.60000000000000000000   0
278.70000000000000000000   0
278.80000000000000000000   1
278.90000000000000000000   1
279.00000000000000000000   0
279.10000000000000000000   0
279.20000000000000000000   0
279.30000000000000000000   0
279.40000000000000000000   0
279.50000000000000000000   0
279.60000000000000000000   0
279.70000000000000000000   1
279.80000000000000000000   0
279.90000000000000000000   1
280.00000000000000000000   0
280.10000000000000000000   0
280.20000000000000000000   0
280.30000000000000000000   1
280.40000000000000000000   2
280.50000000000000000000   2
280.60000000000000000000   0
280.70000000000000000000   0
280.80000000000000000000   1
280.90000000000000000000   0
281.00000000000000000000   0
281.10000000000000000000   0
281.20000000000000000000   0
281.30000000000000000000   0
281.40000000000000000000   2
281.50000000000000000000   2
281.60000000000000000000   0
281.70000000000000000000   1
281.80000000000000000000   1
281.90000000000000000000   0
282.00000000000000000000   0
282.10000000000000000000   2
282.20000000000000000000   2
282.30000000000000000000   2
282.40000000000000000000   2
282.50000000000000000000   1
282.60000000000000000000   1
282.70000000000000000000   1
282.80000000000000000000   0
282.90000000000000000000   0
283.00000000000000000000   0
283.10000000000000000000   0
283.20000000000000000000   0
283.30000000000000000000   0
283.40000000000000000000   1
283.50000000000000000000   2
283.60000000000000000000   0
283.70000000000000000000   1
283.80000000000000000000   3
283.90000000000000000000   0
284.00000000000000000000   0
284.10000000000000000000   0
284.20000000000000000000   1
284.30000000000000000000   1
284.40000000000000000000   0
284.50000000000000000000   1
284.60000000000000000000   1
284.70000000000000000000   0
284.80000000000000000000   0
284.90000000000000000000   0
285.00000000000000000000   1
285.10000000000000000000   1
285.20000000000000000000   1
285.30000000000000000000   0
285.40000000000000000000   0
285.50000000000000000000   0
285.60000000000000000000   1
285.70000000000000000000   0
285.80000000000000000000   0
285.90000000000000000000   0
286.00000000000000000000   0
286.10000000000000000000   0
286.20000000000000000000   0
286.30000000000000000000   0
286.40000000000000000000   3
286.50000000000000000000   0
286.60000000000000000000   1
286.70000000000000000000   1
286.80000000000000000000   3
286.90000000000000000000   1
287.00000000000000000000   3
287.10000000000000000000   2
287.20000000000000000000   5
287.30000000000000000000   5
287.40000000000000000000   6
287.50000000000000000000   7
287.60000000000000000000   6
287.70000000000000000000   4
287.80000000000000000000   5
287.90000000000000000000   5
288.00000000000000000000   6
288.10000000000000000000   8
288.20000000000000000000   6
288.30000000000000000000   7
288.40000000000000000000   7
288.50000000000000000000   5
288.60000000000000000000   6
288.70000000000000000000   6
288.80000000000000000000   6
288.90000000000000000000   5
289.00000000000000000000   6
289.10000000000000000000   6
289.20000000000000000000   7
289.30000000000000000000   6
289.40000000000000000000   7
289.50000000000000000000   6
289.60000000000000000000   6
289.70000000000000000000   7
289.80000000000000000000   6
289.90000000000000000000   6
290.00000000000000000000   6
290.10000000000000000000   5
290.20000000000000000000   7
290.30000000000000000000   8
290.40000000000000000000   6
290.50000000000000000000   7
290.60000000000000000000   6
290.70000000000000000000   7
290.80000000000000000000   7
290.90000000000000000000   5
291.00000000000000000000   7
291.10000000000000000000   5
291.20000000000000000000   5
291.30000000000000000000   5
291.40000000000000000000   5
291.50000000000000000000   5
291.60000000000000000000   6
291.70000000000000000000   5
291.80000000000000000000   5
291.90000000000000000000   5
292.00000000000000000000   6
292.10000000000000000000   5
292.20000000000000000000   5
292.30000000000000000000   5
292.40000000000000000000   5
292.50000000000000000000   5
292.60000000000000000000   5
292.70000000000000000000   5
292.80000000000000000000   7
292.90000000000000000000   6
293.00000000000000000000   6
293.10000000000000000000   8
293.20000000000000000000   7
293.30000000000000000000   9
293.40000000000000000000   8
293.50000000000000000000   8
293.60000000000000000000   6
293.70000000000000000000   6
293.80000000000000000000   10
293.90000000000000000000   9
294.00000000000000000000   7
294.10000000000000000000   9
294.20000000000000000000   9
294.30000000000000000000   7
294.40000000000000000000   7
294.50000000000000000000   6
294.60000000000000000000   9
294.70000000000000000000   7
294.80000000000000000000   6
294.90000000000000000000   6
295.00000000000000000000   6
295.10000000000000000000   6
295.20000000000000000000   8
295.30000000000000000000   6
295.40000000000000000000   6
295.50000000000000000000   6
295.60000000000000000000   6
295.70000000000000000000   6
295.80000000000000000000   5
295.90000000000000000000   5
296.00000000000000000000   5
296.10000000000000000000   5
296.20000000000000000000   5
296.30000000000000000000   5
296.40000000000000000000   6
296.50000000000000000000   6
296.60000000000000000000   6
296.70000000000000000000   7
296.80000000000000000000   8
296.90000000000000000000   9
297.00000000000000000000   9
297.10000000000000000000   8
297.20000000000000000000   6
297.30000000000000000000   9
297.40000000000000000000   6
297.50000000000000000000   6
297.60000000000000000000   8
297.70000000000000000000   9
297.80000000000000000000   9
297.90000000000000000000   10
298.00000000000000000000   9
298.10000000000000000000   9
298.20000000000000000000   9
298.30000000000000000000   8
298.40000000000000000000   8
298.50000000000000000000   8
298.60000000000000000000   9
298.70000000000000000000   7
298.80000000000000000000   9
298.90000000000000000000   8
299.00000000000000000000   8
299.10000000000000000000   6
299.20000000000000000000   8
299.30000000000000000000   9
299.40000000000000000000   7
299.50000000000000000000   6
299.60000000000000000000   8
299.70000000000000000000   8
299.80000000000000000000   8
299.90000000000000000000   7
300.00000000000000000000   6
300.10000000000000000000   6
300.20000000000000000000   7
300.30000000000000000000   6
300.40000000000000000000   6
300.50000000000000000000   7
300.60000000000000000000   6
300.70000000000000000000   6
300.80000000000000000000   6
300.90000000000000000000   6
301.00000000000000000000   6
301.10000000000000000000   6
301.20000000000000000000   6
301.30000000000000000000   6
301.40000000000000000000   9
301.50000000000000000000   7
301.60000000000000000000   9
301.70000000000000000000   6
301.80000000000000000000   6
301.90000000000000000000   8
302.00000000000000000000   8
302.10000000000000000000   9
302.20000000000000000000   7
302.30000000000000000000   8
302.40000000000000000000   7
302.50000000000000000000   9
302.60000000000000000000   6
302.70000000000000000000   8
302.80000000000000000000   8
302.90000000000000000000   7
303.00000000000000000000   6
303.10000000000000000000   6
303.20000000000000000000   8
303.30000000000000000000   6
303.40000000000000000000   9
303.50000000000000000000   7
303.60000000000000000000   8
303.70000000000000000000   8
303.80000000000000000000   7
303.90000000000000000000   8
304.00000000000000000000   7
304.10000000000000000000   7
304.20000000000000000000   8
304.30000000000000000000   7
304.40000000000000000000   7
304.50000000000000000000   7
304.60000000000000000000   7
304.70000000000000000000   8
304.80000000000000000000   7
304.90000000000000000000   7
305.00000000000000000000   6
305.10000000000000000000   8
305.20000000000000000000   8
305.30000000000000000000   7
305.40000000000000000000   7
305.50000000000000000000   7
305.60000000000000000000   10
305.70000000000000000000   7
305.80000000000000000000   7
305.90000000000000000000   7
306.00000000000000000000   8
306.10000000000000000000   7
306.20000000000000000000   8
306.30000000000000000000   7
306.40000000000000000000   9
306.50000000000000000000   8
306.60000000000000000000   8
306.70000000000000000000   9
306.80000000000000000000   7
306.90000000000000000000   9
307.00000000000000000000   6
307.10000000000000000000   7
307.20000000000000000000   7
307.30000000000000000000   5
307.40000000000000000000   7
307.50000000000000000000   7
307.60000000000000000000   9
307.70000000000000000000   8
307.80000000000000000000   9
307.90000000000000000000   8
308.00000000000000000000   8
308.10000000000000000000   7
308.20000000000000000000   9
308.30000000000000000000   9
308.40000000000000000000   8
308.50000000000000000000   8
308.60000000000000000000   9
308.70000000000000000000   8
308.80000000000000000000   9
308.90000000000000000000   7
309.00000000000000000000   8
309.10000000000000000000   8
309.20000000000000000000   8
309.30000000000000000000   8
309.40000000000000000000   8
309.50000000000000000000   8
309.60000000000000000000   8
309.70000000000000000000   8
309.80000000000000000000   8
309.90000000000000000000   7
310.00000000000000000000   7
310.10000000000000000000   8
310.20000000000000000000   8
310.30000000000000000000   8
310.40000000000000000000   8
310.50000000000000000000   8
310.60000000000000000000   8
310.70000000000000000000   8
310.80000000000000000000   8
310.90000000000000000000   8
311.00000000000000000000   8
311.10000000000000000000   8
311.20000000000000000000   8
311.30000000000000000000   8
311.40000000000000000000   8
311.50000000000000000000   8
311.60000000000000000000   8
311.70000000000000000000   4
311.80000000000000000000   4
311.90000000000000000000   3
312.00000000000000000000   5
312.10000000000000000000   3
312.20000000000000000000   3
312.30000000000000000000   3
312.40000000000000000000   3
312.50000000000000000000   5
312.60000000000000000000   8
312.70000000000000000000   9
312.80000000000000000000   8
312.90000000000000000000   8
313.00000000000000000000   8
313.10000000000000000000   8
313.20000000000000000000   9
313.30000000000000000000   5
313.40000000000000000000   3
313.50000000000000000000   4
313.60000000000000000000   7
313.70000000000000000000   8
313.80000000000000000000   8
313.90000000000000000000   7
314.00000000000000000000   8
314.10000000000000000000   8
314.20000000000000000000   8
314.30000000000000000000   8
314.40000000000000000000   8
314.50000000000000000000   7
314.60000000000000000000   8
314.70000000000000000000   8
314.80000000000000000000   7
314.90000000000000000000   8
315.00000000000000000000   8
315.10000000000000000000   9
315.20000000000000000000   8
315.30000000000000000000   9
315.40000000000000000000   7
315.50000000000000000000   7
315.60000000000000000000   9
315.70000000000000000000   7
315.80000000000000000000   7
315.90000000000000000000   7
316.00000000000000000000   9
316.10000000000000000000   7
316.20000000000000000000   9
316.30000000000000000000   8
316.40000000000000000000   7
316.50000000000000000000   6
316.60000000000000000000   6
316.70000000000000000000   6
316.80000000000000000000   6
316.90000000000000000000   6
317.00000000000000000000   6
317.10000000000000000000   6
317.20000000000000000000   6
317.30000000000000000000   6
317.40000000000000000000   6
317.50000000000000000000   7
317.60000000000000000000   6
317.70000000000000000000   6
317.80000000000000000000   6
317.90000000000000000000   5
318.00000000000000000000   7
318.10000000000000000000   5
318.20000000000000000000   5
318.30000000000000000000   5
318.40000000000000000000   8
318.50000000000000000000   5
318.60000000000000000000   4
318.70000000000000000000   3
318.80000000000000000000   6
318.90000000000000000000   5
319.00000000000000000000   5
319.10000000000000000000   4
319.20000000000000000000   7
319.30000000000000000000   5
319.40000000000000000000   2
319.50000000000000000000   4
319.60000000000000000000   5
319.70000000000000000000   4
319.80000000000000000000   6
319.90000000000000000000   6
320.00000000000000000000   7
320.10000000000000000000   6
320.20000000000000000000   7
320.30000000000000000000   6
320.40000000000000000000   7
320.50000000000000000000   7
320.60000000000000000000   7
320.70000000000000000000   7
320.80000000000000000000   7
320.90000000000000000000   5
321.00000000000000000000   7
321.10000000000000000000   7
321.20000000000000000000   7
321.30000000000000000000   7
321.40000000000000000000   7
321.50000000000000000000   7
321.60000000000000000000   6
321.70000000000000000000   6
321.80000000000000000000   8
321.90000000000000000000   7
322.00000000000000000000   8
322.10000000000000000000   7
322.20000000000000000000   8
322.30000000000000000000   7
322.40000000000000000000   7
322.50000000000000000000   9
322.60000000000000000000   7
322.70000000000000000000   7
322.80000000000000000000   8
322.90000000000000000000   9
323.00000000000000000000   7
323.10000000000000000000   6
323.20000000000000000000   5
323.30000000000000000000   4
323.40000000000000000000   4
323.50000000000000000000   5
323.60000000000000000000   5
323.70000000000000000000   4
323.80000000000000000000   5
323.90000000000000000000   6
324.00000000000000000000   4
324.10000000000000000000   2
324.20000000000000000000   5
324.30000000000000000000   6
324.40000000000000000000   6
324.50000000000000000000   4
324.60000000000000000000   6
324.70000000000000000000   6
324.80000000000000000000   6
324.90000000000000000000   7
325.00000000000000000000   6
325.10000000000000000000   5
325.20000000000000000000   5
325.30000000000000000000   6
325.40000000000000000000   5
325.50000000000000000000   6
325.60000000000000000000   5
325.70000000000000000000   6
325.80000000000000000000   5
325.90000000000000000000   5
326.00000000000000000000   6
326.10000000000000000000   7
326.20000000000000000000   7
326.30000000000000000000   7
326.40000000000000000000   5
326.50000000000000000000   5
326.60000000000000000000   6
326.70000000000000000000   6
326.80000000000000000000   7
326.90000000000000000000   4
327.00000000000000000000   5
327.10000000000000000000   5
327.20000000000000000000   5
327.30000000000000000000   5
327.40000000000000000000   6
327.50000000000000000000   6
327.60000000000000000000   5
327.70000000000000000000   7
327.80000000000000000000   7
327.90000000000000000000   6
328.00000000000000000000   7
328.10000000000000000000   6
328.20000000000000000000   7
328.30000000000000000000   4
328.40000000000000000000   2
328.50000000000000000000   6
328.60000000000000000000   6
328.70000000000000000000   5
328.80000000000000000000   5
328.90000000000000000000   6
329.00000000000000000000   6
329.10000000000000000000   7
329.20000000000000000000   6
329.30000000000000000000   6
329.40000000000000000000   6
329.50000000000000000000   5
329.60000000000000000000   6
329.70000000000000000000   7
329.80000000000000000000   7
329.90000000000000000000   7
330.00000000000000000000   7
330.10000000000000000000   7
330.20000000000000000000   5
330.30000000000000000000   7
330.40000000000000000000   5
330.50000000000000000000   6
330.60000000000000000000   6
330.70000000000000000000   5
330.80000000000000000000   5
330.90000000000000000000   4
331.00000000000000000000   5
331.10000000000000000000   3
331.20000000000000000000   5
331.30000000000000000000   6
331.40000000000000000000   5
331.50000000000000000000   5
331.60000000000000000000   4
331.70000000000000000000   7
331.80000000000000000000   3
331.90000000000000000000   6
332.00000000000000000000   3
332.10000000000000000000   5
332.20000000000000000000   7
332.30000000000000000000   7
332.40000000000000000000   6
332.50000000000000000000   4
332.60000000000000000000   5
332.70000000000000000000   4
332.80000000000000000000   5
332.90000000000000000000   5
333.00000000000000000000   4
333.10000000000000000000   6
333.20000000000000000000   5
333.30000000000000000000   6
333.40000000000000000000   7
333.50000000000000000000   5
333.60000000000000000000   5
333.70000000000000000000   5
333.80000000000000000000   7
333.90000000000000000000   6
334.00000000000000000000   6
334.10000000000000000000   6
334.20000000000000000000   7
334.30000000000000000000   8
334.40000000000000000000   7
334.50000000000000000000   8
334.60000000000000000000   6
334.70000000000000000000   5
334.80000000000000000000   8
334.90000000000000000000   4
335.00000000000000000000   6
335.10000000000000000000   6
335.20000000000000000000   7
335.30000000000000000000   4
335.40000000000000000000   4
335.50000000000000000000   6
335.60000000000000000000   4
335.70000000000000000000   4
335.80000000000000000000   4
335.90000000000000000000   6
336.00000000000000000000   7
336.10000000000000000000   8
336.20000000000000000000   6
336.30000000000000000000   7
336.40000000000000000000   5
336.50000000000000000000   7
336.60000000000000000000   7
336.70000000000000000000   8
336.80000000000000000000   8
336.90000000000000000000   8
337.00000000000000000000   8
337.10000000000000000000   7
337.20000000000000000000   8
337.30000000000000000000   8
337.40000000000000000000   8
337.50000000000000000000   7
337.60000000000000000000   7
337.70000000000000000000   8
337.80000000000000000000   7
337.90000000000000000000   7
338.00000000000000000000   8
338.10000000000000000000   7
338.20000000000000000000   7
338.30000000000000000000   8
338.40000000000000000000   8
338.50000000000000000000   6
338.60000000000000000000   7
338.70000000000000000000   6
338.80000000000000000000   8
338.90000000000000000000   8
339.00000000000000000000   6
339.10000000000000000000   8
339.20000000000000000000   6
339.30000000000000000000   5
339.40000000000000000000   6
339.50000000000000000000   6
339.60000000000000000000   6
339.70000000000000000000   8
339.80000000000000000000   6
339.90000000000000000000   9
340.00000000000000000000   6
340.10000000000000000000   6
340.20000000000000000000   6
340.30000000000000000000   5
340.40000000000000000000   5
340.50000000000000000000   7
340.60000000000000000000   4
340.70000000000000000000   4
340.80000000000000000000   6
340.90000000000000000000   5
341.00000000000000000000   5
341.10000000000000000000   6
341.20000000000000000000   4
341.30000000000000000000   2
341.40000000000000000000   4
341.50000000000000000000   4
341.60000000000000000000   7
341.70000000000000000000   6
341.80000000000000000000   8
341.90000000000000000000   6
342.00000000000000000000   6
342.10000000000000000000   5
342.20000000000000000000   5
342.30000000000000000000   6
342.40000000000000000000   6
342.50000000000000000000   5
342.60000000000000000000   6
342.70000000000000000000   6
342.80000000000000000000   6
342.90000000000000000000   6
343.00000000000000000000   6
343.10000000000000000000   6
343.20000000000000000000   5
343.30000000000000000000   6
343.40000000000000000000   6
343.50000000000000000000   5
343.60000000000000000000   7
343.70000000000000000000   7
343.80000000000000000000   7
343.90000000000000000000   8
344.00000000000000000000   7
344.10000000000000000000   7
344.20000000000000000000   7
344.30000000000000000000   7
344.40000000000000000000   9
344.50000000000000000000   7
344.60000000000000000000   7
344.70000000000000000000   9
344.80000000000000000000   9
344.90000000000000000000   6
345.00000000000000000000   6
345.10000000000000000000   5
345.20000000000000000000   6
345.30000000000000000000   7
345.40000000000000000000   5
345.50000000000000000000   6
345.60000000000000000000   4
345.70000000000000000000   5
345.80000000000000000000   6
345.90000000000000000000   10
346.00000000000000000000   9
346.10000000000000000000   10
346.20000000000000000000   7
346.30000000000000000000   8
346.40000000000000000000   11
346.50000000000000000000   9
346.60000000000000000000   6
346.70000000000000000000   8
346.80000000000000000000   9
346.90000000000000000000   3
347.00000000000000000000   1
347.10000000000000000000   2
347.20000000000000000000   1
347.30000000000000000000   1
347.40000000000000000000   3
347.50000000000000000000   4
347.60000000000000000000   4
347.70000000000000000000   3
347.80000000000000000000   3
347.90000000000000000000   2
348.00000000000000000000   2
348.10000000000000000000   3
348.20000000000000000000   2
348.30000000000000000000   2
348.40000000000000000000   3
348.50000000000000000000   3
348.60000000000000000000   3
348.70000000000000000000   2
348.80000000000000000000   3
348.90000000000000000000   3
349.00000000000000000000   3
349.10000000000000000000   3
349.20000000000000000000   2
349.30000000000000000000   2
349.40000000000000000000   4
349.50000000000000000000   2
349.60000000000000000000   4
349.70000000000000000000   3
349.80000000000000000000   5
349.90000000000000000000   4
350.00000000000000000000   3
350.10000000000000000000   3
350.20000000000000000000   4
350.30000000000000000000   4
350.40000000000000000000   4
350.50000000000000000000   3
350.60000000000000000000   4
350.70000000000000000000   4
350.80000000000000000000   5
350.90000000000000000000   3
351.00000000000000000000   4
351.10000000000000000000   2
351.20000000000000000000   4
351.30000000000000000000   4
351.40000000000000000000   4
351.50000000000000000000   5
351.60000000000000000000   6
351.70000000000000000000   5
351.80000000000000000000   5
351.90000000000000000000   5
352.00000000000000000000   3
352.10000000000000000000   5
352.20000000000000000000   9
352.30000000000000000000   10
352.40000000000000000000   9
352.50000000000000000000   10
352.60000000000000000000   9
352.70000000000000000000   9
352.80000000000000000000   8
352.90000000000000000000   9
353.00000000000000000000   6
353.10000000000000000000   7
353.20000000000000000000   7
353.30000000000000000000   6
353.40000000000000000000   8
353.50000000000000000000   8
353.60000000000000000000   7
353.70000000000000000000   7
353.80000000000000000000   7
353.90000000000000000000   8
354.00000000000000000000   7
354.10000000000000000000   7
354.20000000000000000000   7
354.30000000000000000000   9
354.40000000000000000000   7
354.50000000000000000000   7
354.60000000000000000000   8
354.70000000000000000000   8
354.80000000000000000000   6
354.90000000000000000000   8
355.00000000000000000000   8
355.10000000000000000000   7
355.20000000000000000000   7
355.30000000000000000000   8
355.40000000000000000000   10
355.50000000000000000000   7
355.60000000000000000000   7
355.70000000000000000000   7
355.80000000000000000000   8
355.90000000000000000000   7
356.00000000000000000000   9
356.10000000000000000000   10
356.20000000000000000000   9
356.30000000000000000000   9
356.40000000000000000000   9
356.50000000000000000000   10
356.60000000000000000000   9
356.70000000000000000000   9
356.80000000000000000000   9
356.90000000000000000000   10
357.00000000000000000000   9
357.10000000000000000000   8
357.20000000000000000000   9
357.30000000000000000000   11
357.40000000000000000000   11
357.50000000000000000000   9
357.60000000000000000000   10
357.70000000000000000000   10
357.80000000000000000000   10
357.90000000000000000000   9
358.00000000000000000000   9
358.10000000000000000000   9
358.20000000000000000000   9
358.30000000000000000000   11
358.40000000000000000000   9
358.50000000000000000000   9
358.60000000000000000000   9
358.70000000000000000000   8
358.80000000000000000000   8
358.90000000000000000000   12
359.00000000000000000000   9
359.10000000000000000000   9
359.20000000000000000000   8
359.30000000000000000000   8
359.40000000000000000000   9
359.50000000000000000000   10
359.60000000000000000000   9
359.70000000000000000000   9
359.80000000000000000000   9
359.90000000000000000000   9
360.00000000000000000000   9
360.10000000000000000000   9
360.20000000000000000000   9
360.30000000000000000000   9
360.40000000000000000000   9
360.50000000000000000000   10
360.60000000000000000000   8
360.70000000000000000000   8
360.80000000000000000000   8
360.90000000000000000000   9
361.00000000000000000000   9
361.10000000000000000000   8
361.20000000000000000000   8
361.30000000000000000000   8
361.40000000000000000000   8
361.50000000000000000000   8
361.60000000000000000000   7
361.70000000000000000000   8
361.80000000000000000000   8
361.90000000000000000000   9
362.00000000000000000000   8
362.10000000000000000000   8
362.20000000000000000000   9
362.30000000000000000000   8
362.40000000000000000000   7
362.50000000000000000000   8
362.60000000000000000000   8
362.70000000000000000000   9
362.80000000000000000000   9
362.90000000000000000000   8
363.00000000000000000000   8
363.10000000000000000000   9
363.20000000000000000000   9
363.30000000000000000000   9
363.40000000000000000000   8
363.50000000000000000000   9
363.60000000000000000000   8
363.70000000000000000000   8
363.80000000000000000000   9
363.90000000000000000000   8
364.00000000000000000000   8
364.10000000000000000000   9
364.20000000000000000000   9
364.30000000000000000000   9
364.40000000000000000000   9
364.50000000000000000000   9
364.60000000000000000000   9
364.70000000000000000000   10
364.80000000000000000000   9
364.90000000000000000000   8
365.00000000000000000000   9
365.10000000000000000000   10
365.20000000000000000000   9
365.30000000000000000000   9
365.40000000000000000000   7
365.50000000000000000000   8
365.60000000000000000000   6
365.70000000000000000000   7
365.80000000000000000000   7
365.90000000000000000000   7
366.00000000000000000000   9
366.10000000000000000000   8
366.20000000000000000000   8
366.30000000000000000000   8
366.40000000000000000000   6
366.50000000000000000000   7
366.60000000000000000000   7
366.70000000000000000000   8
366.80000000000000000000   10
366.90000000000000000000   9
367.00000000000000000000   11
367.10000000000000000000   8
367.20000000000000000000   9
367.30000000000000000000   8
367.40000000000000000000   9
367.50000000000000000000   10
367.60000000000000000000   9
367.70000000000000000000   9
367.80000000000000000000   10
367.90000000000000000000   10
368.00000000000000000000   10
368.10000000000000000000   9
368.20000000000000000000   11
368.30000000000000000000   9
368.40000000000000000000   8
368.50000000000000000000   9
368.60000000000000000000   10
368.70000000000000000000   11
368.80000000000000000000   8
368.90000000000000000000   10
369.00000000000000000000   7
369.10000000000000000000   8
369.20000000000000000000   10
369.30000000000000000000   10
369.40000000000000000000   10
369.50000000000000000000   7
369.60000000000000000000   9
369.70000000000000000000   9
369.80000000000000000000   9
369.90000000000000000000   10
370.00000000000000000000   9
370.10000000000000000000   10
370.20000000000000000000   10
370.30000000000000000000   11
370.40000000000000000000   8
370.50000000000000000000   9
370.60000000000000000000   9
370.70000000000000000000   11
370.80000000000000000000   9
370.90000000000000000000   11
371.00000000000000000000   11
371.10000000000000000000   9
371.20000000000000000000   7
371.30000000000000000000   8
371.40000000000000000000   9
371.50000000000000000000   9
371.60000000000000000000   9
371.70000000000000000000   10
371.80000000000000000000   12
371.90000000000000000000   10
372.00000000000000000000   8
372.10000000000000000000   9
372.20000000000000000000   9
372.30000000000000000000   9
372.40000000000000000000   9
372.50000000000000000000   10
372.60000000000000000000   8
372.70000000000000000000   8
372.80000000000000000000   10
372.90000000000000000000   10
373.00000000000000000000   10
373.10000000000000000000   9
373.20000000000000000000   11
373.30000000000000000000   10
373.40000000000000000000   11
373.50000000000000000000   11
373.60000000000000000000   11
373.70000000000000000000   10
373.80000000000000000000   10
373.90000000000000000000   8
374.00000000000000000000   8
374.10000000000000000000   9
374.20000000000000000000   11
374.30000000000000000000   10
374.40000000000000000000   11
374.50000000000000000000   11
374.60000000000000000000   10
374.70000000000000000000   12
374.80000000000000000000   10
374.90000000000000000000   13
375.00000000000000000000   11
375.10000000000000000000   10
375.20000000000000000000   12
375.30000000000000000000   12
375.40000000000000000000   10
375.50000000000000000000   10
375.60000000000000000000   9
375.70000000000000000000   9
375.80000000000000000000   10
375.90000000000000000000   14
376.00000000000000000000   9
376.10000000000000000000   13
376.20000000000000000000   11
376.30000000000000000000   12
376.40000000000000000000   14
376.50000000000000000000   13
376.60000000000000000000   13
376.70000000000000000000   14
376.80000000000000000000   12
376.90000000000000000000   12
377.00000000000000000000   13
377.10000000000000000000   11
377.20000000000000000000   12
377.30000000000000000000   9
377.40000000000000000000   10
377.50000000000000000000   11
377.60000000000000000000   12
377.70000000000000000000   10
377.80000000000000000000   12
377.90000000000000000000   12
378.00000000000000000000   12
378.10000000000000000000   12
378.20000000000000000000   13
378.30000000000000000000   12
378.40000000000000000000   12
378.50000000000000000000   12
378.60000000000000000000   13
378.70000000000000000000   12
378.80000000000000000000   10
378.90000000000000000000   11
379.00000000000000000000   11
379.10000000000000000000   11
379.20000000000000000000   11
379.30000000000000000000   12
379.40000000000000000000   12
379.50000000000000000000   11
379.60000000000000000000   11
379.70000000000000000000   12
379.80000000000000000000   13
379.90000000000000000000   12
380.00000000000000000000   11
380.10000000000000000000   12
380.20000000000000000000   9
380.30000000000000000000   9
380.40000000000000000000   10
380.50000000000000000000   12
380.60000000000000000000   12
380.70000000000000000000   12
380.80000000000000000000   12
380.90000000000000000000   11
381.00000000000000000000   13
381.10000000000000000000   12
381.20000000000000000000   12
381.30000000000000000000   12
381.40000000000000000000   11
381.50000000000000000000   13
381.60000000000000000000   12
381.70000000000000000000   14
381.80000000000000000000   12
381.90000000000000000000   10
382.00000000000000000000   12
382.10000000000000000000   12
382.20000000000000000000   10
382.30000000000000000000   12
382.40000000000000000000   12
382.50000000000000000000   11
382.60000000000000000000   11
382.70000000000000000000   12
382.80000000000000000000   11
382.90000000000000000000   11
383.00000000000000000000   11
383.10000000000000000000   11
383.20000000000000000000   10
383.30000000000000000000   9
383.40000000000000000000   11
383.50000000000000000000   12
383.60000000000000000000   12
383.70000000000000000000   14
383.80000000000000000000   11
383.90000000000000000000   12
384.00000000000000000000   10
384.10000000000000000000   12
384.20000000000000000000   12
384.30000000000000000000   13
384.40000000000000000000   11
384.50000000000000000000   12
384.60000000000000000000   11
384.70000000000000000000   9
384.80000000000000000000   10
384.90000000000000000000   11
385.00000000000000000000   12
385.10000000000000000000   14
385.20000000000000000000   9
385.30000000000000000000   11
385.40000000000000000000   9
385.50000000000000000000   11
385.60000000000000000000   11
385.70000000000000000000   11
385.80000000000000000000   10
385.90000000000000000000   12
386.00000000000000000000   12
386.10000000000000000000   12
386.20000000000000000000   11
386.30000000000000000000   12
386.40000000000000000000   11
386.50000000000000000000   12
386.60000000000000000000   9
386.70000000000000000000   11
386.80000000000000000000   11
386.90000000000000000000   13
387.00000000000000000000   11
387.10000000000000000000   11
387.20000000000000000000   14
387.30000000000000000000   11
387.40000000000000000000   9
387.50000000000000000000   13
387.60000000000000000000   11
387.70000000000000000000   9
387.80000000000000000000   12
387.90000000000000000000   11
388.00000000000000000000   11
388.10000000000000000000   11
388.20000000000000000000   12
388.30000000000000000000   12
388.40000000000000000000   12
388.50000000000000000000   12
388.60000000000000000000   12
388.70000000000000000000   12
388.80000000000000000000   11
388.90000000000000000000   13
389.00000000000000000000   12
389.10000000000000000000   11
389.20000000000000000000   12
389.30000000000000000000   11
389.40000000000000000000   13
389.50000000000000000000   12
389.60000000000000000000   11
389.70000000000000000000   12
389.80000000000000000000   13
389.90000000000000000000   13
390.00000000000000000000   11
390.10000000000000000000   13
390.20000000000000000000   10
390.30000000000000000000   12
390.40000000000000000000   13
390.50000000000000000000   11
390.60000000000000000000   14
390.70000000000000000000   13
390.80000000000000000000   13
390.90000000000000000000   14
391.00000000000000000000   12
391.10000000000000000000   12
391.20000000000000000000   12
391.30000000000000000000   14
391.40000000000000000000   13
391.50000000000000000000   9
391.60000000000000000000   9
391.70000000000000000000   7
391.80000000000000000000   10
391.90000000000000000000   10
392.00000000000000000000   9
392.10000000000000000000   9
392.20000000000000000000   10
392.30000000000000000000   7
392.40000000000000000000   10
392.50000000000000000000   7
392.60000000000000000000   6
392.70000000000000000000   8
392.80000000000000000000   6
392.90000000000000000000   7
393.00000000000000000000   6
393.10000000000000000000   7
393.20000000000000000000   9
393.30000000000000000000   9
393.40000000000000000000   9
393.50000000000000000000   6
393.60000000000000000000   9
393.70000000000000000000   6
393.80000000000000000000   6
393.90000000000000000000   8
394.00000000000000000000   9
394.10000000000000000000   8
394.20000000000000000000   9
394.30000000000000000000   7
394.40000000000000000000   8
394.50000000000000000000   9
394.60000000000000000000   7
394.70000000000000000000   8
394.80000000000000000000   7
394.90000000000000000000   7
395.00000000000000000000   7
395.10000000000000000000   8
395.20000000000000000000   8
395.30000000000000000000   8
395.40000000000000000000   9
395.50000000000000000000   9
395.60000000000000000000   7
395.70000000000000000000   8
395.80000000000000000000   7
395.90000000000000000000   8
396.00000000000000000000   6
396.10000000000000000000   8
396.20000000000000000000   9
396.30000000000000000000   8
396.40000000000000000000   9
396.50000000000000000000   8
396.60000000000000000000   8
396.70000000000000000000   8
396.80000000000000000000   6
396.90000000000000000000   8
397.00000000000000000000   8
397.10000000000000000000   8
397.20000000000000000000   9
397.30000000000000000000   8
397.40000000000000000000   8
397.50000000000000000000   7
397.60000000000000000000   9
397.70000000000000000000   9
397.80000000000000000000   9
397.90000000000000000000   8
398.00000000000000000000   9
398.10000000000000000000   10
398.20000000000000000000   9
398.30000000000000000000   10
398.40000000000000000000   10
398.50000000000000000000   9
398.60000000000000000000   9
398.70000000000000000000   11
398.80000000000000000000   10
398.90000000000000000000   10
399.00000000000000000000   10
399.10000000000000000000   10
399.20000000000000000000   10
399.30000000000000000000   10
399.40000000000000000000   10
399.50000000000000000000   10
399.60000000000000000000   10
399.70000000000000000000   10
