200.00000000000000000000   9
200.10000000000000000000   9
200.20000000000000000000   8
200.30000000000000000000   10
200.40000000000000000000   11
200.50000000000000000000   13
200.60000000000000000000   13
200.70000000000000000000   13
200.80000000000000000000   8
200.90000000000000000000   11
201.00000000000000000000   10
201.10000000000000000000   9
201.20000000000000000000   11
201.30000000000000000000   10
201.40000000000000000000   9
201.50000000000000000000   9
201.60000000000000000000   10
201.70000000000000000000   10
201.80000000000000000000   10
201.90000000000000000000   11
202.00000000000000000000   9
202.10000000000000000000   12
202.20000000000000000000   12
202.30000000000000000000   12
202.40000000000000000000   12
202.50000000000000000000   12
202.60000000000000000000   11
202.70000000000000000000   10
202.80000000000000000000   11
202.90000000000000000000   10
203.00000000000000000000   10
203.10000000000000000000   11
203.20000000000000000000   14
203.30000000000000000000   11
203.40000000000000000000   11
203.50000000000000000000   11
203.60000000000000000000   11
203.70000000000000000000   12
203.80000000000000000000   11
203.90000000000000000000   13
204.00000000000000000000   11
204.10000000000000000000   11
204.20000000000000000000   12
204.30000000000000000000   9
204.40000000000000000000   11
204.50000000000000000000   12
204.60000000000000000000   11
204.70000000000000000000   12
204.80000000000000000000   12
204.90000000000000000000   11
205.00000000000000000000   11
205.10000000000000000000   10
205.20000000000000000000   13
205.30000000000000000000   12
205.40000000000000000000   13
205.50000000000000000000   10
205.60000000000000000000   12
205.70000000000000000000   13
205.80000000000000000000   11
205.90000000000000000000   11
206.00000000000000000000   12
206.10000000000000000000   11
206.20000000000000000000   11
206.30000000000000000000   12
206.40000000000000000000   12
206.50000000000000000000   10
206.60000000000000000000   9
206.70000000000000000000   11
206.80000000000000000000   11
206.90000000000000000000   11
207.00000000000000000000   11
207.10000000000000000000   10
207.20000000000000000000   11
207.30000000000000000000   10
207.40000000000000000000   11
207.50000000000000000000   11
207.60000000000000000000   9
207.70000000000000000000   11
207.80000000000000000000   11
207.90000000000000000000   12
208.00000000000000000000   11
208.10000000000000000000   11
208.20000000000000000000   9
208.30000000000000000000   11
208.40000000000000000000   11
208.50000000000000000000   11
208.60000000000000000000   12
208.70000000000000000000   11
208.80000000000000000000   12
208.90000000000000000000   10
209.00000000000000000000   11
209.10000000000000000000   10
209.20000000000000000000   9
209.30000000000000000000   8
209.40000000000000000000   8
209.50000000000000000000   11
209.60000000000000000000   11
209.70000000000000000000   10
209.80000000000000000000   10
209.90000000000000000000   9
210.00000000000000000000   10
210.10000000000000000000   8
210.20000000000000000000   12
210.30000000000000000000   10
210.40000000000000000000   12
210.50000000000000000000   12
210.60000000000000000000   13
210.70000000000000000000   9
210.80000000000000000000   10
210.90000000000000000000   12
211.00000000000000000000   11
211.10000000000000000000   11
211.20000000000000000000   10
211.30000000000000000000   10
211.40000000000000000000   7
211.50000000000000000000   9
211.60000000000000000000   11
211.70000000000000000000   11
211.80000000000000000000   11
211.90000000000000000000   8
212.00000000000000000000   8
212.10000000000000000000   9
212.20000000000000000000   8
212.30000000000000000000   7
212.40000000000000000000   8
212.50000000000000000000   8
212.60000000000000000000   8
212.70000000000000000000   10
212.80000000000000000000   11
212.90000000000000000000   9
213.00000000000000000000   9
213.10000000000000000000   9
213.20000000000000000000   11
213.30000000000000000000   9
213.40000000000000000000   9
213.50000000000000000000   9
213.60000000000000000000   9
213.70000000000000000000   9
213.80000000000000000000   8
213.90000000000000000000   10
214.00000000000000000000   9
214.10000000000000000000   9
214.20000000000000000000   10
214.30000000000000000000   12
214.40000000000000000000   10
214.50000000000000000000   8
214.60000000000000000000   9
214.70000000000000000000   9
214.80000000000000000000   10
214.90000000000000000000   10
215.00000000000000000000   11
215.10000000000000000000   10
215.20000000000000000000   11
215.30000000000000000000   12
215.40000000000000000000   11
215.50000000000000000000   10
215.60000000000000000000   11
215.70000000000000000000   10
215.80000000000000000000   10
215.90000000000000000000   11
216.00000000000000000000   11
216.10000000000000000000   12
216.20000000000000000000   11
216.30000000000000000000   11
216.40000000000000000000   12
216.50000000000000000000   11
216.60000000000000000000   12
216.70000000000000000000   10
216.80000000000000000000   9
216.90000000000000000000   11
217.00000000000000000000   10
217.10000000000000000000   10
217.20000000000000000000   10
217.30000000000000000000   10
217.40000000000000000000   12
217.50000000000000000000   10
217.60000000000000000000   12
217.70000000000000000000   11
217.80000000000000000000   11
217.90000000000000000000   10
218.00000000000000000000   13
218.10000000000000000000   11
218.20000000000000000000   9
218.30000000000000000000   11
218.40000000000000000000   11
218.50000000000000000000   11
218.60000000000000000000   10
218.70000000000000000000   10
218.80000000000000000000   12
218.90000000000000000000   11
219.00000000000000000000   11
219.10000000000000000000   12
219.20000000000000000000   13
219.30000000000000000000   12
219.40000000000000000000   12
219.50000000000000000000   11
219.60000000000000000000   10
219.70000000000000000000   11
219.80000000000000000000   11
219.90000000000000000000   12
220.00000000000000000000   9
220.10000000000000000000   10
220.20000000000000000000   11
220.30000000000000000000   10
220.40000000000000000000   9
220.50000000000000000000   10
220.60000000000000000000   10
220.70000000000000000000   10
220.80000000000000000000   11
220.90000000000000000000   11
221.00000000000000000000   12
221.10000000000000000000   10
221.20000000000000000000   10
221.30000000000000000000   11
221.40000000000000000000   10
221.50000000000000000000   12
221.60000000000000000000   11
221.70000000000000000000   12
221.80000000000000000000   10
221.90000000000000000000   10
222.00000000000000000000   11
222.10000000000000000000   11
222.20000000000000000000   11
222.30000000000000000000   12
222.40000000000000000000   11
222.50000000000000000000   12
222.60000000000000000000   10
222.70000000000000000000   10
222.80000000000000000000   11
222.90000000000000000000   9
223.00000000000000000000   10
223.10000000000000000000   11
223.20000000000000000000   9
223.30000000000000000000   8
223.40000000000000000000   9
223.50000000000000000000   9
223.60000000000000000000   9
223.70000000000000000000   10
223.80000000000000000000   9
223.90000000000000000000   9
224.00000000000000000000   9
224.10000000000000000000   10
224.20000000000000000000   8
224.30000000000000000000   6
224.40000000000000000000   9
224.50000000000000000000   9
224.60000000000000000000   9
224.70000000000000000000   9
224.80000000000000000000   9
224.90000000000000000000   8
225.00000000000000000000   9
225.10000000000000000000   9
225.20000000000000000000   9
225.30000000000000000000   9
225.40000000000000000000   10
225.50000000000000000000   10
225.60000000000000000000   12
225.70000000000000000000   12
225.80000000000000000000   9
225.90000000000000000000   11
226.00000000000000000000   8
226.10000000000000000000   10
226.20000000000000000000   10
226.30000000000000000000   9
226.40000000000000000000   11
226.50000000000000000000   9
226.60000000000000000000   10
226.70000000000000000000   10
226.80000000000000000000   10
226.90000000000000000000   12
227.00000000000000000000   11
227.10000000000000000000   11
227.20000000000000000000   11
227.30000000000000000000   10
227.40000000000000000000   9
227.50000000000000000000   10
227.60000000000000000000   12
227.70000000000000000000   9
227.80000000000000000000   10
227.90000000000000000000   11
228.00000000000000000000   11
228.10000000000000000000   11
228.20000000000000000000   11
228.30000000000000000000   11
228.40000000000000000000   11
228.50000000000000000000   9
228.60000000000000000000   9
228.70000000000000000000   12
228.80000000000000000000   11
228.90000000000000000000   10
229.00000000000000000000   11
229.10000000000000000000   11
229.20000000000000000000   9
229.30000000000000000000   11
229.40000000000000000000   10
229.50000000000000000000   11
229.60000000000000000000   10
229.70000000000000000000   11
229.80000000000000000000   12
229.90000000000000000000   10
230.00000000000000000000   9
230.10000000000000000000   10
230.20000000000000000000   10
230.30000000000000000000   9
230.40000000000000000000   8
230.50000000000000000000   11
230.60000000000000000000   9
230.70000000000000000000   11
230.80000000000000000000   12
230.90000000000000000000   6
231.00000000000000000000   10
231.10000000000000000000   10
231.20000000000000000000   10
231.30000000000000000000   10
231.40000000000000000000   8
231.50000000000000000000   8
231.60000000000000000000   11
231.70000000000000000000   10
231.80000000000000000000   9
231.90000000000000000000   10
232.00000000000000000000   11
232.10000000000000000000   10
232.20000000000000000000   10
232.30000000000000000000   11
232.40000000000000000000   10
232.50000000000000000000   10
232.60000000000000000000   11
232.70000000000000000000   11
232.80000000000000000000   9
232.90000000000000000000   9
233.00000000000000000000   10
233.10000000000000000000   10
233.20000000000000000000   9
233.30000000000000000000   10
233.40000000000000000000   10
233.50000000000000000000   10
233.60000000000000000000   11
233.70000000000000000000   9
233.80000000000000000000   9
233.90000000000000000000   10
234.00000000000000000000   8
234.10000000000000000000   10
234.20000000000000000000   9
234.30000000000000000000   11
234.40000000000000000000   11
234.50000000000000000000   8
234.60000000000000000000   10
234.70000000000000000000   11
234.80000000000000000000   10
234.90000000000000000000   11
235.00000000000000000000   9
235.10000000000000000000   10
235.20000000000000000000   9
235.30000000000000000000   10
235.40000000000000000000   10
235.50000000000000000000   10
235.60000000000000000000   10
235.70000000000000000000   11
235.80000000000000000000   12
235.90000000000000000000   12
236.00000000000000000000   9
236.10000000000000000000   11
236.20000000000000000000   11
236.30000000000000000000   11
236.40000000000000000000   11
236.50000000000000000000   11
236.60000000000000000000   11
236.70000000000000000000   10
236.80000000000000000000   10
236.90000000000000000000   9
237.00000000000000000000   12
237.10000000000000000000   9
237.20000000000000000000   11
237.30000000000000000000   10
237.40000000000000000000   10
237.50000000000000000000   11
237.60000000000000000000   11
237.70000000000000000000   12
237.80000000000000000000   10
237.90000000000000000000   11
238.00000000000000000000   8
238.10000000000000000000   9
238.20000000000000000000   11
238.30000000000000000000   9
238.40000000000000000000   10
238.50000000000000000000   12
238.60000000000000000000   11
238.70000000000000000000   14
238.80000000000000000000   11
238.90000000000000000000   11
239.00000000000000000000   12
239.10000000000000000000   14
239.20000000000000000000   12
239.30000000000000000000   12
239.40000000000000000000   13
239.50000000000000000000   15
239.60000000000000000000   13
239.70000000000000000000   13
239.80000000000000000000   13
239.90000000000000000000   9
240.00000000000000000000   9
240.10000000000000000000   11
240.20000000000000000000   12
240.30000000000000000000   14
240.40000000000000000000   12
240.50000000000000000000   12
240.60000000000000000000   13
240.70000000000000000000   12
240.80000000000000000000   12
240.90000000000000000000   11
241.00000000000000000000   11
241.10000000000000000000   12
241.20000000000000000000   12
241.30000000000000000000   14
241.40000000000000000000   14
241.50000000000000000000   12
241.60000000000000000000   11
241.70000000000000000000   11
241.80000000000000000000   12
241.90000000000000000000   12
242.00000000000000000000   12
242.10000000000000000000   13
242.20000000000000000000   12
242.30000000000000000000   11
242.40000000000000000000   12
242.50000000000000000000   12
242.60000000000000000000   13
242.70000000000000000000   11
242.80000000000000000000   12
242.90000000000000000000   11
243.00000000000000000000   10
243.10000000000000000000   9
243.20000000000000000000   9
243.30000000000000000000   11
243.40000000000000000000   8
243.50000000000000000000   9
243.60000000000000000000   9
243.70000000000000000000   9
243.80000000000000000000   9
243.90000000000000000000   8
244.00000000000000000000   9
244.10000000000000000000   9
244.20000000000000000000   7
244.30000000000000000000   7
244.40000000000000000000   7
244.50000000000000000000   5
244.60000000000000000000   9
244.70000000000000000000   9
244.80000000000000000000   9
244.90000000000000000000   12
245.00000000000000000000   11
245.10000000000000000000   13
245.20000000000000000000   10
245.30000000000000000000   10
245.40000000000000000000   10
245.50000000000000000000   10
245.60000000000000000000   11
245.70000000000000000000   10
245.80000000000000000000   10
245.90000000000000000000   10
246.00000000000000000000   10
246.10000000000000000000   9
246.20000000000000000000   11
246.30000000000000000000   10
246.40000000000000000000   10
246.50000000000000000000   10
246.60000000000000000000   11
246.70000000000000000000   9
246.80000000000000000000   12
246.90000000000000000000   11
247.00000000000000000000   10
247.10000000000000000000   12
247.20000000000000000000   10
247.30000000000000000000   10
247.40000000000000000000   9
247.50000000000000000000   11
247.60000000000000000000   12
247.70000000000000000000   10
247.80000000000000000000   10
247.90000000000000000000   8
248.00000000000000000000   11
248.10000000000000000000   9
248.20000000000000000000   9
248.30000000000000000000   10
248.40000000000000000000   10
248.50000000000000000000   12
248.60000000000000000000   9
248.70000000000000000000   10
248.80000000000000000000   8
248.90000000000000000000   8
249.00000000000000000000   9
249.10000000000000000000   9
249.20000000000000000000   12
249.30000000000000000000   11
249.40000000000000000000   9
249.50000000000000000000   10
249.60000000000000000000   11
249.70000000000000000000   10
249.80000000000000000000   9
249.90000000000000000000   11
250.00000000000000000000   7
250.10000000000000000000   11
250.20000000000000000000   11
250.30000000000000000000   9
250.40000000000000000000   10
250.50000000000000000000   12
250.60000000000000000000   11
250.70000000000000000000   11
250.80000000000000000000   10
250.90000000000000000000   10
251.00000000000000000000   12
251.10000000000000000000   11
251.20000000000000000000   12
251.30000000000000000000   11
251.40000000000000000000   11
251.50000000000000000000   9
251.60000000000000000000   8
251.70000000000000000000   10
251.80000000000000000000   12
251.90000000000000000000   11
252.00000000000000000000   9
252.10000000000000000000   8
252.20000000000000000000   11
252.30000000000000000000   11
252.40000000000000000000   12
252.50000000000000000000   11
252.60000000000000000000   10
252.70000000000000000000   11
252.80000000000000000000   10
252.90000000000000000000   10
253.00000000000000000000   13
253.10000000000000000000   13
253.20000000000000000000   10
253.30000000000000000000   11
253.40000000000000000000   10
253.50000000000000000000   12
253.60000000000000000000   10
253.70000000000000000000   6
253.80000000000000000000   13
253.90000000000000000000   11
254.00000000000000000000   11
254.10000000000000000000   10
254.20000000000000000000   9
254.30000000000000000000   8
254.40000000000000000000   11
254.50000000000000000000   10
254.60000000000000000000   11
254.70000000000000000000   11
254.80000000000000000000   7
254.90000000000000000000   11
255.00000000000000000000   10
255.10000000000000000000   8
255.20000000000000000000   8
255.30000000000000000000   11
255.40000000000000000000   12
255.50000000000000000000   9
255.60000000000000000000   10
255.70000000000000000000   12
255.80000000000000000000   11
255.90000000000000000000   11
256.00000000000000000000   12
256.10000000000000000000   13
256.20000000000000000000   8
256.30000000000000000000   8
256.40000000000000000000   12
256.50000000000000000000   8
256.60000000000000000000   13
256.70000000000000000000   10
256.80000000000000000000   10
256.90000000000000000000   12
257.00000000000000000000   10
257.10000000000000000000   8
257.20000000000000000000   9
257.30000000000000000000   10
257.40000000000000000000   9
257.50000000000000000000   11
257.60000000000000000000   9
257.70000000000000000000   8
257.80000000000000000000   10
257.90000000000000000000   9
258.00000000000000000000   4
258.10000000000000000000   10
258.20000000000000000000   6
258.30000000000000000000   10
258.40000000000000000000   8
258.50000000000000000000   9
258.60000000000000000000   9
258.70000000000000000000   12
258.80000000000000000000   11
258.90000000000000000000   8
259.00000000000000000000   9
259.10000000000000000000   11
259.20000000000000000000   10
259.30000000000000000000   8
259.40000000000000000000   5
259.50000000000000000000   6
259.60000000000000000000   7
259.70000000000000000000   8
259.80000000000000000000   7
259.90000000000000000000   6
260.00000000000000000000   8
260.10000000000000000000   6
260.20000000000000000000   9
260.30000000000000000000   8
260.40000000000000000000   7
260.50000000000000000000   7
260.60000000000000000000   6
260.70000000000000000000   6
260.80000000000000000000   7
260.90000000000000000000   7
261.00000000000000000000   7
261.10000000000000000000   6
261.20000000000000000000   7
261.30000000000000000000   6
261.40000000000000000000   7
261.50000000000000000000   8
261.60000000000000000000   5
261.70000000000000000000   7
261.80000000000000000000   7
261.90000000000000000000   5
262.00000000000000000000   7
262.10000000000000000000   8
262.20000000000000000000   10
262.30000000000000000000   9
262.40000000000000000000   10
262.50000000000000000000   10
262.60000000000000000000   10
262.70000000000000000000   9
262.80000000000000000000   11
262.90000000000000000000   11
263.00000000000000000000   12
263.10000000000000000000   12
263.20000000000000000000   13
263.30000000000000000000   11
263.40000000000000000000   12
263.50000000000000000000   11
263.60000000000000000000   8
263.70000000000000000000   11
263.80000000000000000000   8
263.90000000000000000000   9
264.00000000000000000000   8
264.10000000000000000000   8
264.20000000000000000000   8
264.30000000000000000000   8
264.40000000000000000000   8
264.50000000000000000000   8
264.60000000000000000000   9
264.70000000000000000000   9
264.80000000000000000000   9
264.90000000000000000000   9
265.00000000000000000000   9
265.10000000000000000000   10
265.20000000000000000000   9
265.30000000000000000000   8
265.40000000000000000000   10
265.50000000000000000000   8
265.60000000000000000000   9
265.70000000000000000000   9
265.80000000000000000000   9
265.90000000000000000000   9
266.00000000000000000000   8
266.10000000000000000000   9
266.20000000000000000000   9
266.30000000000000000000   9
266.40000000000000000000   10
266.50000000000000000000   9
266.60000000000000000000   8
266.70000000000000000000   9
266.80000000000000000000   9
266.90000000000000000000   10
267.00000000000000000000   9
267.10000000000000000000   9
267.20000000000000000000   9
267.30000000000000000000   9
267.40000000000000000000   9
267.50000000000000000000   9
267.60000000000000000000   9
267.70000000000000000000   9
267.80000000000000000000   9
267.90000000000000000000   9
268.00000000000000000000   9
268.10000000000000000000   9
268.20000000000000000000   9
268.30000000000000000000   9
268.40000000000000000000   9
268.50000000000000000000   9
268.60000000000000000000   9
268.70000000000000000000   9
268.80000000000000000000   9
268.90000000000000000000   9
269.00000000000000000000   9
269.10000000000000000000   9
269.20000000000000000000   9
269.30000000000000000000   9
269.40000000000000000000   10
269.50000000000000000000   8
269.60000000000000000000   7
269.70000000000000000000   7
269.80000000000000000000   10
269.90000000000000000000   7
270.00000000000000000000   9
270.10000000000000000000   9
270.20000000000000000000   8
270.30000000000000000000   9
270.40000000000000000000   7
270.50000000000000000000   8
270.60000000000000000000   8
270.70000000000000000000   8
270.80000000000000000000   7
270.90000000000000000000   8
271.00000000000000000000   8
271.10000000000000000000   7
271.20000000000000000000   6
271.30000000000000000000   7
271.40000000000000000000   8
271.50000000000000000000   9
271.60000000000000000000   11
271.70000000000000000000   9
271.80000000000000000000   9
271.90000000000000000000   11
272.00000000000000000000   8
272.10000000000000000000   12
272.20000000000000000000   13
272.30000000000000000000   10
272.40000000000000000000   11
272.50000000000000000000   11
272.60000000000000000000   9
272.70000000000000000000   11
272.80000000000000000000   13
272.90000000000000000000   13
273.00000000000000000000   10
273.10000000000000000000   10
273.20000000000000000000   7
273.30000000000000000000   9
273.40000000000000000000   8
273.50000000000000000000   11
273.60000000000000000000   9
273.70000000000000000000   11
273.80000000000000000000   9
273.90000000000000000000   10
274.00000000000000000000   7
274.10000000000000000000   11
274.20000000000000000000   9
274.30000000000000000000   9
274.40000000000000000000   8
274.50000000000000000000   7
274.60000000000000000000   7
274.70000000000000000000   11
274.80000000000000000000   9
274.90000000000000000000   8
275.00000000000000000000   7
275.10000000000000000000   8
275.20000000000000000000   8
275.30000000000000000000   10
275.40000000000000000000   9
275.50000000000000000000   12
275.60000000000000000000   10
275.70000000000000000000   9
275.80000000000000000000   11
275.90000000000000000000   10
276.00000000000000000000   12
276.10000000000000000000   9
276.20000000000000000000   10
276.30000000000000000000   12
276.40000000000000000000   13
276.50000000000000000000   11
276.60000000000000000000   11
276.70000000000000000000   9
276.80000000000000000000   7
276.90000000000000000000   7
277.00000000000000000000   8
277.10000000000000000000   9
277.20000000000000000000   10
277.30000000000000000000   8
277.40000000000000000000   11
277.50000000000000000000   10
277.60000000000000000000   9
277.70000000000000000000   7
277.80000000000000000000   10
277.90000000000000000000   9
278.00000000000000000000   13
278.10000000000000000000   10
278.20000000000000000000   12
278.30000000000000000000   12
278.40000000000000000000   9
278.50000000000000000000   10
278.60000000000000000000   10
278.70000000000000000000   9
278.80000000000000000000   9
278.90000000000000000000   10
279.00000000000000000000   11
279.10000000000000000000   11
279.20000000000000000000   13
279.30000000000000000000   12
279.40000000000000000000   12
279.50000000000000000000   11
279.60000000000000000000   10
279.70000000000000000000   11
279.80000000000000000000   9
279.90000000000000000000   9
280.00000000000000000000   9
280.10000000000000000000   8
280.20000000000000000000   9
280.30000000000000000000   10
280.40000000000000000000   9
280.50000000000000000000   9
280.60000000000000000000   11
280.70000000000000000000   8
280.80000000000000000000   8
280.90000000000000000000   9
281.00000000000000000000   14
281.10000000000000000000   12
281.20000000000000000000   12
281.30000000000000000000   11
281.40000000000000000000   12
281.50000000000000000000   12
281.60000000000000000000   10
281.70000000000000000000   13
281.80000000000000000000   14
281.90000000000000000000   11
282.00000000000000000000   12
282.10000000000000000000   12
282.20000000000000000000   13
282.30000000000000000000   11
282.40000000000000000000   14
282.50000000000000000000   13
282.60000000000000000000   14
282.70000000000000000000   14
282.80000000000000000000   12
282.90000000000000000000   9
283.00000000000000000000   12
283.10000000000000000000   13
283.20000000000000000000   13
283.30000000000000000000   12
283.40000000000000000000   11
283.50000000000000000000   11
283.60000000000000000000   11
283.70000000000000000000   11
283.80000000000000000000   11
283.90000000000000000000   12
284.00000000000000000000   10
284.10000000000000000000   12
284.20000000000000000000   11
284.30000000000000000000   11
284.40000000000000000000   9
284.50000000000000000000   14
284.60000000000000000000   12
284.70000000000000000000   12
284.80000000000000000000   12
284.90000000000000000000   14
285.00000000000000000000   13
285.10000000000000000000   12
285.20000000000000000000   12
285.30000000000000000000   12
285.40000000000000000000   8
285.50000000000000000000   10
285.60000000000000000000   13
285.70000000000000000000   13
285.80000000000000000000   12
285.90000000000000000000   11
286.00000000000000000000   11
286.10000000000000000000   10
286.20000000000000000000   12
286.30000000000000000000   13
286.40000000000000000000   11
286.50000000000000000000   12
286.60000000000000000000   12
286.70000000000000000000   13
286.80000000000000000000   14
286.90000000000000000000   13
287.00000000000000000000   10
287.10000000000000000000   12
287.20000000000000000000   13
287.30000000000000000000   13
287.40000000000000000000   13
287.50000000000000000000   11
287.60000000000000000000   13
287.70000000000000000000   12
287.80000000000000000000   13
287.90000000000000000000   12
288.00000000000000000000   11
288.10000000000000000000   11
288.20000000000000000000   15
288.30000000000000000000   13
288.40000000000000000000   14
288.50000000000000000000   13
288.60000000000000000000   13
288.70000000000000000000   13
288.80000000000000000000   10
288.90000000000000000000   12
289.00000000000000000000   11
289.10000000000000000000   14
289.20000000000000000000   11
289.30000000000000000000   11
289.40000000000000000000   11
289.50000000000000000000   13
289.60000000000000000000   10
289.70000000000000000000   13
289.80000000000000000000   12
289.90000000000000000000   11
290.00000000000000000000   13
290.10000000000000000000   12
290.20000000000000000000   13
290.30000000000000000000   11
290.40000000000000000000   12
290.50000000000000000000   12
290.60000000000000000000   14
290.70000000000000000000   12
290.80000000000000000000   11
290.90000000000000000000   12
291.00000000000000000000   12
291.10000000000000000000   11
291.20000000000000000000   12
291.30000000000000000000   11
291.40000000000000000000   10
291.50000000000000000000   10
291.60000000000000000000   11
291.70000000000000000000   12
291.80000000000000000000   13
291.90000000000000000000   12
292.00000000000000000000   13
292.10000000000000000000   13
292.20000000000000000000   12
292.30000000000000000000   13
292.40000000000000000000   13
292.50000000000000000000   14
292.60000000000000000000   13
292.70000000000000000000   10
292.80000000000000000000   13
292.90000000000000000000   10
293.00000000000000000000   10
293.10000000000000000000   10
293.20000000000000000000   9
293.30000000000000000000   10
293.40000000000000000000   14
293.50000000000000000000   11
293.60000000000000000000   14
293.70000000000000000000   13
293.80000000000000000000   14
293.90000000000000000000   12
294.00000000000000000000   14
294.10000000000000000000   13
294.20000000000000000000   10
294.30000000000000000000   10
294.40000000000000000000   11
294.50000000000000000000   13
294.60000000000000000000   12
294.70000000000000000000   12
294.80000000000000000000   14
294.90000000000000000000   15
295.00000000000000000000   15
295.10000000000000000000   12
295.20000000000000000000   13
295.30000000000000000000   14
295.40000000000000000000   15
295.50000000000000000000   15
295.60000000000000000000   16
295.70000000000000000000   14
295.80000000000000000000   14
295.90000000000000000000   14
296.00000000000000000000   14
296.10000000000000000000   12
296.20000000000000000000   13
296.30000000000000000000   14
296.40000000000000000000   13
296.50000000000000000000   14
296.60000000000000000000   15
296.70000000000000000000   13
296.80000000000000000000   14
296.90000000000000000000   14
297.00000000000000000000   14
297.10000000000000000000   17
297.20000000000000000000   15
297.30000000000000000000   14
297.40000000000000000000   14
297.50000000000000000000   15
297.60000000000000000000   14
297.70000000000000000000   15
297.80000000000000000000   16
297.90000000000000000000   15
298.00000000000000000000   15
298.10000000000000000000   14
298.20000000000000000000   15
298.30000000000000000000   14
298.40000000000000000000   15
298.50000000000000000000   13
298.60000000000000000000   13
298.70000000000000000000   14
298.80000000000000000000   15
298.90000000000000000000   14
299.00000000000000000000   15
299.10000000000000000000   13
299.20000000000000000000   15
299.30000000000000000000   14
299.40000000000000000000   14
299.50000000000000000000   14
299.60000000000000000000   13
299.70000000000000000000   14
299.80000000000000000000   15
299.90000000000000000000   14
300.00000000000000000000   15
300.10000000000000000000   14
300.20000000000000000000   14
300.30000000000000000000   14
300.40000000000000000000   13
300.50000000000000000000   14
300.60000000000000000000   14
300.70000000000000000000   13
300.80000000000000000000   13
300.90000000000000000000   15
301.00000000000000000000   14
301.10000000000000000000   14
301.20000000000000000000   14
301.30000000000000000000   14
301.40000000000000000000   14
301.50000000000000000000   13
301.60000000000000000000   14
301.70000000000000000000   17
301.80000000000000000000   17
301.90000000000000000000   14
302.00000000000000000000   14
302.10000000000000000000   14
302.20000000000000000000   14
302.30000000000000000000   13
302.40000000000000000000   14
302.50000000000000000000   15
302.60000000000000000000   12
302.70000000000000000000   14
302.80000000000000000000   14
302.90000000000000000000   14
303.00000000000000000000   13
303.10000000000000000000   14
303.20000000000000000000   14
303.30000000000000000000   14
303.40000000000000000000   13
303.50000000000000000000   13
303.60000000000000000000   14
303.70000000000000000000   13
303.80000000000000000000   12
303.90000000000000000000   13
304.00000000000000000000   15
304.10000000000000000000   14
304.20000000000000000000   13
304.30000000000000000000   14
304.40000000000000000000   14
304.50000000000000000000   15
304.60000000000000000000   15
304.70000000000000000000   15
304.80000000000000000000   16
304.90000000000000000000   14
305.00000000000000000000   13
305.10000000000000000000   10
305.20000000000000000000   13
305.30000000000000000000   12
305.40000000000000000000   13
305.50000000000000000000   11
305.60000000000000000000   14
305.70000000000000000000   11
305.80000000000000000000   12
305.90000000000000000000   10
306.00000000000000000000   13
306.10000000000000000000   13
306.20000000000000000000   12
306.30000000000000000000   10
306.40000000000000000000   12
306.50000000000000000000   14
306.60000000000000000000   12
306.70000000000000000000   12
306.80000000000000000000   9
306.90000000000000000000   11
307.00000000000000000000   9
307.10000000000000000000   12
307.20000000000000000000   11
307.30000000000000000000   11
307.40000000000000000000   9
307.50000000000000000000   14
307.60000000000000000000   11
307.70000000000000000000   12
307.80000000000000000000   10
307.90000000000000000000   9
308.00000000000000000000   11
308.10000000000000000000   11
308.20000000000000000000   10
308.30000000000000000000   10
308.40000000000000000000   10
308.50000000000000000000   9
308.60000000000000000000   11
308.70000000000000000000   11
308.80000000000000000000   11
308.90000000000000000000   9
309.00000000000000000000   9
309.10000000000000000000   9
309.20000000000000000000   11
309.30000000000000000000   10
309.40000000000000000000   10
309.50000000000000000000   9
309.60000000000000000000   10
309.70000000000000000000   11
309.80000000000000000000   10
309.90000000000000000000   9
310.00000000000000000000   9
310.10000000000000000000   9
310.20000000000000000000   7
310.30000000000000000000   9
310.40000000000000000000   10
310.50000000000000000000   10
310.60000000000000000000   10
310.70000000000000000000   9
310.80000000000000000000   12
310.90000000000000000000   10
311.00000000000000000000   10
311.10000000000000000000   12
311.20000000000000000000   9
311.30000000000000000000   9
311.40000000000000000000   12
311.50000000000000000000   9
311.60000000000000000000   9
311.70000000000000000000   9
311.80000000000000000000   12
311.90000000000000000000   13
312.00000000000000000000   14
312.10000000000000000000   11
312.20000000000000000000   11
312.30000000000000000000   10
312.40000000000000000000   8
312.50000000000000000000   12
312.60000000000000000000   12
312.70000000000000000000   10
312.80000000000000000000   11
312.90000000000000000000   11
313.00000000000000000000   9
313.10000000000000000000   11
313.20000000000000000000   13
313.30000000000000000000   13
313.40000000000000000000   10
313.50000000000000000000   10
313.60000000000000000000   9
313.70000000000000000000   14
313.80000000000000000000   13
313.90000000000000000000   14
314.00000000000000000000   9
314.10000000000000000000   15
314.20000000000000000000   14
314.30000000000000000000   12
314.40000000000000000000   13
314.50000000000000000000   13
314.60000000000000000000   13
314.70000000000000000000   12
314.80000000000000000000   13
314.90000000000000000000   11
315.00000000000000000000   13
315.10000000000000000000   13
315.20000000000000000000   12
315.30000000000000000000   13
315.40000000000000000000   12
315.50000000000000000000   12
315.60000000000000000000   11
315.70000000000000000000   14
315.80000000000000000000   14
315.90000000000000000000   11
316.00000000000000000000   12
316.10000000000000000000   13
316.20000000000000000000   12
316.30000000000000000000   11
316.40000000000000000000   13
316.50000000000000000000   12
316.60000000000000000000   12
316.70000000000000000000   12
316.80000000000000000000   11
316.90000000000000000000   11
317.00000000000000000000   11
317.10000000000000000000   12
317.20000000000000000000   13
317.30000000000000000000   13
317.40000000000000000000   13
317.50000000000000000000   13
317.60000000000000000000   14
317.70000000000000000000   12
317.80000000000000000000   13
317.90000000000000000000   13
318.00000000000000000000   13
318.10000000000000000000   16
318.20000000000000000000   11
318.30000000000000000000   13
318.40000000000000000000   12
318.50000000000000000000   12
318.60000000000000000000   14
318.70000000000000000000   11
318.80000000000000000000   12
318.90000000000000000000   14
319.00000000000000000000   13
319.10000000000000000000   11
319.20000000000000000000   11
319.30000000000000000000   10
319.40000000000000000000   14
319.50000000000000000000   13
319.60000000000000000000   13
319.70000000000000000000   12
319.80000000000000000000   12
319.90000000000000000000   12
320.00000000000000000000   12
320.10000000000000000000   9
320.20000000000000000000   10
320.30000000000000000000   10
320.40000000000000000000   8
320.50000000000000000000   10
320.60000000000000000000   11
320.70000000000000000000   9
320.80000000000000000000   8
320.90000000000000000000   13
321.00000000000000000000   8
321.10000000000000000000   9
321.20000000000000000000   7
321.30000000000000000000   9
321.40000000000000000000   8
321.50000000000000000000   9
321.60000000000000000000   8
321.70000000000000000000   9
321.80000000000000000000   8
321.90000000000000000000   8
322.00000000000000000000   7
322.10000000000000000000   8
322.20000000000000000000   6
322.30000000000000000000   10
322.40000000000000000000   9
322.50000000000000000000   9
322.60000000000000000000   12
322.70000000000000000000   13
322.80000000000000000000   12
322.90000000000000000000   12
323.00000000000000000000   13
323.10000000000000000000   13
323.20000000000000000000   13
323.30000000000000000000   11
323.40000000000000000000   13
323.50000000000000000000   13
323.60000000000000000000   11
323.70000000000000000000   12
323.80000000000000000000   13
323.90000000000000000000   13
324.00000000000000000000   12
324.10000000000000000000   13
324.20000000000000000000   13
324.30000000000000000000   14
324.40000000000000000000   13
324.50000000000000000000   13
324.60000000000000000000   11
324.70000000000000000000   11
324.80000000000000000000   12
324.90000000000000000000   12
325.00000000000000000000   12
325.10000000000000000000   12
325.20000000000000000000   12
325.30000000000000000000   12
325.40000000000000000000   12
325.50000000000000000000   12
325.60000000000000000000   11
325.70000000000000000000   11
325.80000000000000000000   13
325.90000000000000000000   11
326.00000000000000000000   12
326.10000000000000000000   11
326.20000000000000000000   13
326.30000000000000000000   15
326.40000000000000000000   12
326.50000000000000000000   11
326.60000000000000000000   10
326.70000000000000000000   14
326.80000000000000000000   13
326.90000000000000000000   13
327.00000000000000000000   12
327.10000000000000000000   12
327.20000000000000000000   12
327.30000000000000000000   11
327.40000000000000000000   11
327.50000000000000000000   13
327.60000000000000000000   13
327.70000000000000000000   11
327.80000000000000000000   13
327.90000000000000000000   13
328.00000000000000000000   13
328.10000000000000000000   13
328.20000000000000000000   12
328.30000000000000000000   13
328.40000000000000000000   13
328.50000000000000000000   12
328.60000000000000000000   11
328.70000000000000000000   12
328.80000000000000000000   11
328.90000000000000000000   13
329.00000000000000000000   11
329.10000000000000000000   11
329.20000000000000000000   13
329.30000000000000000000   13
329.40000000000000000000   12
329.50000000000000000000   14
329.60000000000000000000   14
329.70000000000000000000   11
329.80000000000000000000   12
329.90000000000000000000   11
330.00000000000000000000   12
330.10000000000000000000   12
330.20000000000000000000   12
330.30000000000000000000   13
330.40000000000000000000   12
330.50000000000000000000   12
330.60000000000000000000   10
330.70000000000000000000   9
330.80000000000000000000   11
330.90000000000000000000   13
331.00000000000000000000   13
331.10000000000000000000   10
331.20000000000000000000   11
331.30000000000000000000   11
331.40000000000000000000   10
331.50000000000000000000   10
331.60000000000000000000   12
331.70000000000000000000   11
331.80000000000000000000   11
331.90000000000000000000   11
332.00000000000000000000   10
332.10000000000000000000   12
332.20000000000000000000   9
332.30000000000000000000   10
332.40000000000000000000   11
332.50000000000000000000   12
332.60000000000000000000   12
332.70000000000000000000   8
332.80000000000000000000   12
332.90000000000000000000   10
333.00000000000000000000   12
333.10000000000000000000   9
333.20000000000000000000   9
333.30000000000000000000   10
333.40000000000000000000   9
333.50000000000000000000   12
333.60000000000000000000   13
333.70000000000000000000   11
333.80000000000000000000   13
333.90000000000000000000   11
334.00000000000000000000   12
334.10000000000000000000   10
334.20000000000000000000   12
334.30000000000000000000   16
334.40000000000000000000   13
334.50000000000000000000   15
334.60000000000000000000   12
334.70000000000000000000   12
334.80000000000000000000   14
334.90000000000000000000   14
335.00000000000000000000   12
335.10000000000000000000   13
335.20000000000000000000   12
335.30000000000000000000   9
335.40000000000000000000   11
335.50000000000000000000   12
335.60000000000000000000   9
335.70000000000000000000   11
335.80000000000000000000   10
335.90000000000000000000   11
336.00000000000000000000   9
336.10000000000000000000   9
336.20000000000000000000   10
336.30000000000000000000   11
336.40000000000000000000   13
336.50000000000000000000   11
336.60000000000000000000   11
336.70000000000000000000   9
336.80000000000000000000   10
336.90000000000000000000   13
337.00000000000000000000   10
337.10000000000000000000   8
337.20000000000000000000   13
337.30000000000000000000   12
337.40000000000000000000   12
337.50000000000000000000   11
337.60000000000000000000   9
337.70000000000000000000   10
337.80000000000000000000   13
337.90000000000000000000   12
338.00000000000000000000   11
338.10000000000000000000   12
338.20000000000000000000   13
338.30000000000000000000   15
338.40000000000000000000   13
338.50000000000000000000   10
338.60000000000000000000   8
338.70000000000000000000   12
338.80000000000000000000   12
338.90000000000000000000   13
339.00000000000000000000   13
339.10000000000000000000   13
339.20000000000000000000   13
339.30000000000000000000   14
339.40000000000000000000   14
339.50000000000000000000   13
339.60000000000000000000   11
339.70000000000000000000   11
339.80000000000000000000   12
339.90000000000000000000   14
340.00000000000000000000   13
340.10000000000000000000   11
340.20000000000000000000   12
340.30000000000000000000   10
340.40000000000000000000   10
340.50000000000000000000   8
340.60000000000000000000   10
340.70000000000000000000   5
340.80000000000000000000   6
340.90000000000000000000   8
341.00000000000000000000   8
341.10000000000000000000   11
341.20000000000000000000   12
341.30000000000000000000   10
341.40000000000000000000   12
341.50000000000000000000   13
341.60000000000000000000   13
341.70000000000000000000   13
341.80000000000000000000   12
341.90000000000000000000   12
342.00000000000000000000   12
342.10000000000000000000   12
342.20000000000000000000   11
342.30000000000000000000   13
342.40000000000000000000   12
342.50000000000000000000   13
342.60000000000000000000   12
342.70000000000000000000   15
342.80000000000000000000   11
342.90000000000000000000   13
343.00000000000000000000   11
343.10000000000000000000   12
343.20000000000000000000   14
343.30000000000000000000   11
343.40000000000000000000   10
343.50000000000000000000   13
343.60000000000000000000   11
343.70000000000000000000   12
343.80000000000000000000   12
343.90000000000000000000   13
344.00000000000000000000   13
344.10000000000000000000   12
344.20000000000000000000   12
344.30000000000000000000   13
344.40000000000000000000   11
344.50000000000000000000   10
344.60000000000000000000   13
344.70000000000000000000   13
344.80000000000000000000   9
344.90000000000000000000   10
345.00000000000000000000   8
345.10000000000000000000   10
345.20000000000000000000   9
345.30000000000000000000   9
345.40000000000000000000   9
345.50000000000000000000   10
345.60000000000000000000   9
345.70000000000000000000   10
345.80000000000000000000   12
345.90000000000000000000   11
346.00000000000000000000   10
346.10000000000000000000   10
346.20000000000000000000   12
346.30000000000000000000   11
346.40000000000000000000   12
346.50000000000000000000   14
346.60000000000000000000   13
346.70000000000000000000   7
346.80000000000000000000   7
346.90000000000000000000   8
347.00000000000000000000   11
347.10000000000000000000   11
347.20000000000000000000   11
347.30000000000000000000   10
347.40000000000000000000   9
347.50000000000000000000   7
347.60000000000000000000   6
347.70000000000000000000   6
347.80000000000000000000   10
347.90000000000000000000   9
348.00000000000000000000   8
348.10000000000000000000   9
348.20000000000000000000   7
348.30000000000000000000   8
348.40000000000000000000   9
348.50000000000000000000   7
348.60000000000000000000   9
348.70000000000000000000   9
348.80000000000000000000   7
348.90000000000000000000   10
349.00000000000000000000   8
349.10000000000000000000   9
349.20000000000000000000   9
349.30000000000000000000   9
349.40000000000000000000   7
349.50000000000000000000   9
349.60000000000000000000   7
349.70000000000000000000   10
349.80000000000000000000   10
349.90000000000000000000   9
350.00000000000000000000   9
350.10000000000000000000   9
350.20000000000000000000   7
350.30000000000000000000   7
350.40000000000000000000   9
350.50000000000000000000   7
350.60000000000000000000   8
350.70000000000000000000   8
350.80000000000000000000   9
350.90000000000000000000   6
351.00000000000000000000   8
351.10000000000000000000   6
351.20000000000000000000   7
351.30000000000000000000   6
351.40000000000000000000   6
351.50000000000000000000   7
351.60000000000000000000   7
351.70000000000000000000   7
351.80000000000000000000   7
351.90000000000000000000   7
352.00000000000000000000   5
352.10000000000000000000   3
352.20000000000000000000   2
352.30000000000000000000   3
352.40000000000000000000   2
352.50000000000000000000   3
352.60000000000000000000   2
352.70000000000000000000   4
352.80000000000000000000   3
352.90000000000000000000   4
353.00000000000000000000   4
353.10000000000000000000   6
353.20000000000000000000   6
353.30000000000000000000   5
353.40000000000000000000   4
353.50000000000000000000   5
353.60000000000000000000   7
353.70000000000000000000   5
353.80000000000000000000   6
353.90000000000000000000   7
354.00000000000000000000   7
354.10000000000000000000   6
354.20000000000000000000   4
354.30000000000000000000   4
354.40000000000000000000   6
354.50000000000000000000   5
354.60000000000000000000   7
354.70000000000000000000   6
354.80000000000000000000   5
354.90000000000000000000   4
355.00000000000000000000   5
355.10000000000000000000   5
355.20000000000000000000   5
355.30000000000000000000   5
355.40000000000000000000   5
355.50000000000000000000   5
355.60000000000000000000   7
355.70000000000000000000   8
355.80000000000000000000   7
355.90000000000000000000   7
356.00000000000000000000   4
356.10000000000000000000   5
356.20000000000000000000   4
356.30000000000000000000   6
356.40000000000000000000   5
356.50000000000000000000   4
356.60000000000000000000   6
356.70000000000000000000   6
356.80000000000000000000   4
356.90000000000000000000   3
357.00000000000000000000   4
357.10000000000000000000   4
357.20000000000000000000   4
357.30000000000000000000   4
357.40000000000000000000   5
357.50000000000000000000   2
357.60000000000000000000   5
357.70000000000000000000   5
357.80000000000000000000   5
357.90000000000000000000   5
358.00000000000000000000   2
358.10000000000000000000   4
358.20000000000000000000   3
358.30000000000000000000   5
358.40000000000000000000   3
358.50000000000000000000   3
358.60000000000000000000   3
358.70000000000000000000   2
358.80000000000000000000   2
358.90000000000000000000   3
359.00000000000000000000   0
359.10000000000000000000   1
359.20000000000000000000   0
359.30000000000000000000   3
359.40000000000000000000   3
359.50000000000000000000   1
359.60000000000000000000   2
359.70000000000000000000   2
359.80000000000000000000   1
359.90000000000000000000   2
360.00000000000000000000   2
360.10000000000000000000   2
360.20000000000000000000   3
360.30000000000000000000   3
360.40000000000000000000   1
360.50000000000000000000   1
360.60000000000000000000   3
360.70000000000000000000   5
360.80000000000000000000   2
360.90000000000000000000   2
361.00000000000000000000   2
361.10000000000000000000   2
361.20000000000000000000   1
361.30000000000000000000   2
361.40000000000000000000   2
361.50000000000000000000   2
361.60000000000000000000   2
361.70000000000000000000   3
361.80000000000000000000   2
361.90000000000000000000   2
362.00000000000000000000   2
362.10000000000000000000   1
362.20000000000000000000   2
362.30000000000000000000   1
362.40000000000000000000   3
362.50000000000000000000   5
362.60000000000000000000   8
362.70000000000000000000   6
362.80000000000000000000   6
362.90000000000000000000   6
363.00000000000000000000   7
363.10000000000000000000   9
363.20000000000000000000   8
363.30000000000000000000   7
363.40000000000000000000   11
363.50000000000000000000   7
363.60000000000000000000   7
363.70000000000000000000   5
363.80000000000000000000   7
363.90000000000000000000   4
364.00000000000000000000   6
364.10000000000000000000   5
364.20000000000000000000   7
364.30000000000000000000   6
364.40000000000000000000   6
364.50000000000000000000   6
364.60000000000000000000   6
364.70000000000000000000   7
364.80000000000000000000   6
364.90000000000000000000   6
365.00000000000000000000   5
365.10000000000000000000   5
365.20000000000000000000   3
365.30000000000000000000   7
365.40000000000000000000   5
365.50000000000000000000   5
365.60000000000000000000   4
365.70000000000000000000   4
365.80000000000000000000   6
365.90000000000000000000   5
366.00000000000000000000   5
366.10000000000000000000   6
366.20000000000000000000   4
366.30000000000000000000   7
366.40000000000000000000   5
366.50000000000000000000   6
366.60000000000000000000   7
366.70000000000000000000   3
366.80000000000000000000   1
366.90000000000000000000   2
367.00000000000000000000   1
367.10000000000000000000   1
367.20000000000000000000   1
367.30000000000000000000   5
367.40000000000000000000   5
367.50000000000000000000   1
367.60000000000000000000   1
367.70000000000000000000   1
367.80000000000000000000   1
367.90000000000000000000   1
368.00000000000000000000   1
368.10000000000000000000   2
368.20000000000000000000   2
368.30000000000000000000   1
368.40000000000000000000   1
368.50000000000000000000   3
368.60000000000000000000   1
368.70000000000000000000   2
368.80000000000000000000   1
368.90000000000000000000   3
369.00000000000000000000   1
369.10000000000000000000   2
369.20000000000000000000   1
369.30000000000000000000   2
369.40000000000000000000   1
369.50000000000000000000   5
369.60000000000000000000   2
369.70000000000000000000   1
369.80000000000000000000   2
369.90000000000000000000   3
370.00000000000000000000   7
370.10000000000000000000   7
370.20000000000000000000   7
370.30000000000000000000   8
370.40000000000000000000   6
370.50000000000000000000   7
370.60000000000000000000   6
370.70000000000000000000   6
370.80000000000000000000   6
370.90000000000000000000   7
371.00000000000000000000   3
371.10000000000000000000   5
371.20000000000000000000   5
371.30000000000000000000   7
371.40000000000000000000   7
371.50000000000000000000   5
371.60000000000000000000   7
371.70000000000000000000   6
371.80000000000000000000   5
371.90000000000000000000   6
372.00000000000000000000   6
372.10000000000000000000   6
372.20000000000000000000   5
372.30000000000000000000   5
372.40000000000000000000   8
372.50000000000000000000   7
372.60000000000000000000   8
372.70000000000000000000   5
372.80000000000000000000   7
372.90000000000000000000   8
373.00000000000000000000   10
373.10000000000000000000   8
373.20000000000000000000   8
373.30000000000000000000   10
373.40000000000000000000   5
373.50000000000000000000   8
373.60000000000000000000   9
373.70000000000000000000   9
373.80000000000000000000   8
373.90000000000000000000   7
374.00000000000000000000   7
374.10000000000000000000   4
374.20000000000000000000   6
374.30000000000000000000   7
374.40000000000000000000   7
374.50000000000000000000   8
374.60000000000000000000   9
374.70000000000000000000   5
374.80000000000000000000   6
374.90000000000000000000   5
375.00000000000000000000   6
375.10000000000000000000   4
375.20000000000000000000   5
375.30000000000000000000   5
375.40000000000000000000   6
375.50000000000000000000   5
375.60000000000000000000   6
375.70000000000000000000   5
375.80000000000000000000   5
375.90000000000000000000   4
376.00000000000000000000   7
376.10000000000000000000   5
376.20000000000000000000   4
376.30000000000000000000   5
376.40000000000000000000   4
376.50000000000000000000   5
376.60000000000000000000   5
376.70000000000000000000   5
376.80000000000000000000   6
376.90000000000000000000   5
377.00000000000000000000   5
377.10000000000000000000   6
377.20000000000000000000   5
377.30000000000000000000   6
377.40000000000000000000   8
377.50000000000000000000   6
377.60000000000000000000   5
377.70000000000000000000   7
377.80000000000000000000   7
377.90000000000000000000   5
378.00000000000000000000   7
378.10000000000000000000   7
378.20000000000000000000   6
378.30000000000000000000   5
378.40000000000000000000   6
378.50000000000000000000   6
378.60000000000000000000   5
378.70000000000000000000   3
378.80000000000000000000   5
378.90000000000000000000   5
379.00000000000000000000   6
379.10000000000000000000   7
379.20000000000000000000   7
379.30000000000000000000   5
379.40000000000000000000   7
379.50000000000000000000   7
379.60000000000000000000   5
379.70000000000000000000   6
379.80000000000000000000   6
379.90000000000000000000   6
380.00000000000000000000   8
380.10000000000000000000   8
380.20000000000000000000   5
380.30000000000000000000   6
380.40000000000000000000   6
380.50000000000000000000   6
380.60000000000000000000   5
380.70000000000000000000   5
380.80000000000000000000   5
380.90000000000000000000   6
381.00000000000000000000   5
381.10000000000000000000   5
381.20000000000000000000   6
381.30000000000000000000   7
381.40000000000000000000   7
381.50000000000000000000   6
381.60000000000000000000   2
381.70000000000000000000   6
381.80000000000000000000   7
381.90000000000000000000   7
382.00000000000000000000   6
382.10000000000000000000   4
382.20000000000000000000   5
382.30000000000000000000   7
382.40000000000000000000   7
382.50000000000000000000   6
382.60000000000000000000   6
382.70000000000000000000   5
382.80000000000000000000   5
382.90000000000000000000   5
383.00000000000000000000   8
383.10000000000000000000   6
383.20000000000000000000   3
383.30000000000000000000   2
383.40000000000000000000   3
383.50000000000000000000   7
383.60000000000000000000   5
383.70000000000000000000   3
383.80000000000000000000   6
383.90000000000000000000   6
384.00000000000000000000   3
384.10000000000000000000   4
384.20000000000000000000   6
384.30000000000000000000   5
384.40000000000000000000   6
384.50000000000000000000   6
384.60000000000000000000   6
384.70000000000000000000   6
384.80000000000000000000   6
384.90000000000000000000   6
385.00000000000000000000   6
385.10000000000000000000   2
385.20000000000000000000   6
385.30000000000000000000   5
385.40000000000000000000   3
385.50000000000000000000   4
385.60000000000000000000   8
385.70000000000000000000   6
385.80000000000000000000   7
385.90000000000000000000   6
386.00000000000000000000   6
386.10000000000000000000   6
386.20000000000000000000   6
386.30000000000000000000   8
386.40000000000000000000   6
386.50000000000000000000   5
386.60000000000000000000   5
386.70000000000000000000   6
386.80000000000000000000   7
386.90000000000000000000   6
387.00000000000000000000   6
387.10000000000000000000   6
387.20000000000000000000   6
387.30000000000000000000   5
387.40000000000000000000   5
387.50000000000000000000   5
387.60000000000000000000   5
387.70000000000000000000   6
387.80000000000000000000   6
387.90000000000000000000   5
388.00000000000000000000   6
388.10000000000000000000   5
388.20000000000000000000   5
388.30000000000000000000   8
388.40000000000000000000   8
388.50000000000000000000   5
388.60000000000000000000   6
388.70000000000000000000   7
388.80000000000000000000   6
388.90000000000000000000   5
389.00000000000000000000   6
389.10000000000000000000   6
389.20000000000000000000   6
389.30000000000000000000   5
389.40000000000000000000   6
389.50000000000000000000   6
389.60000000000000000000   5
389.70000000000000000000   6
389.80000000000000000000   6
389.90000000000000000000   5
390.00000000000000000000   6
390.10000000000000000000   5
390.20000000000000000000   6
390.30000000000000000000   6
390.40000000000000000000   4
390.50000000000000000000   6
390.60000000000000000000   7
390.70000000000000000000   2
390.80000000000000000000   4
390.90000000000000000000   3
391.00000000000000000000   7
391.10000000000000000000   4
391.20000000000000000000   6
391.30000000000000000000   5
391.40000000000000000000   4
391.50000000000000000000   7
391.60000000000000000000   8
391.70000000000000000000   8
391.80000000000000000000   9
391.90000000000000000000   8
392.00000000000000000000   10
392.10000000000000000000   9
392.20000000000000000000   8
392.30000000000000000000   8
392.40000000000000000000   8
392.50000000000000000000   9
392.60000000000000000000   10
392.70000000000000000000   10
392.80000000000000000000   10
392.90000000000000000000   9
393.00000000000000000000   10
393.10000000000000000000   12
393.20000000000000000000   9
393.30000000000000000000   11
393.40000000000000000000   8
393.50000000000000000000   11
393.60000000000000000000   10
393.70000000000000000000   11
393.80000000000000000000   10
393.90000000000000000000   11
394.00000000000000000000   12
394.10000000000000000000   13
394.20000000000000000000   12
394.30000000000000000000   10
394.40000000000000000000   11
394.50000000000000000000   8
394.60000000000000000000   12
394.70000000000000000000   10
394.80000000000000000000   10
394.90000000000000000000   11
395.00000000000000000000   12
395.10000000000000000000   11
395.20000000000000000000   9
395.30000000000000000000   10
395.40000000000000000000   11
395.50000000000000000000   11
395.60000000000000000000   11
395.70000000000000000000   12
395.80000000000000000000   12
395.90000000000000000000   12
396.00000000000000000000   11
396.10000000000000000000   12
396.20000000000000000000   12
396.30000000000000000000   12
396.40000000000000000000   11
396.50000000000000000000   9
396.60000000000000000000   8
396.70000000000000000000   12
396.80000000000000000000   12
396.90000000000000000000   11
397.00000000000000000000   12
397.10000000000000000000   12
397.20000000000000000000   11
397.30000000000000000000   12
397.40000000000000000000   12
397.50000000000000000000   11
397.60000000000000000000   10
397.70000000000000000000   10
397.80000000000000000000   11
397.90000000000000000000   10
398.00000000000000000000   8
398.10000000000000000000   8
398.20000000000000000000   7
398.30000000000000000000   6
398.40000000000000000000   7
398.50000000000000000000   7
398.60000000000000000000   7
398.70000000000000000000   9
398.80000000000000000000   6
398.90000000000000000000   6
399.00000000000000000000   6
399.10000000000000000000   6
399.20000000000000000000   6
399.30000000000000000000   6
399.40000000000000000000   6
399.50000000000000000000   6
399.60000000000000000000   6
399.70000000000000000000   6
