200.00000000000000000000   8
200.10000000000000000000   10
200.20000000000000000000   9
200.30000000000000000000   9
200.40000000000000000000   9
200.50000000000000000000   6
200.60000000000000000000   11
200.70000000000000000000   7
200.80000000000000000000   5
200.90000000000000000000   5
201.00000000000000000000   3
201.10000000000000000000   6
201.20000000000000000000   5
201.30000000000000000000   9
201.40000000000000000000   8
201.50000000000000000000   13
201.60000000000000000000   11
201.70000000000000000000   12
201.80000000000000000000   11
201.90000000000000000000   13
202.00000000000000000000   18
202.10000000000000000000   16
202.20000000000000000000   15
202.30000000000000000000   12
202.40000000000000000000   8
202.50000000000000000000   10
202.60000000000000000000   14
202.70000000000000000000   12
202.80000000000000000000   14
202.90000000000000000000   8
203.00000000000000000000   12
203.10000000000000000000   16
203.20000000000000000000   13
203.30000000000000000000   18
203.40000000000000000000   13
203.50000000000000000000   12
203.60000000000000000000   14
203.70000000000000000000   13
203.80000000000000000000   11
203.90000000000000000000   14
204.00000000000000000000   13
204.10000000000000000000   14
204.20000000000000000000   13
204.30000000000000000000   10
204.40000000000000000000   11
204.50000000000000000000   8
204.60000000000000000000   8
204.70000000000000000000   8
204.80000000000000000000   8
204.90000000000000000000   9
205.00000000000000000000   11
205.10000000000000000000   11
205.20000000000000000000   7
205.30000000000000000000   9
205.40000000000000000000   11
205.50000000000000000000   10
205.60000000000000000000   12
205.70000000000000000000   11
205.80000000000000000000   12
205.90000000000000000000   7
206.00000000000000000000   8
206.10000000000000000000   6
206.20000000000000000000   10
206.30000000000000000000   11
206.40000000000000000000   10
206.50000000000000000000   8
206.60000000000000000000   10
206.70000000000000000000   8
206.80000000000000000000   14
206.90000000000000000000   11
207.00000000000000000000   4
207.10000000000000000000   13
207.20000000000000000000   12
207.30000000000000000000   10
207.40000000000000000000   11
207.50000000000000000000   10
207.60000000000000000000   14
207.70000000000000000000   9
207.80000000000000000000   9
207.90000000000000000000   10
208.00000000000000000000   9
208.10000000000000000000   9
208.20000000000000000000   11
208.30000000000000000000   14
208.40000000000000000000   12
208.50000000000000000000   12
208.60000000000000000000   9
208.70000000000000000000   11
208.80000000000000000000   14
208.90000000000000000000   12
209.00000000000000000000   12
209.10000000000000000000   14
209.20000000000000000000   15
209.30000000000000000000   13
209.40000000000000000000   12
209.50000000000000000000   14
209.60000000000000000000   17
209.70000000000000000000   17
209.80000000000000000000   18
209.90000000000000000000   21
210.00000000000000000000   16
210.10000000000000000000   20
210.20000000000000000000   20
210.30000000000000000000   18
210.40000000000000000000   16
210.50000000000000000000   18
210.60000000000000000000   15
210.70000000000000000000   15
210.80000000000000000000   13
210.90000000000000000000   11
211.00000000000000000000   13
211.10000000000000000000   12
211.20000000000000000000   12
211.30000000000000000000   12
211.40000000000000000000   12
211.50000000000000000000   14
211.60000000000000000000   16
211.70000000000000000000   18
211.80000000000000000000   16
211.90000000000000000000   19
212.00000000000000000000   18
212.10000000000000000000   12
212.20000000000000000000   16
212.30000000000000000000   13
212.40000000000000000000   12
212.50000000000000000000   14
212.60000000000000000000   15
212.70000000000000000000   13
212.80000000000000000000   14
212.90000000000000000000   12
213.00000000000000000000   14
213.10000000000000000000   11
213.20000000000000000000   9
213.30000000000000000000   10
213.40000000000000000000   15
213.50000000000000000000   15
213.60000000000000000000   17
213.70000000000000000000   15
213.80000000000000000000   11
213.90000000000000000000   10
214.00000000000000000000   11
214.10000000000000000000   14
214.20000000000000000000   13
214.30000000000000000000   13
214.40000000000000000000   12
214.50000000000000000000   12
214.60000000000000000000   17
214.70000000000000000000   16
214.80000000000000000000   20
214.90000000000000000000   15
215.00000000000000000000   14
215.10000000000000000000   14
215.20000000000000000000   11
215.30000000000000000000   12
215.40000000000000000000   13
215.50000000000000000000   11
215.60000000000000000000   12
215.70000000000000000000   15
215.80000000000000000000   17
215.90000000000000000000   16
216.00000000000000000000   11
216.10000000000000000000   15
216.20000000000000000000   18
216.30000000000000000000   16
216.40000000000000000000   17
216.50000000000000000000   14
216.60000000000000000000   16
216.70000000000000000000   16
216.80000000000000000000   11
216.90000000000000000000   14
217.00000000000000000000   12
217.10000000000000000000   13
217.20000000000000000000   18
217.30000000000000000000   15
217.40000000000000000000   12
217.50000000000000000000   15
217.60000000000000000000   15
217.70000000000000000000   9
217.80000000000000000000   15
217.90000000000000000000   11
218.00000000000000000000   15
218.10000000000000000000   12
218.20000000000000000000   13
218.30000000000000000000   17
218.40000000000000000000   21
218.50000000000000000000   15
218.60000000000000000000   20
218.70000000000000000000   21
218.80000000000000000000   19
218.90000000000000000000   16
219.00000000000000000000   21
219.10000000000000000000   15
219.20000000000000000000   14
219.30000000000000000000   17
219.40000000000000000000   15
219.50000000000000000000   14
219.60000000000000000000   19
219.70000000000000000000   16
219.80000000000000000000   14
219.90000000000000000000   11
220.00000000000000000000   12
220.10000000000000000000   13
220.20000000000000000000   15
220.30000000000000000000   15
220.40000000000000000000   13
220.50000000000000000000   14
220.60000000000000000000   15
220.70000000000000000000   12
220.80000000000000000000   13
220.90000000000000000000   12
221.00000000000000000000   10
221.10000000000000000000   14
221.20000000000000000000   13
221.30000000000000000000   16
221.40000000000000000000   14
221.50000000000000000000   16
221.60000000000000000000   12
221.70000000000000000000   14
221.80000000000000000000   12
221.90000000000000000000   15
222.00000000000000000000   11
222.10000000000000000000   13
222.20000000000000000000   13
222.30000000000000000000   14
222.40000000000000000000   12
222.50000000000000000000   16
222.60000000000000000000   14
222.70000000000000000000   9
222.80000000000000000000   11
222.90000000000000000000   14
223.00000000000000000000   12
223.10000000000000000000   9
223.20000000000000000000   15
223.30000000000000000000   13
223.40000000000000000000   12
223.50000000000000000000   8
223.60000000000000000000   8
223.70000000000000000000   13
223.80000000000000000000   14
223.90000000000000000000   16
224.00000000000000000000   17
224.10000000000000000000   19
224.20000000000000000000   19
224.30000000000000000000   17
224.40000000000000000000   22
224.50000000000000000000   22
224.60000000000000000000   24
224.70000000000000000000   22
224.80000000000000000000   21
224.90000000000000000000   18
225.00000000000000000000   17
225.10000000000000000000   16
225.20000000000000000000   14
225.30000000000000000000   15
225.40000000000000000000   15
225.50000000000000000000   15
225.60000000000000000000   13
225.70000000000000000000   12
225.80000000000000000000   14
225.90000000000000000000   13
226.00000000000000000000   17
226.10000000000000000000   15
226.20000000000000000000   13
226.30000000000000000000   15
226.40000000000000000000   14
226.50000000000000000000   15
226.60000000000000000000   14
226.70000000000000000000   13
226.80000000000000000000   15
226.90000000000000000000   12
227.00000000000000000000   15
227.10000000000000000000   15
227.20000000000000000000   13
227.30000000000000000000   14
227.40000000000000000000   16
227.50000000000000000000   12
227.60000000000000000000   11
227.70000000000000000000   15
227.80000000000000000000   18
227.90000000000000000000   17
228.00000000000000000000   18
228.10000000000000000000   18
228.20000000000000000000   16
228.30000000000000000000   17
228.40000000000000000000   15
228.50000000000000000000   14
228.60000000000000000000   17
228.70000000000000000000   16
228.80000000000000000000   19
228.90000000000000000000   19
229.00000000000000000000   19
229.10000000000000000000   20
229.20000000000000000000   19
229.30000000000000000000   17
229.40000000000000000000   18
229.50000000000000000000   20
229.60000000000000000000   19
229.70000000000000000000   22
229.80000000000000000000   13
229.90000000000000000000   13
230.00000000000000000000   18
230.10000000000000000000   19
230.20000000000000000000   21
230.30000000000000000000   19
230.40000000000000000000   21
230.50000000000000000000   17
230.60000000000000000000   16
230.70000000000000000000   17
230.80000000000000000000   15
230.90000000000000000000   15
231.00000000000000000000   16
231.10000000000000000000   16
231.20000000000000000000   15
231.30000000000000000000   18
231.40000000000000000000   17
231.50000000000000000000   15
231.60000000000000000000   19
231.70000000000000000000   18
231.80000000000000000000   16
231.90000000000000000000   16
232.00000000000000000000   16
232.10000000000000000000   18
232.20000000000000000000   18
232.30000000000000000000   16
232.40000000000000000000   18
232.50000000000000000000   18
232.60000000000000000000   16
232.70000000000000000000   15
232.80000000000000000000   14
232.90000000000000000000   15
233.00000000000000000000   18
233.10000000000000000000   21
233.20000000000000000000   17
233.30000000000000000000   17
233.40000000000000000000   14
233.50000000000000000000   15
233.60000000000000000000   16
233.70000000000000000000   20
233.80000000000000000000   15
233.90000000000000000000   17
234.00000000000000000000   17
234.10000000000000000000   13
234.20000000000000000000   15
234.30000000000000000000   14
234.40000000000000000000   16
234.50000000000000000000   15
234.60000000000000000000   12
234.70000000000000000000   19
234.80000000000000000000   18
234.90000000000000000000   17
235.00000000000000000000   18
235.10000000000000000000   10
235.20000000000000000000   14
235.30000000000000000000   14
235.40000000000000000000   11
235.50000000000000000000   12
235.60000000000000000000   9
235.70000000000000000000   14
235.80000000000000000000   11
235.90000000000000000000   9
236.00000000000000000000   5
236.10000000000000000000   11
236.20000000000000000000   6
236.30000000000000000000   4
236.40000000000000000000   8
236.50000000000000000000   8
236.60000000000000000000   7
236.70000000000000000000   8
236.80000000000000000000   9
236.90000000000000000000   11
237.00000000000000000000   7
237.10000000000000000000   8
237.20000000000000000000   6
237.30000000000000000000   11
237.40000000000000000000   14
237.50000000000000000000   14
237.60000000000000000000   14
237.70000000000000000000   9
237.80000000000000000000   9
237.90000000000000000000   6
238.00000000000000000000   6
238.10000000000000000000   2
238.20000000000000000000   3
238.30000000000000000000   4
238.40000000000000000000   2
238.50000000000000000000   5
238.60000000000000000000   4
238.70000000000000000000   4
238.80000000000000000000   7
238.90000000000000000000   7
239.00000000000000000000   6
239.10000000000000000000   4
239.20000000000000000000   7
239.30000000000000000000   4
239.40000000000000000000   6
239.50000000000000000000   8
239.60000000000000000000   7
239.70000000000000000000   8
239.80000000000000000000   6
239.90000000000000000000   9
240.00000000000000000000   12
240.10000000000000000000   9
240.20000000000000000000   7
240.30000000000000000000   8
240.40000000000000000000   9
240.50000000000000000000   8
240.60000000000000000000   10
240.70000000000000000000   14
240.80000000000000000000   9
240.90000000000000000000   9
241.00000000000000000000   6
241.10000000000000000000   10
241.20000000000000000000   9
241.30000000000000000000   6
241.40000000000000000000   8
241.50000000000000000000   8
241.60000000000000000000   5
241.70000000000000000000   9
241.80000000000000000000   11
241.90000000000000000000   5
242.00000000000000000000   8
242.10000000000000000000   10
242.20000000000000000000   10
242.30000000000000000000   11
242.40000000000000000000   9
242.50000000000000000000   10
242.60000000000000000000   7
242.70000000000000000000   7
242.80000000000000000000   5
242.90000000000000000000   8
243.00000000000000000000   7
243.10000000000000000000   3
243.20000000000000000000   10
243.30000000000000000000   7
243.40000000000000000000   8
243.50000000000000000000   8
243.60000000000000000000   10
243.70000000000000000000   10
243.80000000000000000000   11
243.90000000000000000000   12
244.00000000000000000000   12
244.10000000000000000000   13
244.20000000000000000000   14
244.30000000000000000000   13
244.40000000000000000000   16
244.50000000000000000000   14
244.60000000000000000000   12
244.70000000000000000000   16
244.80000000000000000000   12
244.90000000000000000000   14
245.00000000000000000000   15
245.10000000000000000000   14
245.20000000000000000000   17
245.30000000000000000000   16
245.40000000000000000000   13
245.50000000000000000000   10
245.60000000000000000000   18
245.70000000000000000000   14
245.80000000000000000000   11
245.90000000000000000000   15
246.00000000000000000000   12
246.10000000000000000000   10
246.20000000000000000000   19
246.30000000000000000000   7
246.40000000000000000000   14
246.50000000000000000000   8
246.60000000000000000000   10
246.70000000000000000000   11
246.80000000000000000000   14
246.90000000000000000000   18
247.00000000000000000000   15
247.10000000000000000000   17
247.20000000000000000000   13
247.30000000000000000000   16
247.40000000000000000000   12
247.50000000000000000000   16
247.60000000000000000000   14
247.70000000000000000000   18
247.80000000000000000000   16
247.90000000000000000000   17
248.00000000000000000000   16
248.10000000000000000000   13
248.20000000000000000000   16
248.30000000000000000000   10
248.40000000000000000000   10
248.50000000000000000000   12
248.60000000000000000000   9
248.70000000000000000000   6
248.80000000000000000000   11
248.90000000000000000000   6
249.00000000000000000000   9
249.10000000000000000000   12
249.20000000000000000000   9
249.30000000000000000000   5
249.40000000000000000000   11
249.50000000000000000000   9
249.60000000000000000000   11
249.70000000000000000000   10
249.80000000000000000000   11
249.90000000000000000000   13
250.00000000000000000000   16
250.10000000000000000000   13
250.20000000000000000000   14
250.30000000000000000000   9
250.40000000000000000000   11
250.50000000000000000000   10
250.60000000000000000000   11
250.70000000000000000000   8
250.80000000000000000000   8
250.90000000000000000000   9
251.00000000000000000000   15
251.10000000000000000000   13
251.20000000000000000000   12
251.30000000000000000000   16
251.40000000000000000000   15
251.50000000000000000000   11
251.60000000000000000000   10
251.70000000000000000000   15
251.80000000000000000000   11
251.90000000000000000000   15
252.00000000000000000000   11
252.10000000000000000000   14
252.20000000000000000000   14
252.30000000000000000000   14
252.40000000000000000000   13
252.50000000000000000000   15
252.60000000000000000000   9
252.70000000000000000000   12
252.80000000000000000000   12
252.90000000000000000000   13
253.00000000000000000000   11
253.10000000000000000000   10
253.20000000000000000000   10
253.30000000000000000000   8
253.40000000000000000000   9
253.50000000000000000000   8
253.60000000000000000000   15
253.70000000000000000000   12
253.80000000000000000000   13
253.90000000000000000000   9
254.00000000000000000000   6
254.10000000000000000000   8
254.20000000000000000000   12
254.30000000000000000000   8
254.40000000000000000000   8
254.50000000000000000000   10
254.60000000000000000000   10
254.70000000000000000000   14
254.80000000000000000000   15
254.90000000000000000000   9
255.00000000000000000000   14
255.10000000000000000000   13
255.20000000000000000000   8
255.30000000000000000000   10
255.40000000000000000000   9
255.50000000000000000000   14
255.60000000000000000000   14
255.70000000000000000000   12
255.80000000000000000000   10
255.90000000000000000000   16
256.00000000000000000000   13
256.10000000000000000000   13
256.20000000000000000000   10
256.30000000000000000000   11
256.40000000000000000000   12
256.50000000000000000000   11
256.60000000000000000000   9
256.70000000000000000000   4
256.80000000000000000000   4
256.90000000000000000000   2
257.00000000000000000000   3
257.10000000000000000000   8
257.20000000000000000000   8
257.30000000000000000000   5
257.40000000000000000000   10
257.50000000000000000000   9
257.60000000000000000000   8
257.70000000000000000000   10
257.80000000000000000000   6
257.90000000000000000000   9
258.00000000000000000000   5
258.10000000000000000000   3
258.20000000000000000000   4
258.30000000000000000000   3
258.40000000000000000000   8
258.50000000000000000000   7
258.60000000000000000000   6
258.70000000000000000000   7
258.80000000000000000000   6
258.90000000000000000000   7
259.00000000000000000000   11
259.10000000000000000000   8
259.20000000000000000000   15
259.30000000000000000000   9
259.40000000000000000000   3
259.50000000000000000000   8
259.60000000000000000000   7
259.70000000000000000000   13
259.80000000000000000000   14
259.90000000000000000000   15
260.00000000000000000000   15
260.10000000000000000000   14
260.20000000000000000000   15
260.30000000000000000000   11
260.40000000000000000000   12
260.50000000000000000000   17
260.60000000000000000000   15
260.70000000000000000000   14
260.80000000000000000000   17
260.90000000000000000000   14
261.00000000000000000000   19
261.10000000000000000000   21
261.20000000000000000000   19
261.30000000000000000000   19
261.40000000000000000000   21
261.50000000000000000000   22
261.60000000000000000000   18
261.70000000000000000000   16
261.80000000000000000000   24
261.90000000000000000000   23
262.00000000000000000000   23
262.10000000000000000000   22
262.20000000000000000000   18
262.30000000000000000000   18
262.40000000000000000000   20
262.50000000000000000000   25
262.60000000000000000000   21
262.70000000000000000000   14
262.80000000000000000000   20
262.90000000000000000000   17
263.00000000000000000000   12
263.10000000000000000000   14
263.20000000000000000000   15
263.30000000000000000000   15
263.40000000000000000000   13
263.50000000000000000000   15
263.60000000000000000000   15
263.70000000000000000000   11
263.80000000000000000000   14
263.90000000000000000000   13
264.00000000000000000000   12
264.10000000000000000000   10
264.20000000000000000000   13
264.30000000000000000000   12
264.40000000000000000000   11
264.50000000000000000000   19
264.60000000000000000000   20
264.70000000000000000000   16
264.80000000000000000000   15
264.90000000000000000000   14
265.00000000000000000000   16
265.10000000000000000000   17
265.20000000000000000000   16
265.30000000000000000000   17
265.40000000000000000000   13
265.50000000000000000000   14
265.60000000000000000000   17
265.70000000000000000000   18
265.80000000000000000000   21
265.90000000000000000000   23
266.00000000000000000000   20
266.10000000000000000000   17
266.20000000000000000000   20
266.30000000000000000000   12
266.40000000000000000000   13
266.50000000000000000000   12
266.60000000000000000000   13
266.70000000000000000000   17
266.80000000000000000000   16
266.90000000000000000000   19
267.00000000000000000000   18
267.10000000000000000000   17
267.20000000000000000000   11
267.30000000000000000000   18
267.40000000000000000000   15
267.50000000000000000000   15
267.60000000000000000000   20
267.70000000000000000000   19
267.80000000000000000000   14
267.90000000000000000000   15
268.00000000000000000000   11
268.10000000000000000000   14
268.20000000000000000000   13
268.30000000000000000000   14
268.40000000000000000000   8
268.50000000000000000000   12
268.60000000000000000000   13
268.70000000000000000000   11
268.80000000000000000000   12
268.90000000000000000000   16
269.00000000000000000000   12
269.10000000000000000000   13
269.20000000000000000000   10
269.30000000000000000000   9
269.40000000000000000000   10
269.50000000000000000000   9
269.60000000000000000000   10
269.70000000000000000000   12
269.80000000000000000000   10
269.90000000000000000000   14
270.00000000000000000000   14
270.10000000000000000000   13
270.20000000000000000000   14
270.30000000000000000000   14
270.40000000000000000000   12
270.50000000000000000000   16
270.60000000000000000000   16
270.70000000000000000000   18
270.80000000000000000000   15
270.90000000000000000000   17
271.00000000000000000000   15
271.10000000000000000000   20
271.20000000000000000000   14
271.30000000000000000000   16
271.40000000000000000000   11
271.50000000000000000000   14
271.60000000000000000000   14
271.70000000000000000000   13
271.80000000000000000000   12
271.90000000000000000000   11
272.00000000000000000000   14
272.10000000000000000000   16
272.20000000000000000000   16
272.30000000000000000000   14
272.40000000000000000000   12
272.50000000000000000000   10
272.60000000000000000000   14
272.70000000000000000000   19
272.80000000000000000000   15
272.90000000000000000000   18
273.00000000000000000000   19
273.10000000000000000000   20
273.20000000000000000000   21
273.30000000000000000000   17
273.40000000000000000000   19
273.50000000000000000000   19
273.60000000000000000000   18
273.70000000000000000000   16
273.80000000000000000000   15
273.90000000000000000000   15
274.00000000000000000000   15
274.10000000000000000000   17
274.20000000000000000000   16
274.30000000000000000000   14
274.40000000000000000000   19
274.50000000000000000000   19
274.60000000000000000000   19
274.70000000000000000000   18
274.80000000000000000000   19
274.90000000000000000000   16
275.00000000000000000000   16
275.10000000000000000000   17
275.20000000000000000000   17
275.30000000000000000000   15
275.40000000000000000000   18
275.50000000000000000000   19
275.60000000000000000000   18
275.70000000000000000000   22
275.80000000000000000000   20
275.90000000000000000000   19
276.00000000000000000000   19
276.10000000000000000000   18
276.20000000000000000000   20
276.30000000000000000000   20
276.40000000000000000000   19
276.50000000000000000000   21
276.60000000000000000000   19
276.70000000000000000000   21
276.80000000000000000000   19
276.90000000000000000000   20
277.00000000000000000000   21
277.10000000000000000000   22
277.20000000000000000000   22
277.30000000000000000000   23
277.40000000000000000000   24
277.50000000000000000000   17
277.60000000000000000000   24
277.70000000000000000000   17
277.80000000000000000000   18
277.90000000000000000000   18
278.00000000000000000000   19
278.10000000000000000000   18
278.20000000000000000000   18
278.30000000000000000000   16
278.40000000000000000000   18
278.50000000000000000000   14
278.60000000000000000000   19
278.70000000000000000000   18
278.80000000000000000000   15
278.90000000000000000000   19
279.00000000000000000000   18
279.10000000000000000000   16
279.20000000000000000000   21
279.30000000000000000000   20
279.40000000000000000000   19
279.50000000000000000000   17
279.60000000000000000000   16
279.70000000000000000000   15
279.80000000000000000000   16
279.90000000000000000000   17
280.00000000000000000000   14
280.10000000000000000000   11
280.20000000000000000000   10
280.30000000000000000000   15
280.40000000000000000000   19
280.50000000000000000000   15
280.60000000000000000000   13
280.70000000000000000000   14
280.80000000000000000000   16
280.90000000000000000000   13
281.00000000000000000000   11
281.10000000000000000000   9
281.20000000000000000000   11
281.30000000000000000000   14
281.40000000000000000000   13
281.50000000000000000000   15
281.60000000000000000000   14
281.70000000000000000000   13
281.80000000000000000000   14
281.90000000000000000000   13
282.00000000000000000000   15
282.10000000000000000000   18
282.20000000000000000000   17
282.30000000000000000000   15
282.40000000000000000000   18
282.50000000000000000000   16
282.60000000000000000000   15
282.70000000000000000000   14
282.80000000000000000000   13
282.90000000000000000000   15
283.00000000000000000000   15
283.10000000000000000000   9
283.20000000000000000000   14
283.30000000000000000000   9
283.40000000000000000000   13
283.50000000000000000000   20
283.60000000000000000000   10
283.70000000000000000000   11
283.80000000000000000000   12
283.90000000000000000000   15
284.00000000000000000000   16
284.10000000000000000000   15
284.20000000000000000000   14
284.30000000000000000000   11
284.40000000000000000000   12
284.50000000000000000000   13
284.60000000000000000000   13
284.70000000000000000000   14
284.80000000000000000000   15
284.90000000000000000000   17
285.00000000000000000000   15
285.10000000000000000000   16
285.20000000000000000000   14
285.30000000000000000000   11
285.40000000000000000000   12
285.50000000000000000000   15
285.60000000000000000000   16
285.70000000000000000000   12
285.80000000000000000000   13
285.90000000000000000000   12
286.00000000000000000000   12
286.10000000000000000000   7
286.20000000000000000000   11
286.30000000000000000000   9
286.40000000000000000000   11
286.50000000000000000000   11
286.60000000000000000000   16
286.70000000000000000000   16
286.80000000000000000000   12
286.90000000000000000000   14
287.00000000000000000000   10
287.10000000000000000000   12
287.20000000000000000000   17
287.30000000000000000000   12
287.40000000000000000000   10
287.50000000000000000000   8
287.60000000000000000000   6
287.70000000000000000000   7
287.80000000000000000000   7
287.90000000000000000000   5
288.00000000000000000000   5
288.10000000000000000000   9
288.20000000000000000000   9
288.30000000000000000000   9
288.40000000000000000000   8
288.50000000000000000000   11
288.60000000000000000000   9
288.70000000000000000000   12
288.80000000000000000000   8
288.90000000000000000000   13
289.00000000000000000000   8
289.10000000000000000000   10
289.20000000000000000000   15
289.30000000000000000000   13
289.40000000000000000000   14
289.50000000000000000000   12
289.60000000000000000000   6
289.70000000000000000000   14
289.80000000000000000000   11
289.90000000000000000000   9
290.00000000000000000000   9
290.10000000000000000000   10
290.20000000000000000000   10
290.30000000000000000000   14
290.40000000000000000000   14
290.50000000000000000000   15
290.60000000000000000000   17
290.70000000000000000000   16
290.80000000000000000000   16
290.90000000000000000000   17
291.00000000000000000000   16
291.10000000000000000000   20
291.20000000000000000000   18
291.30000000000000000000   14
291.40000000000000000000   14
291.50000000000000000000   14
291.60000000000000000000   14
291.70000000000000000000   15
291.80000000000000000000   16
291.90000000000000000000   13
292.00000000000000000000   16
292.10000000000000000000   18
292.20000000000000000000   23
292.30000000000000000000   19
292.40000000000000000000   18
292.50000000000000000000   22
292.60000000000000000000   20
292.70000000000000000000   19
292.80000000000000000000   20
292.90000000000000000000   19
293.00000000000000000000   16
293.10000000000000000000   13
293.20000000000000000000   13
293.30000000000000000000   11
293.40000000000000000000   13
293.50000000000000000000   14
293.60000000000000000000   16
293.70000000000000000000   18
293.80000000000000000000   18
293.90000000000000000000   20
294.00000000000000000000   13
294.10000000000000000000   14
294.20000000000000000000   17
294.30000000000000000000   16
294.40000000000000000000   19
294.50000000000000000000   24
294.60000000000000000000   19
294.70000000000000000000   17
294.80000000000000000000   21
294.90000000000000000000   20
295.00000000000000000000   23
295.10000000000000000000   18
295.20000000000000000000   22
295.30000000000000000000   18
295.40000000000000000000   20
295.50000000000000000000   13
295.60000000000000000000   15
295.70000000000000000000   12
295.80000000000000000000   15
295.90000000000000000000   12
296.00000000000000000000   12
296.10000000000000000000   15
296.20000000000000000000   17
296.30000000000000000000   16
296.40000000000000000000   14
296.50000000000000000000   17
296.60000000000000000000   15
296.70000000000000000000   15
296.80000000000000000000   13
296.90000000000000000000   19
297.00000000000000000000   14
297.10000000000000000000   22
297.20000000000000000000   17
297.30000000000000000000   14
297.40000000000000000000   17
297.50000000000000000000   16
297.60000000000000000000   19
297.70000000000000000000   20
297.80000000000000000000   16
297.90000000000000000000   19
298.00000000000000000000   18
298.10000000000000000000   21
298.20000000000000000000   14
298.30000000000000000000   19
298.40000000000000000000   17
298.50000000000000000000   16
298.60000000000000000000   20
298.70000000000000000000   20
298.80000000000000000000   17
298.90000000000000000000   18
299.00000000000000000000   19
299.10000000000000000000   24
299.20000000000000000000   16
299.30000000000000000000   17
299.40000000000000000000   22
299.50000000000000000000   22
299.60000000000000000000   24
299.70000000000000000000   22
299.80000000000000000000   16
299.90000000000000000000   21
300.00000000000000000000   16
300.10000000000000000000   15
300.20000000000000000000   15
300.30000000000000000000   19
300.40000000000000000000   17
300.50000000000000000000   17
300.60000000000000000000   16
300.70000000000000000000   23
300.80000000000000000000   23
300.90000000000000000000   18
301.00000000000000000000   19
301.10000000000000000000   18
301.20000000000000000000   16
301.30000000000000000000   18
301.40000000000000000000   16
301.50000000000000000000   17
301.60000000000000000000   16
301.70000000000000000000   16
301.80000000000000000000   20
301.90000000000000000000   19
302.00000000000000000000   21
302.10000000000000000000   21
302.20000000000000000000   24
302.30000000000000000000   24
302.40000000000000000000   20
302.50000000000000000000   21
302.60000000000000000000   25
302.70000000000000000000   20
302.80000000000000000000   18
302.90000000000000000000   24
303.00000000000000000000   19
303.10000000000000000000   23
303.20000000000000000000   22
303.30000000000000000000   23
303.40000000000000000000   19
303.50000000000000000000   22
303.60000000000000000000   19
303.70000000000000000000   16
303.80000000000000000000   20
303.90000000000000000000   14
304.00000000000000000000   16
304.10000000000000000000   16
304.20000000000000000000   17
304.30000000000000000000   18
304.40000000000000000000   13
304.50000000000000000000   12
304.60000000000000000000   12
304.70000000000000000000   13
304.80000000000000000000   12
304.90000000000000000000   10
305.00000000000000000000   13
305.10000000000000000000   15
305.20000000000000000000   13
305.30000000000000000000   12
305.40000000000000000000   15
305.50000000000000000000   15
305.60000000000000000000   9
305.70000000000000000000   13
305.80000000000000000000   17
305.90000000000000000000   15
306.00000000000000000000   13
306.10000000000000000000   18
306.20000000000000000000   15
306.30000000000000000000   18
306.40000000000000000000   16
306.50000000000000000000   21
306.60000000000000000000   19
306.70000000000000000000   13
306.80000000000000000000   13
306.90000000000000000000   18
307.00000000000000000000   17
307.10000000000000000000   17
307.20000000000000000000   18
307.30000000000000000000   14
307.40000000000000000000   12
307.50000000000000000000   17
307.60000000000000000000   16
307.70000000000000000000   21
307.80000000000000000000   19
307.90000000000000000000   19
308.00000000000000000000   14
308.10000000000000000000   14
308.20000000000000000000   17
308.30000000000000000000   16
308.40000000000000000000   15
308.50000000000000000000   14
308.60000000000000000000   16
308.70000000000000000000   13
308.80000000000000000000   12
308.90000000000000000000   15
309.00000000000000000000   17
309.10000000000000000000   16
309.20000000000000000000   20
309.30000000000000000000   19
309.40000000000000000000   17
309.50000000000000000000   15
309.60000000000000000000   20
309.70000000000000000000   18
309.80000000000000000000   23
309.90000000000000000000   20
310.00000000000000000000   17
310.10000000000000000000   15
310.20000000000000000000   18
310.30000000000000000000   20
310.40000000000000000000   15
310.50000000000000000000   18
310.60000000000000000000   22
310.70000000000000000000   26
310.80000000000000000000   19
310.90000000000000000000   18
311.00000000000000000000   25
311.10000000000000000000   25
311.20000000000000000000   22
311.30000000000000000000   24
311.40000000000000000000   25
311.50000000000000000000   22
311.60000000000000000000   27
311.70000000000000000000   27
311.80000000000000000000   26
311.90000000000000000000   25
312.00000000000000000000   26
312.10000000000000000000   24
312.20000000000000000000   16
312.30000000000000000000   16
312.40000000000000000000   18
312.50000000000000000000   15
312.60000000000000000000   18
312.70000000000000000000   16
312.80000000000000000000   16
312.90000000000000000000   13
313.00000000000000000000   13
313.10000000000000000000   14
313.20000000000000000000   20
313.30000000000000000000   18
313.40000000000000000000   20
313.50000000000000000000   21
313.60000000000000000000   18
313.70000000000000000000   15
313.80000000000000000000   18
313.90000000000000000000   13
314.00000000000000000000   18
314.10000000000000000000   19
314.20000000000000000000   14
314.30000000000000000000   19
314.40000000000000000000   14
314.50000000000000000000   17
314.60000000000000000000   13
314.70000000000000000000   14
314.80000000000000000000   13
314.90000000000000000000   16
315.00000000000000000000   15
315.10000000000000000000   13
315.20000000000000000000   11
315.30000000000000000000   11
315.40000000000000000000   12
315.50000000000000000000   15
315.60000000000000000000   13
315.70000000000000000000   14
315.80000000000000000000   17
315.90000000000000000000   13
316.00000000000000000000   18
316.10000000000000000000   17
316.20000000000000000000   16
316.30000000000000000000   12
316.40000000000000000000   13
316.50000000000000000000   16
316.60000000000000000000   13
316.70000000000000000000   18
316.80000000000000000000   15
316.90000000000000000000   12
317.00000000000000000000   14
317.10000000000000000000   10
317.20000000000000000000   12
317.30000000000000000000   13
317.40000000000000000000   13
317.50000000000000000000   11
317.60000000000000000000   9
317.70000000000000000000   15
317.80000000000000000000   14
317.90000000000000000000   11
318.00000000000000000000   12
318.10000000000000000000   11
318.20000000000000000000   8
318.30000000000000000000   13
318.40000000000000000000   13
318.50000000000000000000   16
318.60000000000000000000   16
318.70000000000000000000   14
318.80000000000000000000   13
318.90000000000000000000   17
319.00000000000000000000   24
319.10000000000000000000   26
319.20000000000000000000   26
319.30000000000000000000   20
319.40000000000000000000   23
319.50000000000000000000   19
319.60000000000000000000   23
319.70000000000000000000   19
319.80000000000000000000   21
319.90000000000000000000   22
320.00000000000000000000   19
320.10000000000000000000   23
320.20000000000000000000   22
320.30000000000000000000   18
320.40000000000000000000   18
320.50000000000000000000   23
320.60000000000000000000   18
320.70000000000000000000   20
320.80000000000000000000   24
320.90000000000000000000   20
321.00000000000000000000   24
321.10000000000000000000   23
321.20000000000000000000   18
321.30000000000000000000   19
321.40000000000000000000   16
321.50000000000000000000   21
321.60000000000000000000   16
321.70000000000000000000   22
321.80000000000000000000   18
321.90000000000000000000   22
322.00000000000000000000   10
322.10000000000000000000   15
322.20000000000000000000   18
322.30000000000000000000   16
322.40000000000000000000   15
322.50000000000000000000   14
322.60000000000000000000   18
322.70000000000000000000   21
322.80000000000000000000   17
322.90000000000000000000   17
323.00000000000000000000   18
323.10000000000000000000   14
323.20000000000000000000   15
323.30000000000000000000   14
323.40000000000000000000   13
323.50000000000000000000   11
323.60000000000000000000   13
323.70000000000000000000   21
323.80000000000000000000   13
323.90000000000000000000   18
324.00000000000000000000   15
324.10000000000000000000   9
324.20000000000000000000   16
324.30000000000000000000   14
324.40000000000000000000   11
324.50000000000000000000   6
324.60000000000000000000   15
324.70000000000000000000   11
324.80000000000000000000   16
324.90000000000000000000   14
325.00000000000000000000   14
325.10000000000000000000   13
325.20000000000000000000   15
325.30000000000000000000   13
325.40000000000000000000   16
325.50000000000000000000   17
325.60000000000000000000   15
325.70000000000000000000   17
325.80000000000000000000   17
325.90000000000000000000   13
326.00000000000000000000   13
326.10000000000000000000   14
326.20000000000000000000   13
326.30000000000000000000   16
326.40000000000000000000   13
326.50000000000000000000   15
326.60000000000000000000   9
326.70000000000000000000   18
326.80000000000000000000   13
326.90000000000000000000   15
327.00000000000000000000   15
327.10000000000000000000   15
327.20000000000000000000   17
327.30000000000000000000   13
327.40000000000000000000   12
327.50000000000000000000   13
327.60000000000000000000   14
327.70000000000000000000   13
327.80000000000000000000   17
327.90000000000000000000   13
328.00000000000000000000   13
328.10000000000000000000   12
328.20000000000000000000   15
328.30000000000000000000   16
328.40000000000000000000   15
328.50000000000000000000   14
328.60000000000000000000   17
328.70000000000000000000   15
328.80000000000000000000   18
328.90000000000000000000   22
329.00000000000000000000   17
329.10000000000000000000   17
329.20000000000000000000   18
329.30000000000000000000   19
329.40000000000000000000   19
329.50000000000000000000   15
329.60000000000000000000   21
329.70000000000000000000   15
329.80000000000000000000   15
329.90000000000000000000   17
330.00000000000000000000   19
330.10000000000000000000   21
330.20000000000000000000   19
330.30000000000000000000   13
330.40000000000000000000   16
330.50000000000000000000   16
330.60000000000000000000   19
330.70000000000000000000   13
330.80000000000000000000   19
330.90000000000000000000   18
331.00000000000000000000   15
331.10000000000000000000   18
331.20000000000000000000   13
331.30000000000000000000   16
331.40000000000000000000   10
331.50000000000000000000   17
331.60000000000000000000   17
331.70000000000000000000   18
331.80000000000000000000   17
331.90000000000000000000   18
332.00000000000000000000   16
332.10000000000000000000   14
332.20000000000000000000   17
332.30000000000000000000   19
332.40000000000000000000   18
332.50000000000000000000   15
332.60000000000000000000   13
332.70000000000000000000   11
332.80000000000000000000   17
332.90000000000000000000   15
333.00000000000000000000   17
333.10000000000000000000   15
333.20000000000000000000   16
333.30000000000000000000   14
333.40000000000000000000   13
333.50000000000000000000   16
333.60000000000000000000   14
333.70000000000000000000   14
333.80000000000000000000   14
333.90000000000000000000   15
334.00000000000000000000   15
334.10000000000000000000   14
334.20000000000000000000   17
334.30000000000000000000   17
334.40000000000000000000   18
334.50000000000000000000   18
334.60000000000000000000   14
334.70000000000000000000   18
334.80000000000000000000   17
334.90000000000000000000   16
335.00000000000000000000   14
335.10000000000000000000   20
335.20000000000000000000   14
335.30000000000000000000   13
335.40000000000000000000   13
335.50000000000000000000   15
335.60000000000000000000   11
335.70000000000000000000   11
335.80000000000000000000   12
335.90000000000000000000   10
336.00000000000000000000   16
336.10000000000000000000   12
336.20000000000000000000   13
336.30000000000000000000   20
336.40000000000000000000   22
336.50000000000000000000   26
336.60000000000000000000   20
336.70000000000000000000   18
336.80000000000000000000   16
336.90000000000000000000   16
337.00000000000000000000   13
337.10000000000000000000   20
337.20000000000000000000   16
337.30000000000000000000   11
337.40000000000000000000   11
337.50000000000000000000   15
337.60000000000000000000   14
337.70000000000000000000   12
337.80000000000000000000   11
337.90000000000000000000   8
338.00000000000000000000   12
338.10000000000000000000   14
338.20000000000000000000   15
338.30000000000000000000   12
338.40000000000000000000   13
338.50000000000000000000   15
338.60000000000000000000   10
338.70000000000000000000   13
338.80000000000000000000   11
338.90000000000000000000   11
339.00000000000000000000   11
339.10000000000000000000   12
339.20000000000000000000   12
339.30000000000000000000   10
339.40000000000000000000   12
339.50000000000000000000   16
339.60000000000000000000   10
339.70000000000000000000   14
339.80000000000000000000   14
339.90000000000000000000   14
340.00000000000000000000   13
340.10000000000000000000   12
340.20000000000000000000   16
340.30000000000000000000   14
340.40000000000000000000   12
340.50000000000000000000   12
340.60000000000000000000   8
340.70000000000000000000   16
340.80000000000000000000   17
340.90000000000000000000   17
341.00000000000000000000   20
341.10000000000000000000   18
341.20000000000000000000   16
341.30000000000000000000   13
341.40000000000000000000   12
341.50000000000000000000   10
341.60000000000000000000   12
341.70000000000000000000   11
341.80000000000000000000   14
341.90000000000000000000   11
342.00000000000000000000   12
342.10000000000000000000   11
342.20000000000000000000   6
342.30000000000000000000   11
342.40000000000000000000   12
342.50000000000000000000   17
342.60000000000000000000   12
342.70000000000000000000   11
342.80000000000000000000   8
342.90000000000000000000   10
343.00000000000000000000   13
343.10000000000000000000   11
343.20000000000000000000   14
343.30000000000000000000   16
343.40000000000000000000   17
343.50000000000000000000   11
343.60000000000000000000   13
343.70000000000000000000   15
343.80000000000000000000   18
343.90000000000000000000   17
344.00000000000000000000   12
344.10000000000000000000   15
344.20000000000000000000   16
344.30000000000000000000   18
344.40000000000000000000   14
344.50000000000000000000   16
344.60000000000000000000   13
344.70000000000000000000   14
344.80000000000000000000   19
344.90000000000000000000   18
345.00000000000000000000   17
345.10000000000000000000   13
345.20000000000000000000   11
345.30000000000000000000   12
345.40000000000000000000   13
345.50000000000000000000   15
345.60000000000000000000   7
345.70000000000000000000   6
345.80000000000000000000   7
345.90000000000000000000   10
346.00000000000000000000   7
346.10000000000000000000   11
346.20000000000000000000   12
346.30000000000000000000   12
346.40000000000000000000   10
346.50000000000000000000   11
346.60000000000000000000   12
346.70000000000000000000   9
346.80000000000000000000   11
346.90000000000000000000   13
347.00000000000000000000   12
347.10000000000000000000   11
347.20000000000000000000   12
347.30000000000000000000   10
347.40000000000000000000   14
347.50000000000000000000   12
347.60000000000000000000   13
347.70000000000000000000   13
347.80000000000000000000   9
347.90000000000000000000   10
348.00000000000000000000   9
348.10000000000000000000   7
348.20000000000000000000   7
348.30000000000000000000   7
348.40000000000000000000   7
348.50000000000000000000   10
348.60000000000000000000   11
348.70000000000000000000   6
348.80000000000000000000   6
348.90000000000000000000   9
349.00000000000000000000   12
349.10000000000000000000   12
349.20000000000000000000   14
349.30000000000000000000   10
349.40000000000000000000   8
349.50000000000000000000   10
349.60000000000000000000   11
349.70000000000000000000   10
349.80000000000000000000   11
349.90000000000000000000   17
350.00000000000000000000   17
350.10000000000000000000   17
350.20000000000000000000   15
350.30000000000000000000   15
350.40000000000000000000   14
350.50000000000000000000   14
350.60000000000000000000   9
350.70000000000000000000   8
350.80000000000000000000   9
350.90000000000000000000   11
351.00000000000000000000   14
351.10000000000000000000   11
351.20000000000000000000   8
351.30000000000000000000   9
351.40000000000000000000   9
351.50000000000000000000   17
351.60000000000000000000   13
351.70000000000000000000   11
351.80000000000000000000   10
351.90000000000000000000   10
352.00000000000000000000   9
352.10000000000000000000   12
352.20000000000000000000   10
352.30000000000000000000   13
352.40000000000000000000   13
352.50000000000000000000   10
352.60000000000000000000   12
352.70000000000000000000   8
352.80000000000000000000   13
352.90000000000000000000   14
353.00000000000000000000   11
353.10000000000000000000   18
353.20000000000000000000   15
353.30000000000000000000   16
353.40000000000000000000   22
353.50000000000000000000   18
353.60000000000000000000   18
353.70000000000000000000   23
353.80000000000000000000   21
353.90000000000000000000   19
354.00000000000000000000   21
354.10000000000000000000   17
354.20000000000000000000   17
354.30000000000000000000   19
354.40000000000000000000   16
354.50000000000000000000   11
354.60000000000000000000   10
354.70000000000000000000   10
354.80000000000000000000   13
354.90000000000000000000   9
355.00000000000000000000   12
355.10000000000000000000   13
355.20000000000000000000   17
355.30000000000000000000   16
355.40000000000000000000   18
355.50000000000000000000   15
355.60000000000000000000   18
355.70000000000000000000   19
355.80000000000000000000   14
355.90000000000000000000   9
356.00000000000000000000   13
356.10000000000000000000   13
356.20000000000000000000   13
356.30000000000000000000   13
356.40000000000000000000   15
356.50000000000000000000   14
356.60000000000000000000   12
356.70000000000000000000   15
356.80000000000000000000   11
356.90000000000000000000   15
357.00000000000000000000   14
357.10000000000000000000   14
357.20000000000000000000   17
357.30000000000000000000   19
357.40000000000000000000   14
357.50000000000000000000   15
357.60000000000000000000   16
357.70000000000000000000   15
357.80000000000000000000   16
357.90000000000000000000   14
358.00000000000000000000   9
358.10000000000000000000   12
358.20000000000000000000   8
358.30000000000000000000   18
358.40000000000000000000   13
358.50000000000000000000   19
358.60000000000000000000   13
358.70000000000000000000   12
358.80000000000000000000   9
358.90000000000000000000   10
359.00000000000000000000   13
359.10000000000000000000   11
359.20000000000000000000   9
359.30000000000000000000   10
359.40000000000000000000   10
359.50000000000000000000   16
359.60000000000000000000   15
359.70000000000000000000   13
359.80000000000000000000   12
359.90000000000000000000   14
360.00000000000000000000   14
360.10000000000000000000   12
360.20000000000000000000   13
360.30000000000000000000   13
360.40000000000000000000   14
360.50000000000000000000   10
360.60000000000000000000   20
360.70000000000000000000   13
360.80000000000000000000   10
360.90000000000000000000   13
361.00000000000000000000   13
361.10000000000000000000   13
361.20000000000000000000   16
361.30000000000000000000   16
361.40000000000000000000   19
361.50000000000000000000   19
361.60000000000000000000   19
361.70000000000000000000   20
361.80000000000000000000   14
361.90000000000000000000   16
362.00000000000000000000   19
362.10000000000000000000   15
362.20000000000000000000   15
362.30000000000000000000   18
362.40000000000000000000   13
362.50000000000000000000   15
362.60000000000000000000   14
362.70000000000000000000   13
362.80000000000000000000   10
362.90000000000000000000   10
363.00000000000000000000   12
363.10000000000000000000   8
363.20000000000000000000   8
363.30000000000000000000   11
363.40000000000000000000   10
363.50000000000000000000   17
363.60000000000000000000   17
363.70000000000000000000   14
363.80000000000000000000   11
363.90000000000000000000   15
364.00000000000000000000   12
364.10000000000000000000   13
364.20000000000000000000   13
364.30000000000000000000   7
364.40000000000000000000   10
364.50000000000000000000   12
364.60000000000000000000   13
364.70000000000000000000   13
364.80000000000000000000   15
364.90000000000000000000   15
365.00000000000000000000   11
365.10000000000000000000   15
365.20000000000000000000   18
365.30000000000000000000   14
365.40000000000000000000   18
365.50000000000000000000   15
365.60000000000000000000   12
365.70000000000000000000   12
365.80000000000000000000   13
365.90000000000000000000   11
366.00000000000000000000   12
366.10000000000000000000   17
366.20000000000000000000   18
366.30000000000000000000   17
366.40000000000000000000   12
366.50000000000000000000   10
366.60000000000000000000   11
366.70000000000000000000   11
366.80000000000000000000   13
366.90000000000000000000   11
367.00000000000000000000   12
367.10000000000000000000   13
367.20000000000000000000   18
367.30000000000000000000   13
367.40000000000000000000   15
367.50000000000000000000   14
367.60000000000000000000   14
367.70000000000000000000   20
367.80000000000000000000   20
367.90000000000000000000   21
368.00000000000000000000   20
368.10000000000000000000   19
368.20000000000000000000   23
368.30000000000000000000   22
368.40000000000000000000   20
368.50000000000000000000   21
368.60000000000000000000   19
368.70000000000000000000   17
368.80000000000000000000   19
368.90000000000000000000   22
369.00000000000000000000   22
369.10000000000000000000   24
369.20000000000000000000   25
369.30000000000000000000   23
369.40000000000000000000   20
369.50000000000000000000   17
369.60000000000000000000   22
369.70000000000000000000   23
369.80000000000000000000   20
369.90000000000000000000   20
370.00000000000000000000   22
370.10000000000000000000   16
370.20000000000000000000   18
370.30000000000000000000   19
370.40000000000000000000   20
370.50000000000000000000   19
370.60000000000000000000   24
370.70000000000000000000   21
370.80000000000000000000   24
370.90000000000000000000   22
371.00000000000000000000   22
371.10000000000000000000   22
371.20000000000000000000   21
371.30000000000000000000   24
371.40000000000000000000   20
371.50000000000000000000   16
371.60000000000000000000   15
371.70000000000000000000   16
371.80000000000000000000   14
371.90000000000000000000   16
372.00000000000000000000   17
372.10000000000000000000   13
372.20000000000000000000   12
372.30000000000000000000   15
372.40000000000000000000   14
372.50000000000000000000   15
372.60000000000000000000   15
372.70000000000000000000   14
372.80000000000000000000   13
372.90000000000000000000   17
373.00000000000000000000   17
373.10000000000000000000   17
373.20000000000000000000   14
373.30000000000000000000   12
373.40000000000000000000   14
373.50000000000000000000   14
373.60000000000000000000   15
373.70000000000000000000   18
373.80000000000000000000   18
373.90000000000000000000   16
374.00000000000000000000   16
374.10000000000000000000   19
374.20000000000000000000   17
374.30000000000000000000   17
374.40000000000000000000   20
374.50000000000000000000   20
374.60000000000000000000   17
374.70000000000000000000   14
374.80000000000000000000   17
374.90000000000000000000   16
375.00000000000000000000   18
375.10000000000000000000   14
375.20000000000000000000   13
375.30000000000000000000   15
375.40000000000000000000   18
375.50000000000000000000   16
375.60000000000000000000   18
375.70000000000000000000   15
375.80000000000000000000   16
375.90000000000000000000   16
376.00000000000000000000   13
376.10000000000000000000   12
376.20000000000000000000   15
376.30000000000000000000   20
376.40000000000000000000   13
376.50000000000000000000   12
376.60000000000000000000   14
376.70000000000000000000   17
376.80000000000000000000   15
376.90000000000000000000   14
377.00000000000000000000   13
377.10000000000000000000   15
377.20000000000000000000   13
377.30000000000000000000   13
377.40000000000000000000   18
377.50000000000000000000   14
377.60000000000000000000   13
377.70000000000000000000   16
377.80000000000000000000   21
377.90000000000000000000   15
378.00000000000000000000   17
378.10000000000000000000   16
378.20000000000000000000   14
378.30000000000000000000   15
378.40000000000000000000   15
378.50000000000000000000   14
378.60000000000000000000   13
378.70000000000000000000   12
378.80000000000000000000   17
378.90000000000000000000   14
379.00000000000000000000   12
379.10000000000000000000   14
379.20000000000000000000   16
379.30000000000000000000   12
379.40000000000000000000   15
379.50000000000000000000   17
379.60000000000000000000   15
379.70000000000000000000   17
379.80000000000000000000   16
379.90000000000000000000   15
380.00000000000000000000   14
380.10000000000000000000   11
380.20000000000000000000   17
380.30000000000000000000   13
380.40000000000000000000   11
380.50000000000000000000   11
380.60000000000000000000   15
380.70000000000000000000   16
380.80000000000000000000   19
380.90000000000000000000   18
381.00000000000000000000   19
381.10000000000000000000   18
381.20000000000000000000   17
381.30000000000000000000   17
381.40000000000000000000   20
381.50000000000000000000   15
381.60000000000000000000   19
381.70000000000000000000   21
381.80000000000000000000   19
381.90000000000000000000   14
382.00000000000000000000   15
382.10000000000000000000   13
382.20000000000000000000   16
382.30000000000000000000   14
382.40000000000000000000   17
382.50000000000000000000   11
382.60000000000000000000   18
382.70000000000000000000   17
382.80000000000000000000   20
382.90000000000000000000   19
383.00000000000000000000   18
383.10000000000000000000   19
383.20000000000000000000   22
383.30000000000000000000   18
383.40000000000000000000   21
383.50000000000000000000   19
383.60000000000000000000   17
383.70000000000000000000   19
383.80000000000000000000   22
383.90000000000000000000   17
384.00000000000000000000   16
384.10000000000000000000   14
384.20000000000000000000   14
384.30000000000000000000   16
384.40000000000000000000   16
384.50000000000000000000   17
384.60000000000000000000   17
384.70000000000000000000   20
384.80000000000000000000   18
384.90000000000000000000   18
385.00000000000000000000   21
385.10000000000000000000   15
385.20000000000000000000   15
385.30000000000000000000   13
385.40000000000000000000   15
385.50000000000000000000   13
385.60000000000000000000   13
385.70000000000000000000   15
385.80000000000000000000   16
385.90000000000000000000   13
386.00000000000000000000   15
386.10000000000000000000   17
386.20000000000000000000   18
386.30000000000000000000   17
386.40000000000000000000   15
386.50000000000000000000   15
386.60000000000000000000   19
386.70000000000000000000   19
386.80000000000000000000   18
386.90000000000000000000   18
387.00000000000000000000   15
387.10000000000000000000   17
387.20000000000000000000   13
387.30000000000000000000   21
387.40000000000000000000   23
387.50000000000000000000   23
387.60000000000000000000   20
387.70000000000000000000   16
387.80000000000000000000   13
387.90000000000000000000   17
388.00000000000000000000   15
388.10000000000000000000   15
388.20000000000000000000   15
388.30000000000000000000   19
388.40000000000000000000   19
388.50000000000000000000   17
388.60000000000000000000   15
388.70000000000000000000   15
388.80000000000000000000   18
388.90000000000000000000   20
389.00000000000000000000   19
389.10000000000000000000   18
389.20000000000000000000   18
389.30000000000000000000   16
389.40000000000000000000   18
389.50000000000000000000   17
389.60000000000000000000   15
389.70000000000000000000   15
389.80000000000000000000   18
389.90000000000000000000   17
390.00000000000000000000   19
390.10000000000000000000   15
390.20000000000000000000   18
390.30000000000000000000   13
390.40000000000000000000   13
390.50000000000000000000   12
390.60000000000000000000   14
390.70000000000000000000   10
390.80000000000000000000   14
390.90000000000000000000   12
391.00000000000000000000   15
391.10000000000000000000   12
391.20000000000000000000   14
391.30000000000000000000   13
391.40000000000000000000   12
391.50000000000000000000   7
391.60000000000000000000   9
391.70000000000000000000   10
391.80000000000000000000   9
391.90000000000000000000   15
392.00000000000000000000   11
392.10000000000000000000   11
392.20000000000000000000   13
392.30000000000000000000   10
392.40000000000000000000   9
392.50000000000000000000   10
392.60000000000000000000   13
392.70000000000000000000   13
392.80000000000000000000   12
392.90000000000000000000   13
393.00000000000000000000   14
393.10000000000000000000   14
393.20000000000000000000   13
393.30000000000000000000   13
393.40000000000000000000   12
393.50000000000000000000   14
393.60000000000000000000   13
393.70000000000000000000   13
393.80000000000000000000   11
393.90000000000000000000   10
394.00000000000000000000   12
394.10000000000000000000   14
394.20000000000000000000   12
394.30000000000000000000   13
394.40000000000000000000   11
394.50000000000000000000   13
394.60000000000000000000   15
394.70000000000000000000   10
394.80000000000000000000   10
394.90000000000000000000   10
395.00000000000000000000   13
395.10000000000000000000   17
395.20000000000000000000   15
395.30000000000000000000   14
395.40000000000000000000   16
395.50000000000000000000   12
395.60000000000000000000   16
395.70000000000000000000   12
395.80000000000000000000   12
395.90000000000000000000   11
396.00000000000000000000   8
396.10000000000000000000   8
396.20000000000000000000   13
396.30000000000000000000   11
396.40000000000000000000   16
396.50000000000000000000   14
396.60000000000000000000   14
396.70000000000000000000   14
396.80000000000000000000   14
396.90000000000000000000   12
397.00000000000000000000   12
397.10000000000000000000   13
397.20000000000000000000   18
397.30000000000000000000   13
397.40000000000000000000   15
397.50000000000000000000   11
397.60000000000000000000   12
397.70000000000000000000   15
397.80000000000000000000   13
397.90000000000000000000   13
398.00000000000000000000   14
398.10000000000000000000   14
398.20000000000000000000   16
398.30000000000000000000   12
398.40000000000000000000   15
398.50000000000000000000   18
398.60000000000000000000   14
398.70000000000000000000   14
398.80000000000000000000   13
398.90000000000000000000   13
399.00000000000000000000   13
399.10000000000000000000   13
399.20000000000000000000   13
399.30000000000000000000   13
399.40000000000000000000   13
399.50000000000000000000   13
399.60000000000000000000   13
399.70000000000000000000   13
