200.00000000000000000000   2
200.10000000000000000000   2
200.20000000000000000000   1
200.30000000000000000000   2
200.40000000000000000000   3
200.50000000000000000000   1
200.60000000000000000000   5
200.70000000000000000000   4
200.80000000000000000000   3
200.90000000000000000000   2
201.00000000000000000000   2
201.10000000000000000000   4
201.20000000000000000000   2
201.30000000000000000000   5
201.40000000000000000000   4
201.50000000000000000000   2
201.60000000000000000000   6
201.70000000000000000000   1
201.80000000000000000000   1
201.90000000000000000000   5
202.00000000000000000000   2
202.10000000000000000000   2
202.20000000000000000000   1
202.30000000000000000000   1
202.40000000000000000000   2
202.50000000000000000000   1
202.60000000000000000000   4
202.70000000000000000000   4
202.80000000000000000000   3
202.90000000000000000000   3
203.00000000000000000000   1
203.10000000000000000000   2
203.20000000000000000000   1
203.30000000000000000000   2
203.40000000000000000000   2
203.50000000000000000000   2
203.60000000000000000000   1
203.70000000000000000000   3
203.80000000000000000000   6
203.90000000000000000000   4
204.00000000000000000000   4
204.10000000000000000000   4
204.20000000000000000000   4
204.30000000000000000000   5
204.40000000000000000000   3
204.50000000000000000000   3
204.60000000000000000000   3
204.70000000000000000000   4
204.80000000000000000000   5
204.90000000000000000000   4
205.00000000000000000000   6
205.10000000000000000000   5
205.20000000000000000000   3
205.30000000000000000000   6
205.40000000000000000000   2
205.50000000000000000000   3
205.60000000000000000000   4
205.70000000000000000000   5
205.80000000000000000000   6
205.90000000000000000000   5
206.00000000000000000000   6
206.10000000000000000000   4
206.20000000000000000000   4
206.30000000000000000000   3
206.40000000000000000000   5
206.50000000000000000000   4
206.60000000000000000000   4
206.70000000000000000000   4
206.80000000000000000000   2
206.90000000000000000000   4
207.00000000000000000000   4
207.10000000000000000000   4
207.20000000000000000000   2
207.30000000000000000000   1
207.40000000000000000000   0
207.50000000000000000000   1
207.60000000000000000000   1
207.70000000000000000000   1
207.80000000000000000000   0
207.90000000000000000000   2
208.00000000000000000000   3
208.10000000000000000000   3
208.20000000000000000000   2
208.30000000000000000000   4
208.40000000000000000000   4
208.50000000000000000000   4
208.60000000000000000000   8
208.70000000000000000000   4
208.80000000000000000000   3
208.90000000000000000000   4
209.00000000000000000000   4
209.10000000000000000000   3
209.20000000000000000000   3
209.30000000000000000000   1
209.40000000000000000000   4
209.50000000000000000000   2
209.60000000000000000000   3
209.70000000000000000000   3
209.80000000000000000000   3
209.90000000000000000000   3
210.00000000000000000000   5
210.10000000000000000000   4
210.20000000000000000000   5
210.30000000000000000000   4
210.40000000000000000000   4
210.50000000000000000000   4
210.60000000000000000000   5
210.70000000000000000000   4
210.80000000000000000000   5
210.90000000000000000000   4
211.00000000000000000000   5
211.10000000000000000000   5
211.20000000000000000000   5
211.30000000000000000000   4
211.40000000000000000000   6
211.50000000000000000000   7
211.60000000000000000000   6
211.70000000000000000000   7
211.80000000000000000000   7
211.90000000000000000000   7
212.00000000000000000000   8
212.10000000000000000000   6
212.20000000000000000000   7
212.30000000000000000000   4
212.40000000000000000000   4
212.50000000000000000000   4
212.60000000000000000000   4
212.70000000000000000000   5
212.80000000000000000000   4
212.90000000000000000000   3
213.00000000000000000000   4
213.10000000000000000000   4
213.20000000000000000000   5
213.30000000000000000000   4
213.40000000000000000000   4
213.50000000000000000000   4
213.60000000000000000000   4
213.70000000000000000000   4
213.80000000000000000000   3
213.90000000000000000000   5
214.00000000000000000000   2
214.10000000000000000000   3
214.20000000000000000000   3
214.30000000000000000000   4
214.40000000000000000000   3
214.50000000000000000000   4
214.60000000000000000000   3
214.70000000000000000000   5
214.80000000000000000000   3
214.90000000000000000000   4
215.00000000000000000000   4
215.10000000000000000000   4
215.20000000000000000000   4
215.30000000000000000000   2
215.40000000000000000000   4
215.50000000000000000000   3
215.60000000000000000000   3
215.70000000000000000000   3
215.80000000000000000000   3
215.90000000000000000000   3
216.00000000000000000000   2
216.10000000000000000000   3
216.20000000000000000000   3
216.30000000000000000000   2
216.40000000000000000000   3
216.50000000000000000000   2
216.60000000000000000000   3
216.70000000000000000000   4
216.80000000000000000000   5
216.90000000000000000000   4
217.00000000000000000000   3
217.10000000000000000000   3
217.20000000000000000000   4
217.30000000000000000000   2
217.40000000000000000000   4
217.50000000000000000000   5
217.60000000000000000000   2
217.70000000000000000000   2
217.80000000000000000000   3
217.90000000000000000000   2
218.00000000000000000000   3
218.10000000000000000000   3
218.20000000000000000000   4
218.30000000000000000000   3
218.40000000000000000000   3
218.50000000000000000000   3
218.60000000000000000000   2
218.70000000000000000000   3
218.80000000000000000000   6
218.90000000000000000000   4
219.00000000000000000000   6
219.10000000000000000000   7
219.20000000000000000000   8
219.30000000000000000000   6
219.40000000000000000000   5
219.50000000000000000000   3
219.60000000000000000000   2
219.70000000000000000000   3
219.80000000000000000000   3
219.90000000000000000000   4
220.00000000000000000000   3
220.10000000000000000000   2
220.20000000000000000000   2
220.30000000000000000000   3
220.40000000000000000000   2
220.50000000000000000000   3
220.60000000000000000000   3
220.70000000000000000000   2
220.80000000000000000000   2
220.90000000000000000000   2
221.00000000000000000000   2
221.10000000000000000000   5
221.20000000000000000000   2
221.30000000000000000000   2
221.40000000000000000000   7
221.50000000000000000000   6
221.60000000000000000000   2
221.70000000000000000000   1
221.80000000000000000000   2
221.90000000000000000000   2
222.00000000000000000000   3
222.10000000000000000000   1
222.20000000000000000000   1
222.30000000000000000000   4
222.40000000000000000000   4
222.50000000000000000000   2
222.60000000000000000000   1
222.70000000000000000000   1
222.80000000000000000000   2
222.90000000000000000000   1
223.00000000000000000000   2
223.10000000000000000000   2
223.20000000000000000000   1
223.30000000000000000000   5
223.40000000000000000000   3
223.50000000000000000000   3
223.60000000000000000000   5
223.70000000000000000000   5
223.80000000000000000000   3
223.90000000000000000000   3
224.00000000000000000000   3
224.10000000000000000000   3
224.20000000000000000000   3
224.30000000000000000000   2
224.40000000000000000000   2
224.50000000000000000000   2
224.60000000000000000000   1
224.70000000000000000000   1
224.80000000000000000000   1
224.90000000000000000000   3
225.00000000000000000000   4
225.10000000000000000000   5
225.20000000000000000000   5
225.30000000000000000000   5
225.40000000000000000000   8
225.50000000000000000000   6
225.60000000000000000000   5
225.70000000000000000000   5
225.80000000000000000000   5
225.90000000000000000000   5
226.00000000000000000000   6
226.10000000000000000000   5
226.20000000000000000000   3
226.30000000000000000000   3
226.40000000000000000000   4
226.50000000000000000000   3
226.60000000000000000000   3
226.70000000000000000000   5
226.80000000000000000000   5
226.90000000000000000000   6
227.00000000000000000000   5
227.10000000000000000000   3
227.20000000000000000000   3
227.30000000000000000000   2
227.40000000000000000000   5
227.50000000000000000000   6
227.60000000000000000000   2
227.70000000000000000000   3
227.80000000000000000000   3
227.90000000000000000000   2
228.00000000000000000000   2
228.10000000000000000000   4
228.20000000000000000000   4
228.30000000000000000000   3
228.40000000000000000000   4
228.50000000000000000000   4
228.60000000000000000000   3
228.70000000000000000000   6
228.80000000000000000000   5
228.90000000000000000000   5
229.00000000000000000000   6
229.10000000000000000000   3
229.20000000000000000000   4
229.30000000000000000000   6
229.40000000000000000000   4
229.50000000000000000000   6
229.60000000000000000000   6
229.70000000000000000000   5
229.80000000000000000000   7
229.90000000000000000000   4
230.00000000000000000000   8
230.10000000000000000000   7
230.20000000000000000000   9
230.30000000000000000000   6
230.40000000000000000000   6
230.50000000000000000000   8
230.60000000000000000000   6
230.70000000000000000000   4
230.80000000000000000000   7
230.90000000000000000000   5
231.00000000000000000000   4
231.10000000000000000000   4
231.20000000000000000000   3
231.30000000000000000000   4
231.40000000000000000000   3
231.50000000000000000000   4
231.60000000000000000000   4
231.70000000000000000000   5
231.80000000000000000000   5
231.90000000000000000000   4
232.00000000000000000000   4
232.10000000000000000000   4
232.20000000000000000000   4
232.30000000000000000000   4
232.40000000000000000000   5
232.50000000000000000000   4
232.60000000000000000000   5
232.70000000000000000000   1
232.80000000000000000000   1
232.90000000000000000000   1
233.00000000000000000000   2
233.10000000000000000000   4
233.20000000000000000000   2
233.30000000000000000000   2
233.40000000000000000000   2
233.50000000000000000000   2
233.60000000000000000000   2
233.70000000000000000000   3
233.80000000000000000000   2
233.90000000000000000000   3
234.00000000000000000000   2
234.10000000000000000000   3
234.20000000000000000000   2
234.30000000000000000000   3
234.40000000000000000000   2
234.50000000000000000000   0
234.60000000000000000000   5
234.70000000000000000000   4
234.80000000000000000000   3
234.90000000000000000000   0
235.00000000000000000000   3
235.10000000000000000000   2
235.20000000000000000000   1
235.30000000000000000000   3
235.40000000000000000000   3
235.50000000000000000000   3
235.60000000000000000000   3
235.70000000000000000000   2
235.80000000000000000000   3
235.90000000000000000000   2
236.00000000000000000000   2
236.10000000000000000000   2
236.20000000000000000000   3
236.30000000000000000000   3
236.40000000000000000000   2
236.50000000000000000000   2
236.60000000000000000000   1
236.70000000000000000000   1
236.80000000000000000000   1
236.90000000000000000000   3
237.00000000000000000000   2
237.10000000000000000000   2
237.20000000000000000000   2
237.30000000000000000000   2
237.40000000000000000000   2
237.50000000000000000000   2
237.60000000000000000000   1
237.70000000000000000000   2
237.80000000000000000000   4
237.90000000000000000000   5
238.00000000000000000000   3
238.10000000000000000000   5
238.20000000000000000000   5
238.30000000000000000000   3
238.40000000000000000000   3
238.50000000000000000000   3
238.60000000000000000000   3
238.70000000000000000000   5
238.80000000000000000000   4
238.90000000000000000000   1
239.00000000000000000000   1
239.10000000000000000000   2
239.20000000000000000000   3
239.30000000000000000000   4
239.40000000000000000000   2
239.50000000000000000000   2
239.60000000000000000000   2
239.70000000000000000000   5
239.80000000000000000000   2
239.90000000000000000000   3
240.00000000000000000000   1
240.10000000000000000000   1
240.20000000000000000000   1
240.30000000000000000000   1
240.40000000000000000000   2
240.50000000000000000000   2
240.60000000000000000000   2
240.70000000000000000000   2
240.80000000000000000000   4
240.90000000000000000000   3
241.00000000000000000000   1
241.10000000000000000000   3
241.20000000000000000000   3
241.30000000000000000000   2
241.40000000000000000000   5
241.50000000000000000000   3
241.60000000000000000000   6
241.70000000000000000000   3
241.80000000000000000000   3
241.90000000000000000000   2
242.00000000000000000000   2
242.10000000000000000000   5
242.20000000000000000000   5
242.30000000000000000000   5
242.40000000000000000000   6
242.50000000000000000000   7
242.60000000000000000000   6
242.70000000000000000000   7
242.80000000000000000000   5
242.90000000000000000000   7
243.00000000000000000000   7
243.10000000000000000000   5
243.20000000000000000000   6
243.30000000000000000000   2
243.40000000000000000000   3
243.50000000000000000000   8
243.60000000000000000000   3
243.70000000000000000000   2
243.80000000000000000000   4
243.90000000000000000000   4
244.00000000000000000000   7
244.10000000000000000000   6
244.20000000000000000000   4
244.30000000000000000000   7
244.40000000000000000000   5
244.50000000000000000000   5
244.60000000000000000000   5
244.70000000000000000000   4
244.80000000000000000000   2
244.90000000000000000000   3
245.00000000000000000000   4
245.10000000000000000000   3
245.20000000000000000000   3
245.30000000000000000000   3
245.40000000000000000000   2
245.50000000000000000000   2
245.60000000000000000000   2
245.70000000000000000000   2
245.80000000000000000000   3
245.90000000000000000000   3
246.00000000000000000000   3
246.10000000000000000000   3
246.20000000000000000000   3
246.30000000000000000000   3
246.40000000000000000000   3
246.50000000000000000000   5
246.60000000000000000000   4
246.70000000000000000000   5
246.80000000000000000000   3
246.90000000000000000000   4
247.00000000000000000000   8
247.10000000000000000000   6
247.20000000000000000000   8
247.30000000000000000000   8
247.40000000000000000000   7
247.50000000000000000000   7
247.60000000000000000000   7
247.70000000000000000000   8
247.80000000000000000000   6
247.90000000000000000000   5
248.00000000000000000000   5
248.10000000000000000000   6
248.20000000000000000000   5
248.30000000000000000000   4
248.40000000000000000000   4
248.50000000000000000000   4
248.60000000000000000000   3
248.70000000000000000000   4
248.80000000000000000000   4
248.90000000000000000000   5
249.00000000000000000000   5
249.10000000000000000000   6
249.20000000000000000000   9
249.30000000000000000000   5
249.40000000000000000000   5
249.50000000000000000000   5
249.60000000000000000000   6
249.70000000000000000000   7
249.80000000000000000000   3
249.90000000000000000000   4
250.00000000000000000000   4
250.10000000000000000000   5
250.20000000000000000000   5
250.30000000000000000000   5
250.40000000000000000000   4
250.50000000000000000000   5
250.60000000000000000000   5
250.70000000000000000000   5
250.80000000000000000000   4
250.90000000000000000000   1
251.00000000000000000000   6
251.10000000000000000000   8
251.20000000000000000000   7
251.30000000000000000000   8
251.40000000000000000000   7
251.50000000000000000000   6
251.60000000000000000000   7
251.70000000000000000000   9
251.80000000000000000000   4
251.90000000000000000000   2
252.00000000000000000000   3
252.10000000000000000000   3
252.20000000000000000000   1
252.30000000000000000000   1
252.40000000000000000000   2
252.50000000000000000000   1
252.60000000000000000000   1
252.70000000000000000000   2
252.80000000000000000000   1
252.90000000000000000000   1
253.00000000000000000000   2
253.10000000000000000000   1
253.20000000000000000000   4
253.30000000000000000000   1
253.40000000000000000000   1
253.50000000000000000000   4
253.60000000000000000000   1
253.70000000000000000000   4
253.80000000000000000000   3
253.90000000000000000000   2
254.00000000000000000000   2
254.10000000000000000000   3
254.20000000000000000000   4
254.30000000000000000000   1
254.40000000000000000000   4
254.50000000000000000000   1
254.60000000000000000000   1
254.70000000000000000000   3
254.80000000000000000000   1
254.90000000000000000000   4
255.00000000000000000000   2
255.10000000000000000000   3
255.20000000000000000000   3
255.30000000000000000000   5
255.40000000000000000000   5
255.50000000000000000000   2
255.60000000000000000000   2
255.70000000000000000000   2
255.80000000000000000000   4
255.90000000000000000000   5
256.00000000000000000000   8
256.10000000000000000000   10
256.20000000000000000000   6
256.30000000000000000000   6
256.40000000000000000000   7
256.50000000000000000000   8
256.60000000000000000000   8
256.70000000000000000000   6
256.80000000000000000000   8
256.90000000000000000000   7
257.00000000000000000000   9
257.10000000000000000000   7
257.20000000000000000000   9
257.30000000000000000000   7
257.40000000000000000000   9
257.50000000000000000000   7
257.60000000000000000000   7
257.70000000000000000000   4
257.80000000000000000000   6
257.90000000000000000000   9
258.00000000000000000000   0
258.10000000000000000000   0
258.20000000000000000000   1
258.30000000000000000000   0
258.40000000000000000000   0
258.50000000000000000000   1
258.60000000000000000000   3
258.70000000000000000000   4
258.80000000000000000000   4
258.90000000000000000000   5
259.00000000000000000000   4
259.10000000000000000000   4
259.20000000000000000000   4
259.30000000000000000000   4
259.40000000000000000000   6
259.50000000000000000000   6
259.60000000000000000000   4
259.70000000000000000000   4
259.80000000000000000000   4
259.90000000000000000000   2
260.00000000000000000000   5
260.10000000000000000000   4
260.20000000000000000000   0
260.30000000000000000000   0
260.40000000000000000000   0
260.50000000000000000000   0
260.60000000000000000000   6
260.70000000000000000000   5
260.80000000000000000000   6
260.90000000000000000000   5
261.00000000000000000000   4
261.10000000000000000000   5
261.20000000000000000000   4
261.30000000000000000000   4
261.40000000000000000000   2
261.50000000000000000000   3
261.60000000000000000000   4
261.70000000000000000000   2
261.80000000000000000000   1
261.90000000000000000000   4
262.00000000000000000000   1
262.10000000000000000000   1
262.20000000000000000000   0
262.30000000000000000000   2
262.40000000000000000000   2
262.50000000000000000000   4
262.60000000000000000000   4
262.70000000000000000000   1
262.80000000000000000000   4
262.90000000000000000000   2
263.00000000000000000000   1
263.10000000000000000000   1
263.20000000000000000000   1
263.30000000000000000000   3
263.40000000000000000000   4
263.50000000000000000000   4
263.60000000000000000000   4
263.70000000000000000000   4
263.80000000000000000000   4
263.90000000000000000000   4
264.00000000000000000000   4
264.10000000000000000000   4
264.20000000000000000000   4
264.30000000000000000000   4
264.40000000000000000000   4
264.50000000000000000000   0
264.60000000000000000000   5
264.70000000000000000000   3
264.80000000000000000000   4
264.90000000000000000000   4
265.00000000000000000000   4
265.10000000000000000000   4
265.20000000000000000000   4
265.30000000000000000000   4
265.40000000000000000000   1
265.50000000000000000000   3
265.60000000000000000000   1
265.70000000000000000000   2
265.80000000000000000000   3
265.90000000000000000000   5
266.00000000000000000000   4
266.10000000000000000000   3
266.20000000000000000000   3
266.30000000000000000000   1
266.40000000000000000000   4
266.50000000000000000000   4
266.60000000000000000000   4
266.70000000000000000000   4
266.80000000000000000000   4
266.90000000000000000000   4
267.00000000000000000000   5
267.10000000000000000000   4
267.20000000000000000000   5
267.30000000000000000000   5
267.40000000000000000000   6
267.50000000000000000000   5
267.60000000000000000000   4
267.70000000000000000000   5
267.80000000000000000000   5
267.90000000000000000000   5
268.00000000000000000000   5
268.10000000000000000000   4
268.20000000000000000000   5
268.30000000000000000000   5
268.40000000000000000000   5
268.50000000000000000000   5
268.60000000000000000000   5
268.70000000000000000000   7
268.80000000000000000000   8
268.90000000000000000000   5
269.00000000000000000000   5
269.10000000000000000000   3
269.20000000000000000000   6
269.30000000000000000000   4
269.40000000000000000000   6
269.50000000000000000000   6
269.60000000000000000000   4
269.70000000000000000000   5
269.80000000000000000000   4
269.90000000000000000000   4
270.00000000000000000000   4
270.10000000000000000000   4
270.20000000000000000000   4
270.30000000000000000000   4
270.40000000000000000000   5
270.50000000000000000000   4
270.60000000000000000000   4
270.70000000000000000000   4
270.80000000000000000000   4
270.90000000000000000000   4
271.00000000000000000000   2
271.10000000000000000000   4
271.20000000000000000000   4
271.30000000000000000000   4
271.40000000000000000000   4
271.50000000000000000000   4
271.60000000000000000000   6
271.70000000000000000000   4
271.80000000000000000000   4
271.90000000000000000000   3
272.00000000000000000000   3
272.10000000000000000000   4
272.20000000000000000000   2
272.30000000000000000000   4
272.40000000000000000000   4
272.50000000000000000000   4
272.60000000000000000000   3
272.70000000000000000000   2
272.80000000000000000000   3
272.90000000000000000000   2
273.00000000000000000000   2
273.10000000000000000000   3
273.20000000000000000000   3
273.30000000000000000000   6
273.40000000000000000000   6
273.50000000000000000000   5
273.60000000000000000000   6
273.70000000000000000000   7
273.80000000000000000000   6
273.90000000000000000000   6
274.00000000000000000000   8
274.10000000000000000000   8
274.20000000000000000000   7
274.30000000000000000000   6
274.40000000000000000000   4
274.50000000000000000000   6
274.60000000000000000000   6
274.70000000000000000000   5
274.80000000000000000000   3
274.90000000000000000000   3
275.00000000000000000000   5
275.10000000000000000000   3
275.20000000000000000000   3
275.30000000000000000000   3
275.40000000000000000000   1
275.50000000000000000000   4
275.60000000000000000000   3
275.70000000000000000000   4
275.80000000000000000000   5
275.90000000000000000000   3
276.00000000000000000000   1
276.10000000000000000000   4
276.20000000000000000000   1
276.30000000000000000000   2
276.40000000000000000000   1
276.50000000000000000000   1
276.60000000000000000000   2
276.70000000000000000000   2
276.80000000000000000000   6
276.90000000000000000000   5
277.00000000000000000000   3
277.10000000000000000000   3
277.20000000000000000000   1
277.30000000000000000000   3
277.40000000000000000000   4
277.50000000000000000000   4
277.60000000000000000000   5
277.70000000000000000000   5
277.80000000000000000000   5
277.90000000000000000000   8
278.00000000000000000000   5
278.10000000000000000000   2
278.20000000000000000000   4
278.30000000000000000000   3
278.40000000000000000000   7
278.50000000000000000000   5
278.60000000000000000000   7
278.70000000000000000000   2
278.80000000000000000000   1
278.90000000000000000000   3
279.00000000000000000000   3
279.10000000000000000000   4
279.20000000000000000000   4
279.30000000000000000000   5
279.40000000000000000000   3
279.50000000000000000000   5
279.60000000000000000000   5
279.70000000000000000000   8
279.80000000000000000000   4
279.90000000000000000000   3
280.00000000000000000000   4
280.10000000000000000000   4
280.20000000000000000000   4
280.30000000000000000000   5
280.40000000000000000000   6
280.50000000000000000000   6
280.60000000000000000000   3
280.70000000000000000000   5
280.80000000000000000000   4
280.90000000000000000000   2
281.00000000000000000000   1
281.10000000000000000000   2
281.20000000000000000000   5
281.30000000000000000000   5
281.40000000000000000000   3
281.50000000000000000000   4
281.60000000000000000000   5
281.70000000000000000000   7
281.80000000000000000000   3
281.90000000000000000000   4
282.00000000000000000000   5
282.10000000000000000000   4
282.20000000000000000000   6
282.30000000000000000000   4
282.40000000000000000000   5
282.50000000000000000000   4
282.60000000000000000000   4
282.70000000000000000000   2
282.80000000000000000000   4
282.90000000000000000000   4
283.00000000000000000000   3
283.10000000000000000000   3
283.20000000000000000000   3
283.30000000000000000000   4
283.40000000000000000000   2
283.50000000000000000000   1
283.60000000000000000000   2
283.70000000000000000000   3
283.80000000000000000000   4
283.90000000000000000000   3
284.00000000000000000000   1
284.10000000000000000000   4
284.20000000000000000000   3
284.30000000000000000000   3
284.40000000000000000000   8
284.50000000000000000000   8
284.60000000000000000000   8
284.70000000000000000000   10
284.80000000000000000000   9
284.90000000000000000000   9
285.00000000000000000000   10
285.10000000000000000000   8
285.20000000000000000000   6
285.30000000000000000000   4
285.40000000000000000000   3
285.50000000000000000000   4
285.60000000000000000000   7
285.70000000000000000000   1
285.80000000000000000000   2
285.90000000000000000000   2
286.00000000000000000000   1
286.10000000000000000000   1
286.20000000000000000000   2
286.30000000000000000000   5
286.40000000000000000000   2
286.50000000000000000000   1
286.60000000000000000000   4
286.70000000000000000000   3
286.80000000000000000000   6
286.90000000000000000000   8
287.00000000000000000000   10
287.10000000000000000000   10
287.20000000000000000000   8
287.30000000000000000000   9
287.40000000000000000000   5
287.50000000000000000000   4
287.60000000000000000000   4
287.70000000000000000000   3
287.80000000000000000000   3
287.90000000000000000000   3
288.00000000000000000000   4
288.10000000000000000000   4
288.20000000000000000000   3
288.30000000000000000000   5
288.40000000000000000000   4
288.50000000000000000000   3
288.60000000000000000000   4
288.70000000000000000000   5
288.80000000000000000000   4
288.90000000000000000000   4
289.00000000000000000000   4
289.10000000000000000000   5
289.20000000000000000000   4
289.30000000000000000000   4
289.40000000000000000000   4
289.50000000000000000000   5
289.60000000000000000000   4
289.70000000000000000000   3
289.80000000000000000000   4
289.90000000000000000000   3
290.00000000000000000000   4
290.10000000000000000000   5
290.20000000000000000000   3
290.30000000000000000000   4
290.40000000000000000000   2
290.50000000000000000000   3
290.60000000000000000000   4
290.70000000000000000000   3
290.80000000000000000000   1
290.90000000000000000000   4
291.00000000000000000000   4
291.10000000000000000000   5
291.20000000000000000000   4
291.30000000000000000000   3
291.40000000000000000000   2
291.50000000000000000000   3
291.60000000000000000000   2
291.70000000000000000000   3
291.80000000000000000000   3
291.90000000000000000000   3
292.00000000000000000000   3
292.10000000000000000000   3
292.20000000000000000000   3
292.30000000000000000000   3
292.40000000000000000000   5
292.50000000000000000000   3
292.60000000000000000000   3
292.70000000000000000000   5
292.80000000000000000000   5
292.90000000000000000000   4
293.00000000000000000000   5
293.10000000000000000000   4
293.20000000000000000000   4
293.30000000000000000000   4
293.40000000000000000000   4
293.50000000000000000000   3
293.60000000000000000000   4
293.70000000000000000000   4
293.80000000000000000000   5
293.90000000000000000000   4
294.00000000000000000000   6
294.10000000000000000000   5
294.20000000000000000000   7
294.30000000000000000000   5
294.40000000000000000000   4
294.50000000000000000000   5
294.60000000000000000000   4
294.70000000000000000000   4
294.80000000000000000000   5
294.90000000000000000000   5
295.00000000000000000000   5
295.10000000000000000000   5
295.20000000000000000000   8
295.30000000000000000000   7
295.40000000000000000000   7
295.50000000000000000000   6
295.60000000000000000000   7
295.70000000000000000000   8
295.80000000000000000000   6
295.90000000000000000000   7
296.00000000000000000000   7
296.10000000000000000000   7
296.20000000000000000000   6
296.30000000000000000000   7
296.40000000000000000000   7
296.50000000000000000000   6
296.60000000000000000000   6
296.70000000000000000000   5
296.80000000000000000000   4
296.90000000000000000000   5
297.00000000000000000000   6
297.10000000000000000000   4
297.20000000000000000000   5
297.30000000000000000000   4
297.40000000000000000000   4
297.50000000000000000000   4
297.60000000000000000000   3
297.70000000000000000000   5
297.80000000000000000000   2
297.90000000000000000000   5
298.00000000000000000000   2
298.10000000000000000000   3
298.20000000000000000000   4
298.30000000000000000000   3
298.40000000000000000000   2
298.50000000000000000000   3
298.60000000000000000000   3
298.70000000000000000000   3
298.80000000000000000000   5
298.90000000000000000000   3
299.00000000000000000000   3
299.10000000000000000000   4
299.20000000000000000000   5
299.30000000000000000000   5
299.40000000000000000000   3
299.50000000000000000000   3
299.60000000000000000000   4
299.70000000000000000000   2
299.80000000000000000000   7
299.90000000000000000000   4
300.00000000000000000000   3
300.10000000000000000000   4
300.20000000000000000000   3
300.30000000000000000000   4
300.40000000000000000000   4
300.50000000000000000000   3
300.60000000000000000000   3
300.70000000000000000000   4
300.80000000000000000000   4
300.90000000000000000000   4
301.00000000000000000000   3
301.10000000000000000000   4
301.20000000000000000000   4
301.30000000000000000000   2
301.40000000000000000000   2
301.50000000000000000000   4
301.60000000000000000000   4
301.70000000000000000000   6
301.80000000000000000000   4
301.90000000000000000000   4
302.00000000000000000000   7
302.10000000000000000000   4
302.20000000000000000000   4
302.30000000000000000000   4
302.40000000000000000000   6
302.50000000000000000000   6
302.60000000000000000000   3
302.70000000000000000000   3
302.80000000000000000000   3
302.90000000000000000000   5
303.00000000000000000000   5
303.10000000000000000000   5
303.20000000000000000000   5
303.30000000000000000000   2
303.40000000000000000000   6
303.50000000000000000000   4
303.60000000000000000000   3
303.70000000000000000000   3
303.80000000000000000000   3
303.90000000000000000000   5
304.00000000000000000000   4
304.10000000000000000000   4
304.20000000000000000000   8
304.30000000000000000000   5
304.40000000000000000000   4
304.50000000000000000000   4
304.60000000000000000000   3
304.70000000000000000000   4
304.80000000000000000000   4
304.90000000000000000000   5
305.00000000000000000000   4
305.10000000000000000000   5
305.20000000000000000000   7
305.30000000000000000000   4
305.40000000000000000000   6
305.50000000000000000000   5
305.60000000000000000000   6
305.70000000000000000000   5
305.80000000000000000000   6
305.90000000000000000000   4
306.00000000000000000000   4
306.10000000000000000000   3
306.20000000000000000000   4
306.30000000000000000000   5
306.40000000000000000000   3
306.50000000000000000000   5
306.60000000000000000000   4
306.70000000000000000000   3
306.80000000000000000000   3
306.90000000000000000000   3
307.00000000000000000000   4
307.10000000000000000000   3
307.20000000000000000000   4
307.30000000000000000000   5
307.40000000000000000000   3
307.50000000000000000000   4
307.60000000000000000000   3
307.70000000000000000000   3
307.80000000000000000000   5
307.90000000000000000000   5
308.00000000000000000000   5
308.10000000000000000000   4
308.20000000000000000000   4
308.30000000000000000000   3
308.40000000000000000000   2
308.50000000000000000000   2
308.60000000000000000000   3
308.70000000000000000000   5
308.80000000000000000000   5
308.90000000000000000000   3
309.00000000000000000000   3
309.10000000000000000000   3
309.20000000000000000000   6
309.30000000000000000000   3
309.40000000000000000000   3
309.50000000000000000000   3
309.60000000000000000000   4
309.70000000000000000000   4
309.80000000000000000000   3
309.90000000000000000000   6
310.00000000000000000000   4
310.10000000000000000000   4
310.20000000000000000000   5
310.30000000000000000000   4
310.40000000000000000000   4
310.50000000000000000000   5
310.60000000000000000000   4
310.70000000000000000000   4
310.80000000000000000000   5
310.90000000000000000000   3
311.00000000000000000000   4
311.10000000000000000000   3
311.20000000000000000000   3
311.30000000000000000000   3
311.40000000000000000000   4
311.50000000000000000000   3
311.60000000000000000000   3
311.70000000000000000000   3
311.80000000000000000000   3
311.90000000000000000000   3
312.00000000000000000000   4
312.10000000000000000000   4
312.20000000000000000000   5
312.30000000000000000000   4
312.40000000000000000000   5
312.50000000000000000000   3
312.60000000000000000000   3
312.70000000000000000000   4
312.80000000000000000000   4
312.90000000000000000000   4
313.00000000000000000000   4
313.10000000000000000000   5
313.20000000000000000000   4
313.30000000000000000000   3
313.40000000000000000000   3
313.50000000000000000000   4
313.60000000000000000000   3
313.70000000000000000000   3
313.80000000000000000000   3
313.90000000000000000000   3
314.00000000000000000000   3
314.10000000000000000000   3
314.20000000000000000000   3
314.30000000000000000000   3
314.40000000000000000000   3
314.50000000000000000000   3
314.60000000000000000000   6
314.70000000000000000000   3
314.80000000000000000000   5
314.90000000000000000000   3
315.00000000000000000000   3
315.10000000000000000000   3
315.20000000000000000000   3
315.30000000000000000000   3
315.40000000000000000000   3
315.50000000000000000000   4
315.60000000000000000000   3
315.70000000000000000000   6
315.80000000000000000000   5
315.90000000000000000000   3
316.00000000000000000000   5
316.10000000000000000000   3
316.20000000000000000000   3
316.30000000000000000000   4
316.40000000000000000000   3
316.50000000000000000000   3
316.60000000000000000000   3
316.70000000000000000000   3
316.80000000000000000000   3
316.90000000000000000000   5
317.00000000000000000000   5
317.10000000000000000000   4
317.20000000000000000000   5
317.30000000000000000000   4
317.40000000000000000000   4
317.50000000000000000000   7
317.60000000000000000000   3
317.70000000000000000000   4
317.80000000000000000000   4
317.90000000000000000000   4
318.00000000000000000000   4
318.10000000000000000000   4
318.20000000000000000000   3
318.30000000000000000000   3
318.40000000000000000000   3
318.50000000000000000000   3
318.60000000000000000000   4
318.70000000000000000000   4
318.80000000000000000000   4
318.90000000000000000000   3
319.00000000000000000000   3
319.10000000000000000000   3
319.20000000000000000000   3
319.30000000000000000000   3
319.40000000000000000000   5
319.50000000000000000000   4
319.60000000000000000000   4
319.70000000000000000000   3
319.80000000000000000000   4
319.90000000000000000000   3
320.00000000000000000000   4
320.10000000000000000000   4
320.20000000000000000000   4
320.30000000000000000000   5
320.40000000000000000000   2
320.50000000000000000000   3
320.60000000000000000000   2
320.70000000000000000000   2
320.80000000000000000000   2
320.90000000000000000000   2
321.00000000000000000000   3
321.10000000000000000000   3
321.20000000000000000000   0
321.30000000000000000000   2
321.40000000000000000000   3
321.50000000000000000000   2
321.60000000000000000000   2
321.70000000000000000000   2
321.80000000000000000000   3
321.90000000000000000000   2
322.00000000000000000000   2
322.10000000000000000000   1
322.20000000000000000000   1
322.30000000000000000000   5
322.40000000000000000000   6
322.50000000000000000000   4
322.60000000000000000000   5
322.70000000000000000000   4
322.80000000000000000000   4
322.90000000000000000000   4
323.00000000000000000000   1
323.10000000000000000000   0
323.20000000000000000000   1
323.30000000000000000000   6
323.40000000000000000000   3
323.50000000000000000000   3
323.60000000000000000000   3
323.70000000000000000000   4
323.80000000000000000000   4
323.90000000000000000000   4
324.00000000000000000000   2
324.10000000000000000000   6
324.20000000000000000000   3
324.30000000000000000000   5
324.40000000000000000000   4
324.50000000000000000000   6
324.60000000000000000000   6
324.70000000000000000000   4
324.80000000000000000000   3
324.90000000000000000000   5
325.00000000000000000000   4
325.10000000000000000000   4
325.20000000000000000000   4
325.30000000000000000000   5
325.40000000000000000000   3
325.50000000000000000000   4
325.60000000000000000000   3
325.70000000000000000000   3
325.80000000000000000000   3
325.90000000000000000000   4
326.00000000000000000000   4
326.10000000000000000000   6
326.20000000000000000000   5
326.30000000000000000000   5
326.40000000000000000000   4
326.50000000000000000000   4
326.60000000000000000000   3
326.70000000000000000000   4
326.80000000000000000000   5
326.90000000000000000000   5
327.00000000000000000000   4
327.10000000000000000000   4
327.20000000000000000000   4
327.30000000000000000000   4
327.40000000000000000000   1
327.50000000000000000000   8
327.60000000000000000000   8
327.70000000000000000000   4
327.80000000000000000000   7
327.90000000000000000000   8
328.00000000000000000000   5
328.10000000000000000000   3
328.20000000000000000000   3
328.30000000000000000000   1
328.40000000000000000000   3
328.50000000000000000000   6
328.60000000000000000000   5
328.70000000000000000000   5
328.80000000000000000000   5
328.90000000000000000000   3
329.00000000000000000000   3
329.10000000000000000000   4
329.20000000000000000000   6
329.30000000000000000000   6
329.40000000000000000000   3
329.50000000000000000000   5
329.60000000000000000000   4
329.70000000000000000000   3
329.80000000000000000000   3
329.90000000000000000000   5
330.00000000000000000000   5
330.10000000000000000000   4
330.20000000000000000000   5
330.30000000000000000000   4
330.40000000000000000000   4
330.50000000000000000000   3
330.60000000000000000000   4
330.70000000000000000000   4
330.80000000000000000000   4
330.90000000000000000000   5
331.00000000000000000000   5
331.10000000000000000000   7
331.20000000000000000000   4
331.30000000000000000000   4
331.40000000000000000000   4
331.50000000000000000000   3
331.60000000000000000000   4
331.70000000000000000000   3
331.80000000000000000000   4
331.90000000000000000000   4
332.00000000000000000000   3
332.10000000000000000000   4
332.20000000000000000000   3
332.30000000000000000000   3
332.40000000000000000000   3
332.50000000000000000000   4
332.60000000000000000000   4
332.70000000000000000000   3
332.80000000000000000000   4
332.90000000000000000000   4
333.00000000000000000000   2
333.10000000000000000000   1
333.20000000000000000000   1
333.30000000000000000000   1
333.40000000000000000000   1
333.50000000000000000000   1
333.60000000000000000000   1
333.70000000000000000000   0
333.80000000000000000000   1
333.90000000000000000000   5
334.00000000000000000000   2
334.10000000000000000000   3
334.20000000000000000000   3
334.30000000000000000000   4
334.40000000000000000000   4
334.50000000000000000000   3
334.60000000000000000000   4
334.70000000000000000000   4
334.80000000000000000000   5
334.90000000000000000000   4
335.00000000000000000000   4
335.10000000000000000000   5
335.20000000000000000000   5
335.30000000000000000000   3
335.40000000000000000000   4
335.50000000000000000000   5
335.60000000000000000000   5
335.70000000000000000000   1
335.80000000000000000000   1
335.90000000000000000000   1
336.00000000000000000000   0
336.10000000000000000000   1
336.20000000000000000000   0
336.30000000000000000000   3
336.40000000000000000000   1
336.50000000000000000000   2
336.60000000000000000000   2
336.70000000000000000000   2
336.80000000000000000000   1
336.90000000000000000000   3
337.00000000000000000000   2
337.10000000000000000000   1
337.20000000000000000000   1
337.30000000000000000000   4
337.40000000000000000000   3
337.50000000000000000000   2
337.60000000000000000000   2
337.70000000000000000000   1
337.80000000000000000000   1
337.90000000000000000000   3
338.00000000000000000000   3
338.10000000000000000000   3
338.20000000000000000000   2
338.30000000000000000000   2
338.40000000000000000000   3
338.50000000000000000000   3
338.60000000000000000000   2
338.70000000000000000000   3
338.80000000000000000000   3
338.90000000000000000000   2
339.00000000000000000000   4
339.10000000000000000000   1
339.20000000000000000000   1
339.30000000000000000000   5
339.40000000000000000000   2
339.50000000000000000000   0
339.60000000000000000000   1
339.70000000000000000000   1
339.80000000000000000000   0
339.90000000000000000000   1
340.00000000000000000000   0
340.10000000000000000000   1
340.20000000000000000000   0
340.30000000000000000000   1
340.40000000000000000000   0
340.50000000000000000000   0
340.60000000000000000000   0
340.70000000000000000000   0
340.80000000000000000000   0
340.90000000000000000000   0
341.00000000000000000000   1
341.10000000000000000000   0
341.20000000000000000000   1
341.30000000000000000000   0
341.40000000000000000000   0
341.50000000000000000000   1
341.60000000000000000000   0
341.70000000000000000000   2
341.80000000000000000000   2
341.90000000000000000000   2
342.00000000000000000000   3
342.10000000000000000000   2
342.20000000000000000000   2
342.30000000000000000000   2
342.40000000000000000000   2
342.50000000000000000000   0
342.60000000000000000000   1
342.70000000000000000000   1
342.80000000000000000000   2
342.90000000000000000000   1
343.00000000000000000000   2
343.10000000000000000000   3
343.20000000000000000000   2
343.30000000000000000000   4
343.40000000000000000000   3
343.50000000000000000000   0
343.60000000000000000000   0
343.70000000000000000000   2
343.80000000000000000000   1
343.90000000000000000000   1
344.00000000000000000000   0
344.10000000000000000000   0
344.20000000000000000000   1
344.30000000000000000000   0
344.40000000000000000000   1
344.50000000000000000000   0
344.60000000000000000000   0
344.70000000000000000000   0
344.80000000000000000000   2
344.90000000000000000000   1
345.00000000000000000000   2
345.10000000000000000000   2
345.20000000000000000000   2
345.30000000000000000000   4
345.40000000000000000000   3
345.50000000000000000000   4
345.60000000000000000000   5
345.70000000000000000000   5
345.80000000000000000000   6
345.90000000000000000000   6
346.00000000000000000000   5
346.10000000000000000000   3
346.20000000000000000000   3
346.30000000000000000000   2
346.40000000000000000000   3
346.50000000000000000000   3
346.60000000000000000000   3
346.70000000000000000000   1
346.80000000000000000000   7
346.90000000000000000000   8
347.00000000000000000000   6
347.10000000000000000000   5
347.20000000000000000000   5
347.30000000000000000000   5
347.40000000000000000000   5
347.50000000000000000000   6
347.60000000000000000000   5
347.70000000000000000000   5
347.80000000000000000000   5
347.90000000000000000000   6
348.00000000000000000000   6
348.10000000000000000000   3
348.20000000000000000000   7
348.30000000000000000000   5
348.40000000000000000000   5
348.50000000000000000000   5
348.60000000000000000000   6
348.70000000000000000000   5
348.80000000000000000000   5
348.90000000000000000000   5
349.00000000000000000000   3
349.10000000000000000000   5
349.20000000000000000000   4
349.30000000000000000000   4
349.40000000000000000000   6
349.50000000000000000000   5
349.60000000000000000000   5
349.70000000000000000000   5
349.80000000000000000000   5
349.90000000000000000000   5
350.00000000000000000000   5
350.10000000000000000000   5
350.20000000000000000000   5
350.30000000000000000000   5
350.40000000000000000000   4
350.50000000000000000000   5
350.60000000000000000000   4
350.70000000000000000000   5
350.80000000000000000000   5
350.90000000000000000000   5
351.00000000000000000000   5
351.10000000000000000000   6
351.20000000000000000000   7
351.30000000000000000000   2
351.40000000000000000000   4
351.50000000000000000000   7
351.60000000000000000000   5
351.70000000000000000000   5
351.80000000000000000000   5
351.90000000000000000000   5
352.00000000000000000000   5
352.10000000000000000000   4
352.20000000000000000000   5
352.30000000000000000000   3
352.40000000000000000000   4
352.50000000000000000000   4
352.60000000000000000000   3
352.70000000000000000000   6
352.80000000000000000000   1
352.90000000000000000000   4
353.00000000000000000000   5
353.10000000000000000000   3
353.20000000000000000000   8
353.30000000000000000000   7
353.40000000000000000000   2
353.50000000000000000000   1
353.60000000000000000000   6
353.70000000000000000000   6
353.80000000000000000000   6
353.90000000000000000000   8
354.00000000000000000000   9
354.10000000000000000000   9
354.20000000000000000000   9
354.30000000000000000000   9
354.40000000000000000000   7
354.50000000000000000000   6
354.60000000000000000000   9
354.70000000000000000000   7
354.80000000000000000000   7
354.90000000000000000000   2
355.00000000000000000000   3
355.10000000000000000000   4
355.20000000000000000000   3
355.30000000000000000000   1
355.40000000000000000000   3
355.50000000000000000000   6
355.60000000000000000000   5
355.70000000000000000000   5
355.80000000000000000000   5
355.90000000000000000000   5
356.00000000000000000000   5
356.10000000000000000000   5
356.20000000000000000000   5
356.30000000000000000000   4
356.40000000000000000000   6
356.50000000000000000000   6
356.60000000000000000000   5
356.70000000000000000000   6
356.80000000000000000000   4
356.90000000000000000000   6
357.00000000000000000000   2
357.10000000000000000000   1
357.20000000000000000000   1
357.30000000000000000000   2
357.40000000000000000000   4
357.50000000000000000000   3
357.60000000000000000000   4
357.70000000000000000000   3
357.80000000000000000000   3
357.90000000000000000000   3
358.00000000000000000000   3
358.10000000000000000000   3
358.20000000000000000000   3
358.30000000000000000000   3
358.40000000000000000000   7
358.50000000000000000000   7
358.60000000000000000000   8
358.70000000000000000000   7
358.80000000000000000000   7
358.90000000000000000000   8
359.00000000000000000000   7
359.10000000000000000000   4
359.20000000000000000000   5
359.30000000000000000000   6
359.40000000000000000000   6
359.50000000000000000000   5
359.60000000000000000000   5
359.70000000000000000000   5
359.80000000000000000000   4
359.90000000000000000000   6
360.00000000000000000000   7
360.10000000000000000000   7
360.20000000000000000000   3
360.30000000000000000000   7
360.40000000000000000000   6
360.50000000000000000000   3
360.60000000000000000000   4
360.70000000000000000000   6
360.80000000000000000000   6
360.90000000000000000000   4
361.00000000000000000000   6
361.10000000000000000000   6
361.20000000000000000000   8
361.30000000000000000000   4
361.40000000000000000000   5
361.50000000000000000000   6
361.60000000000000000000   7
361.70000000000000000000   6
361.80000000000000000000   6
361.90000000000000000000   7
362.00000000000000000000   4
362.10000000000000000000   6
362.20000000000000000000   6
362.30000000000000000000   6
362.40000000000000000000   5
362.50000000000000000000   6
362.60000000000000000000   5
362.70000000000000000000   5
362.80000000000000000000   5
362.90000000000000000000   5
363.00000000000000000000   6
363.10000000000000000000   6
363.20000000000000000000   5
363.30000000000000000000   5
363.40000000000000000000   5
363.50000000000000000000   5
363.60000000000000000000   5
363.70000000000000000000   5
363.80000000000000000000   4
363.90000000000000000000   6
364.00000000000000000000   4
364.10000000000000000000   2
364.20000000000000000000   4
364.30000000000000000000   5
364.40000000000000000000   4
364.50000000000000000000   6
364.60000000000000000000   5
364.70000000000000000000   6
364.80000000000000000000   5
364.90000000000000000000   6
365.00000000000000000000   6
365.10000000000000000000   5
365.20000000000000000000   7
365.30000000000000000000   5
365.40000000000000000000   7
365.50000000000000000000   8
365.60000000000000000000   6
365.70000000000000000000   6
365.80000000000000000000   6
365.90000000000000000000   8
366.00000000000000000000   6
366.10000000000000000000   6
366.20000000000000000000   6
366.30000000000000000000   4
366.40000000000000000000   7
366.50000000000000000000   7
366.60000000000000000000   7
366.70000000000000000000   6
366.80000000000000000000   5
366.90000000000000000000   4
367.00000000000000000000   3
367.10000000000000000000   11
367.20000000000000000000   9
367.30000000000000000000   10
367.40000000000000000000   4
367.50000000000000000000   4
367.60000000000000000000   9
367.70000000000000000000   9
367.80000000000000000000   10
367.90000000000000000000   4
368.00000000000000000000   10
368.10000000000000000000   10
368.20000000000000000000   8
368.30000000000000000000   7
368.40000000000000000000   7
368.50000000000000000000   10
368.60000000000000000000   8
368.70000000000000000000   5
368.80000000000000000000   4
368.90000000000000000000   10
369.00000000000000000000   2
369.10000000000000000000   5
369.20000000000000000000   5
369.30000000000000000000   3
369.40000000000000000000   4
369.50000000000000000000   6
369.60000000000000000000   3
369.70000000000000000000   4
369.80000000000000000000   5
369.90000000000000000000   5
370.00000000000000000000   10
370.10000000000000000000   8
370.20000000000000000000   9
370.30000000000000000000   12
370.40000000000000000000   10
370.50000000000000000000   11
370.60000000000000000000   11
370.70000000000000000000   8
370.80000000000000000000   8
370.90000000000000000000   7
371.00000000000000000000   6
371.10000000000000000000   7
371.20000000000000000000   9
371.30000000000000000000   10
371.40000000000000000000   5
371.50000000000000000000   8
371.60000000000000000000   7
371.70000000000000000000   7
371.80000000000000000000   7
371.90000000000000000000   9
372.00000000000000000000   5
372.10000000000000000000   6
372.20000000000000000000   7
372.30000000000000000000   5
372.40000000000000000000   7
372.50000000000000000000   5
372.60000000000000000000   6
372.70000000000000000000   6
372.80000000000000000000   5
372.90000000000000000000   6
373.00000000000000000000   10
373.10000000000000000000   11
373.20000000000000000000   8
373.30000000000000000000   8
373.40000000000000000000   6
373.50000000000000000000   9
373.60000000000000000000   9
373.70000000000000000000   8
373.80000000000000000000   9
373.90000000000000000000   7
374.00000000000000000000   8
374.10000000000000000000   8
374.20000000000000000000   7
374.30000000000000000000   9
374.40000000000000000000   8
374.50000000000000000000   6
374.60000000000000000000   8
374.70000000000000000000   9
374.80000000000000000000   10
374.90000000000000000000   9
375.00000000000000000000   7
375.10000000000000000000   7
375.20000000000000000000   10
375.30000000000000000000   9
375.40000000000000000000   9
375.50000000000000000000   11
375.60000000000000000000   10
375.70000000000000000000   8
375.80000000000000000000   3
375.90000000000000000000   4
376.00000000000000000000   3
376.10000000000000000000   9
376.20000000000000000000   7
376.30000000000000000000   9
376.40000000000000000000   9
376.50000000000000000000   8
376.60000000000000000000   6
376.70000000000000000000   7
376.80000000000000000000   5
376.90000000000000000000   7
377.00000000000000000000   9
377.10000000000000000000   6
377.20000000000000000000   9
377.30000000000000000000   9
377.40000000000000000000   10
377.50000000000000000000   9
377.60000000000000000000   7
377.70000000000000000000   9
377.80000000000000000000   7
377.90000000000000000000   9
378.00000000000000000000   10
378.10000000000000000000   10
378.20000000000000000000   9
378.30000000000000000000   12
378.40000000000000000000   11
378.50000000000000000000   8
378.60000000000000000000   10
378.70000000000000000000   8
378.80000000000000000000   4
378.90000000000000000000   8
379.00000000000000000000   7
379.10000000000000000000   7
379.20000000000000000000   8
379.30000000000000000000   13
379.40000000000000000000   8
379.50000000000000000000   7
379.60000000000000000000   7
379.70000000000000000000   9
379.80000000000000000000   9
379.90000000000000000000   9
380.00000000000000000000   12
380.10000000000000000000   10
380.20000000000000000000   13
380.30000000000000000000   10
380.40000000000000000000   9
380.50000000000000000000   8
380.60000000000000000000   8
380.70000000000000000000   10
380.80000000000000000000   6
380.90000000000000000000   7
381.00000000000000000000   8
381.10000000000000000000   7
381.20000000000000000000   7
381.30000000000000000000   9
381.40000000000000000000   11
381.50000000000000000000   9
381.60000000000000000000   9
381.70000000000000000000   10
381.80000000000000000000   11
381.90000000000000000000   6
382.00000000000000000000   8
382.10000000000000000000   7
382.20000000000000000000   9
382.30000000000000000000   10
382.40000000000000000000   8
382.50000000000000000000   10
382.60000000000000000000   6
382.70000000000000000000   8
382.80000000000000000000   7
382.90000000000000000000   7
383.00000000000000000000   7
383.10000000000000000000   9
383.20000000000000000000   10
383.30000000000000000000   9
383.40000000000000000000   8
383.50000000000000000000   9
383.60000000000000000000   7
383.70000000000000000000   6
383.80000000000000000000   5
383.90000000000000000000   6
384.00000000000000000000   6
384.10000000000000000000   7
384.20000000000000000000   4
384.30000000000000000000   7
384.40000000000000000000   4
384.50000000000000000000   6
384.60000000000000000000   5
384.70000000000000000000   6
384.80000000000000000000   6
384.90000000000000000000   6
385.00000000000000000000   7
385.10000000000000000000   6
385.20000000000000000000   5
385.30000000000000000000   7
385.40000000000000000000   7
385.50000000000000000000   8
385.60000000000000000000   8
385.70000000000000000000   7
385.80000000000000000000   8
385.90000000000000000000   7
386.00000000000000000000   7
386.10000000000000000000   6
386.20000000000000000000   8
386.30000000000000000000   7
386.40000000000000000000   7
386.50000000000000000000   6
386.60000000000000000000   8
386.70000000000000000000   8
386.80000000000000000000   8
386.90000000000000000000   9
387.00000000000000000000   8
387.10000000000000000000   6
387.20000000000000000000   6
387.30000000000000000000   6
387.40000000000000000000   8
387.50000000000000000000   7
387.60000000000000000000   9
387.70000000000000000000   8
387.80000000000000000000   7
387.90000000000000000000   9
388.00000000000000000000   8
388.10000000000000000000   8
388.20000000000000000000   6
388.30000000000000000000   7
388.40000000000000000000   6
388.50000000000000000000   6
388.60000000000000000000   6
388.70000000000000000000   7
388.80000000000000000000   6
388.90000000000000000000   6
389.00000000000000000000   5
389.10000000000000000000   5
389.20000000000000000000   6
389.30000000000000000000   7
389.40000000000000000000   6
389.50000000000000000000   6
389.60000000000000000000   6
389.70000000000000000000   5
389.80000000000000000000   6
389.90000000000000000000   6
390.00000000000000000000   5
390.10000000000000000000   6
390.20000000000000000000   6
390.30000000000000000000   6
390.40000000000000000000   7
390.50000000000000000000   7
390.60000000000000000000   8
390.70000000000000000000   5
390.80000000000000000000   5
390.90000000000000000000   7
391.00000000000000000000   4
391.10000000000000000000   7
391.20000000000000000000   6
391.30000000000000000000   6
391.40000000000000000000   7
391.50000000000000000000   5
391.60000000000000000000   6
391.70000000000000000000   5
391.80000000000000000000   6
391.90000000000000000000   7
392.00000000000000000000   5
392.10000000000000000000   6
392.20000000000000000000   8
392.30000000000000000000   8
392.40000000000000000000   7
392.50000000000000000000   7
392.60000000000000000000   4
392.70000000000000000000   5
392.80000000000000000000   5
392.90000000000000000000   5
393.00000000000000000000   4
393.10000000000000000000   4
393.20000000000000000000   3
393.30000000000000000000   4
393.40000000000000000000   5
393.50000000000000000000   3
393.60000000000000000000   4
393.70000000000000000000   4
393.80000000000000000000   3
393.90000000000000000000   4
394.00000000000000000000   6
394.10000000000000000000   5
394.20000000000000000000   4
394.30000000000000000000   6
394.40000000000000000000   4
394.50000000000000000000   5
394.60000000000000000000   3
394.70000000000000000000   5
394.80000000000000000000   4
394.90000000000000000000   4
395.00000000000000000000   5
395.10000000000000000000   5
395.20000000000000000000   3
395.30000000000000000000   3
395.40000000000000000000   4
395.50000000000000000000   5
395.60000000000000000000   4
395.70000000000000000000   5
395.80000000000000000000   4
395.90000000000000000000   4
396.00000000000000000000   3
396.10000000000000000000   3
396.20000000000000000000   4
396.30000000000000000000   4
396.40000000000000000000   4
396.50000000000000000000   6
396.60000000000000000000   5
396.70000000000000000000   4
396.80000000000000000000   5
396.90000000000000000000   5
397.00000000000000000000   5
397.10000000000000000000   5
397.20000000000000000000   4
397.30000000000000000000   4
397.40000000000000000000   4
397.50000000000000000000   5
397.60000000000000000000   5
397.70000000000000000000   5
397.80000000000000000000   5
397.90000000000000000000   4
398.00000000000000000000   6
398.10000000000000000000   10
398.20000000000000000000   9
398.30000000000000000000   8
398.40000000000000000000   6
398.50000000000000000000   7
398.60000000000000000000   8
398.70000000000000000000   6
398.80000000000000000000   11
398.90000000000000000000   11
399.00000000000000000000   11
399.10000000000000000000   11
399.20000000000000000000   11
399.30000000000000000000   11
399.40000000000000000000   11
399.50000000000000000000   11
399.60000000000000000000   11
399.70000000000000000000   11
