# Total_native_contacts: 523
#Frame Native_contacts
0 428
1 440
2 433
3 427
4 434
5 432
6 430
7 426
8 418
9 432
10 409
11 430
12 415
13 409
14 415
15 402
16 413
17 413
18 418
19 410
20 418
21 421
22 423
23 421
24 421
25 425
26 428
27 411
28 424
29 415
30 415
31 421
32 420
33 419
34 423
35 414
36 418
37 422
38 414
39 420
40 418
41 419
42 419
43 422
44 423
45 408
46 413
47 412
48 411
49 414
50 425
51 419
52 419
53 421
54 415
55 429
56 408
57 421
58 410
59 417
60 416
61 419
62 419
63 412
64 420
65 406
66 413
67 414
68 409
69 415
70 398
71 406
72 413
73 405
74 402
75 406
76 408
77 411
78 413
79 419
80 411
81 416
82 411
83 409
84 415
85 412
86 415
87 411
88 411
89 411
90 411
91 410
92 415
93 400
94 400
95 407
96 406
97 407
98 403
99 415
100 420
101 422
102 414
103 414
104 414
105 414
106 424
107 412
108 412
109 401
110 407
111 420
112 417
113 414
114 412
115 415
116 416
117 416
118 421
119 419
120 408
121 410
122 418
123 409
124 414
125 417
126 410
127 410
128 416
129 420
130 424
131 407
132 406
133 405
134 414
135 418
136 415
137 410
138 410
139 402
140 405
141 414
142 411
143 409
144 408
145 417
146 423
147 412
148 415
149 410
150 411
151 407
152 412
153 404
154 404
155 409
156 400
157 408
158 413
159 408
160 413
161 412
162 415
163 416
164 407
165 407
166 402
167 407
168 404
169 411
170 402
171 409
172 410
173 404
174 410
175 402
176 401
177 395
178 409
179 407
180 414
181 412
182 401
183 401
184 406
185 415
186 399
187 411
188 415
189 410
190 408
191 414
192 397
193 406
194 397
195 416
196 412
197 409
198 409
199 401
200 399
201 412
202 416
203 416
204 422
205 410
206 410
207 410
208 415
209 399
210 403
211 404
212 408
213 418
214 414
215 411
216 422
217 410
218 417
219 413
220 421
221 400
222 415
223 403
224 412
225 416
226 412
227 409
228 405
229 413
230 418
231 407
232 418
233 406
234 414
235 416
236 403
237 415
238 403
239 412
240 410
241 421
242 413
243 420
244 423
245 413
246 417
247 413
248 411
249 409
250 412
251 423
252 420
253 418
254 422
255 421
256 420
257 421
258 418
259 419
260 418
261 423
262 411
263 428
264 416
265 414
266 414
267 411
268 409
269 409
270 415
271 417
272 415
273 410
274 416
275 426
276 426
277 420
278 424
279 412
280 421
281 408
282 411
283 415
284 415
285 429
286 413
287 410
288 411
289 414
290 419
291 416
292 410
293 418
294 416
295 414
296 415
297 408
298 413
299 415
300 410
301 412
302 407
303 400
304 403
305 410
306 407
307 406
308 411
309 409
310 410
311 406
312 412
313 418
314 410
315 409
316 414
317 404
318 406
319 400
320 402
321 412
322 410
323 408
324 406
325 401
326 403
327 398
328 410
329 400
330 399
331 415
332 414
333 394
334 414
335 402
336 413
337 412
338 425
339 421
340 419
341 421
342 421
343 424
344 425
345 418
346 410
347 406
348 419
349 421
350 418
351 415
352 415
353 415
354 413
355 410
356 421
357 414
358 425
359 417
360 410
361 404
362 408
363 410
364 411
365 397
366 402
367 398
368 403
369 407
370 395
371 398
372 390
373 407
374 405
375 402
376 408
377 417
378 415
379 417
380 413
381 408
382 425
383 418
384 417
385 414
386 412
387 402
388 415
389 417
390 413
391 412
392 409
393 414
394 412
395 404
396 414
397 421
398 415
399 419
400 414
401 412
402 409
403 411
404 419
405 417
406 413
407 419
408 403
409 410
410 407
411 411
412 416
413 412
414 423
415 417
416 412
417 424
418 422
419 414
420 412
421 406
422 414
423 413
424 418
425 410
426 423
427 420
428 426
429 417
430 424
431 427
432 413
433 428
434 424
435 412
436 429
437 425
438 418
439 420
440 426
441 420
442 428
443 420
444 410
445 417
446 410
447 416
448 417
449 423
450 417
451 413
452 409
453 414
454 398
455 419
456 410
457 408
458 406
459 410
460 409
461 406
462 412
463 405
464 408
465 411
466 400
467 405
468 403
469 412
470 414
471 412
472 419
473 418
474 422
475 412
476 416
477 418
478 414
479 414
480 422
481 419
482 424
483 423
484 409
485 411
486 406
487 412
488 419
489 414
490 419
491 406
492 410
493 419
494 411
495 421
496 420
497 414
498 419
499 409
500 418
501 415
502 417
503 411
504 419
505 412
506 417
507 408
508 414
509 406
510 417
511 417
512 412
513 411
514 410
515 407
516 407
517 400
518 409
519 404
520 402
521 405
522 412
523 402
524 404
525 414
526 398
527 401
528 397
529 403
530 399
531 399
532 407
533 402
534 402
535 403
536 410
537 409
538 409
539 410
540 405
541 402
542 412
543 407
544 402
545 403
546 399
547 411
548 406
549 402
550 394
551 398
552 400
553 408
554 401
555 406
556 403
557 402
558 403
559 395
560 402
561 391
562 397
563 411
564 405
565 400
566 416
567 401
568 398
569 407
570 406
571 414
572 409
573 406
574 415
575 411
576 400
577 410
578 408
579 405
580 397
581 403
582 402
583 401
584 406
585 400
586 411
587 400
588 404
589 412
590 413
591 409
592 412
593 400
594 407
595 398
596 406
597 418
598 391
599 410
600 402
601 412
602 404
603 408
604 402
605 401
606 411
607 407
608 409
609 406
610 408
611 399
612 412
613 410
614 410
615 405
616 404
617 414
618 411
619 408
620 405
621 412
622 416
623 411
624 414
625 405
626 406
627 407
628 402
629 396
630 407
631 392
632 384
633 394
634 403
635 402
636 393
637 397
638 398
639 393
640 401
641 402
642 397
643 401
644 397
645 403
646 391
647 404
648 399
649 400
650 407
651 414
652 407
653 411
654 407
655 411
656 404
657 405
658 412
659 409
660 408
661 411
662 405
663 405
664 408
665 407
666 402
667 404
668 402
669 406
670 404
671 399
672 401
673 402
674 413
675 415
676 416
677 410
678 417
679 403
680 397
681 408
682 410
683 408
684 409
685 409
686 413
687 411
688 399
689 399
690 401
691 403
692 410
693 411
694 395
695 402
696 403
697 408
698 404
699 404
700 395
701 398
702 405
703 413
704 412
705 403
706 420
707 423
708 408
709 405
710 410
711 414
712 412
713 415
714 418
715 418
716 428
717 396
718 409
719 404
720 412
721 406
722 407
723 411
724 407
725 401
726 406
727 413
728 405
729 406
730 401
731 413
732 412
733 407
734 404
735 411
736 407
737 399
738 414
739 408
740 408
741 403
742 389
743 399
744 399
745 405
746 396
747 393
748 390
749 402
750 393
751 393
752 384
753 390
754 398
755 387
756 388
757 395
758 393
759 392
760 385
761 385
762 385
763 390
764 393
765 387
766 389
767 400
768 398
769 400
770 404
771 412
772 399
773 396
774 402
775 409
776 402
777 393
778 399
779 393
780 394
781 390
782 393
783 391
784 393
785 380
786 393
787 390
788 400
789 405
790 390
791 395
792 382
793 395
794 379
795 386
796 380
797 374
798 366
799 384
800 393
801 381
802 375
803 385
804 380
805 383
806 388
807 386
808 374
809 379
810 390
811 393
812 392
813 384
814 383
815 393
816 388
817 394
818 388
819 386
820 383
821 388
822 388
823 387
824 387
825 383
826 382
827 391
828 388
829 393
830 388
831 382
832 389
833 381
834 382
835 388
836 381
837 384
838 390
839 397
840 386
841 396
842 385
843 382
844 391
845 393
846 399
847 392
848 385
849 390
850 389
851 391
852 384
853 382
854 388
855 387
856 396
857 395
858 395
859 399
860 394
861 386
862 383
863 380
864 392
865 389
866 389
867 390
868 387
869 381
870 389
871 389
872 389
873 389
874 383
875 383
876 381
877 383
878 390
879 395
880 398
881 396
882 393
883 396
884 387
885 385
886 379
887 380
888 380
889 383
890 383
891 383
892 389
893 388
894 393
895 386
896 390
897 392
898 392
899 397
900 399
901 393
902 390
903 394
904 404
905 398
906 393
907 398
908 406
909 390
910 390
911 390
912 390
913 391
914 390
915 394
916 397
917 395
918 397
919 401
920 387
921 386
922 389
923 396
924 393
925 397
926 399
927 389
928 393
929 380
930 387
931 383
932 379
933 383
934 377
935 384
936 383
937 374
938 392
939 384
940 374
941 383
942 378
943 381
944 388
945 374
946 391
947 380
948 385
949 381
950 385
951 375
952 364
953 383
954 386
955 383
956 374
957 383
958 384
959 377
960 374
961 374
962 367
963 375
964 375
965 375
966 376
967 379
968 381
969 377
970 378
971 366
972 379
973 377
974 371
975 376
976 380
977 377
978 377
979 364
980 380
981 380
982 380
983 370
984 363
985 381
986 379
987 374
988 378
989 375
990 377
991 376
992 368
993 367
994 369
995 375
996 372
997 363
998 376
999 364
1000 375
1001 362
1002 377
1003 374
1004 370
1005 378
1006 363
1007 374
1008 372
1009 373
1010 374
1011 372
1012 369
1013 370
1014 372
1015 365
1016 369
1017 365
1018 375
1019 369
1020 373
1021 366
1022 363
1023 374
1024 367
1025 362
1026 369
1027 381
1028 376
1029 375
1030 374
1031 365
1032 361
1033 362
1034 371
1035 368
1036 371
1037 376
1038 376
1039 377
1040 379
1041 379
1042 384
1043 380
1044 380
1045 379
1046 382
1047 378
1048 372
1049 387
1050 388
1051 374
1052 380
1053 380
1054 375
1055 375
1056 375
1057 378
1058 383
1059 375
1060 378
1061 382
1062 375
1063 370
1064 376
1065 380
1066 384
1067 375
1068 380
1069 389
1070 384
1071 382
1072 385
1073 372
1074 383
1075 376
1076 360
1077 367
1078 370
1079 369
1080 365
1081 372
1082 368
1083 363
1084 371
1085 368
1086 371
1087 357
1088 372
1089 373
1090 377
1091 385
1092 381
1093 378
1094 367
1095 363
1096 365
1097 356
1098 367
1099 363
1100 370
1101 365
1102 368
1103 373
1104 370
1105 375
1106 363
1107 367
1108 368
1109 373
1110 369
1111 373
1112 363
1113 366
1114 372
1115 371
1116 376
1117 368
1118 369
1119 368
1120 364
1121 364
1122 364
1123 361
1124 366
1125 370
1126 362
1127 365
1128 367
1129 373
1130 369
1131 373
1132 365
1133 366
1134 364
1135 369
1136 370
1137 367
1138 378
1139 368
1140 371
1141 371
1142 371
1143 378
1144 380
1145 379
1146 370
1147 373
1148 379
1149 372
1150 374
1151 372
1152 367
1153 368
1154 353
1155 368
1156 376
1157 377
1158 372
1159 364
1160 365
1161 375
1162 371
1163 361
1164 371
1165 377
1166 368
1167 368
1168 376
1169 370
1170 368
1171 372
1172 370
1173 370
1174 366
1175 369
1176 371
1177 365
1178 367
1179 369
1180 369
1181 371
1182 376
1183 377
1184 374
1185 377
1186 375
1187 381
1188 374
1189 372
1190 372
1191 372
1192 363
1193 364
1194 364
1195 360
1196 366
1197 365
1198 358
1199 359
1200 374
1201 375
1202 368
1203 365
1204 370
1205 387
1206 376
1207 373
1208 379
1209 359
1210 359
1211 360
1212 367
1213 362
1214 363
1215 364
1216 368
1217 365
1218 364
1219 360
1220 370
1221 355
1222 359
1223 361
1224 364
1225 363
1226 369
1227 368
1228 372
1229 362
1230 365
1231 359
1232 352
1233 365
1234 358
1235 358
1236 359
1237 348
1238 371
1239 374
1240 374
1241 368
1242 365
1243 368
1244 368
1245 369
1246 376
1247 367
1248 366
1249 379
1250 377
1251 368
1252 374
1253 372
1254 365
1255 361
1256 370
1257 363
1258 351
1259 365
1260 361
1261 363
1262 363
1263 359
1264 365
1265 361
1266 356
1267 375
1268 369
1269 376
1270 379
1271 374
1272 377
1273 384
1274 378
1275 371
1276 372
1277 371
1278 374
1279 365
1280 374
1281 372
1282 371
1283 375
1284 372
1285 381
1286 385
1287 380
1288 378
1289 387
1290 378
1291 374
1292 371
1293 369
1294 372
1295 377
1296 377
1297 374
1298 381
1299 378
1300 381
1301 384
1302 380
1303 379
1304 387
1305 385
1306 390
1307 384
1308 389
1309 379
1310 378
1311 377
1312 378
1313 385
1314 386
1315 379
1316 375
1317 378
1318 370
1319 370
1320 372
1321 365
1322 367
1323 373
1324 369
1325 365
1326 373
1327 370
1328 366
1329 370
1330 376
1331 359
1332 381
1333 371
1334 372
1335 370
1336 372
1337 375
1338 374
1339 382
1340 376
1341 385
1342 386
1343 377
1344 381
1345 385
1346 376
1347 372
1348 379
1349 382
1350 379
1351 374
1352 374
1353 360
1354 364
1355 370
1356 371
1357 379
1358 382
1359 380
1360 381
1361 383
1362 373
1363 383
1364 375
1365 374
1366 366
1367 371
1368 369
1369 364
1370 367
1371 364
1372 380
1373 369
1374 376
1375 369
1376 364
1377 365
1378 368
1379 367
1380 378
1381 370
1382 371
1383 371
1384 377
1385 377
1386 376
1387 381
1388 374
1389 376
1390 375
1391 381
1392 364
1393 373
1394 366
1395 371
1396 369
1397 368
1398 373
1399 367
1400 377
1401 376
1402 376
1403 375
1404 381
1405 368
1406 372
1407 376
1408 367
1409 368
1410 370
1411 371
1412 371
1413 380
1414 377
1415 368
1416 371
1417 367
1418 369
1419 369
1420 373
1421 369
1422 376
1423 366
1424 370
1425 374
1426 382
1427 377
1428 371
1429 375
1430 353
1431 366
1432 363
1433 374
1434 374
1435 365
1436 372
1437 372
1438 376
1439 374
1440 368
1441 371
1442 364
1443 367
1444 369
1445 376
1446 373
1447 375
1448 379
1449 371
1450 379
1451 365
1452 376
1453 372
1454 378
1455 371
1456 377
1457 360
1458 365
1459 376
1460 372
1461 366
1462 363
1463 376
1464 358
1465 368
1466 372
1467 372
1468 374
1469 368
1470 368
1471 367
1472 358
1473 374
1474 367
1475 372
1476 368
1477 365
1478 372
1479 367
1480 365
1481 372
1482 380
1483 369
1484 367
1485 366
1486 368
1487 371
1488 373
1489 378
1490 372
1491 374
1492 368
1493 373
1494 360
1495 372
1496 366
1497 373
1498 377
1499 373
1500 378
1501 379
1502 373
1503 365
1504 365
1505 371
1506 369
1507 370
1508 376
1509 368
1510 373
1511 375
1512 370
1513 363
1514 381
1515 364
1516 368
1517 372
1518 377
1519 372
1520 377
1521 379
1522 376
1523 370
1524 377
1525 374
1526 380
1527 387
1528 373
1529 377
1530 370
1531 372
1532 380
1533 375
1534 373
1535 374
1536 379
1537 372
1538 375
1539 371
1540 370
1541 370
1542 367
1543 369
1544 374
1545 366
1546 363
1547 369
1548 370
1549 381
1550 387
1551 385
1552 375
1553 380
1554 374
1555 376
1556 378
1557 368
1558 389
1559 374
1560 382
1561 380
1562 377
1563 374
1564 377
1565 381
1566 381
1567 382
1568 384
1569 379
1570 374
1571 377
1572 377
1573 369
1574 367
1575 372
1576 364
1577 369
1578 359
1579 365
1580 358
1581 370
1582 362
1583 355
1584 353
1585 367
1586 356
1587 368
1588 366
1589 364
1590 361
1591 372
1592 372
1593 363
1594 366
1595 363
1596 367
1597 363
1598 369
1599 358
1600 358
1601 361
1602 362
1603 365
1604 370
1605 373
1606 362
1607 363
1608 358
1609 362
1610 360
1611 366
1612 349
1613 358
1614 362
1615 367
1616 364
1617 363
1618 357
1619 362
1620 365
1621 358
1622 356
1623 354
1624 354
1625 359
1626 361
1627 355
1628 357
1629 359
1630 360
1631 364
1632 358
1633 367
1634 358
1635 369
1636 361
1637 363
1638 368
1639 358
1640 356
1641 359
1642 358
1643 366
1644 366
1645 366
1646 356
1647 361
1648 361
1649 364
1650 365
1651 368
1652 367
1653 364
1654 369
1655 368
1656 361
1657 368
1658 364
1659 360
1660 361
1661 346
1662 349
1663 361
1664 354
1665 359
1666 350
1667 354
1668 357
1669 353
1670 351
1671 353
1672 354
1673 364
1674 346
1675 355
1676 360
1677 349
1678 354
1679 349
1680 341
1681 347
1682 351
1683 348
1684 348
1685 355
1686 344
1687 347
1688 347
1689 351
1690 337
1691 354
1692 351
1693 355
1694 355
1695 360
1696 360
1697 352
1698 359
1699 351
1700 364
1701 354
1702 359
1703 353
1704 351
1705 354
1706 353
1707 342
1708 348
1709 346
1710 348
1711 360
1712 348
1713 349
1714 355
1715 344
1716 357
1717 347
1718 347
1719 355
1720 359
1721 348
1722 355
1723 350
1724 349
1725 358
1726 347
1727 347
1728 343
1729 361
1730 364
1731 367
1732 360
1733 348
1734 358
1735 347
1736 358
1737 354
1738 360
1739 351
1740 354
1741 354
1742 355
1743 361
1744 352
1745 357
1746 350
1747 362
1748 363
1749 372
1750 349
1751 353
1752 351
1753 353
1754 356
1755 351
1756 343
1757 343
1758 345
1759 351
1760 353
1761 351
1762 359
1763 353
1764 342
1765 350
1766 349
1767 351
1768 346
1769 353
1770 345
1771 359
1772 352
1773 348
1774 343
1775 348
1776 349
1777 350
1778 352
1779 353
1780 353
1781 360
1782 353
1783 358
1784 352
1785 348
1786 349
1787 355
1788 353
1789 357
1790 351
1791 351
1792 340
1793 352
1794 341
1795 349
1796 355
1797 359
1798 339
1799 339
1800 346
1801 337
1802 352
1803 357
1804 345
1805 345
1806 346
1807 342
1808 344
1809 355
1810 339
1811 345
1812 350
1813 349
1814 350
1815 347
1816 357
1817 351
1818 358
1819 359
1820 355
1821 361
1822 362
1823 362
1824 369
1825 370
1826 373
1827 369
1828 373
1829 370
1830 366
1831 363
1832 370
1833 376
1834 374
1835 367
1836 372
1837 376
1838 372
1839 372
1840 365
1841 369
1842 375
1843 368
1844 365
1845 373
1846 381
1847 372
1848 383
1849 370
1850 372
1851 373
1852 375
1853 373
1854 373
1855 368
1856 379
1857 371
1858 363
1859 374
1860 368
1861 370
1862 368
1863 374
1864 372
1865 375
1866 377
1867 376
1868 371
1869 369
1870 370
1871 377
1872 372
1873 377
1874 376
1875 374
1876 375
1877 371
1878 381
1879 376
1880 371
1881 381
1882 360
1883 380
1884 367
1885 363
1886 367
1887 363
1888 366
1889 362
1890 369
1891 369
1892 361
1893 362
1894 365
1895 363
1896 367
1897 365
1898 362
1899 359
1900 361
1901 369
1902 370
1903 360
1904 367
1905 371
1906 367
1907 376
1908 369
1909 372
1910 368
1911 361
1912 370
1913 363
1914 358
1915 367
1916 362
1917 367
1918 362
1919 359
1920 355
1921 351
1922 357
1923 361
1924 361
1925 352
1926 356
1927 357
1928 375
1929 367
1930 377
1931 381
1932 377
1933 374
1934 368
1935 374
1936 387
1937 375
1938 372
1939 371
1940 365
1941 368
1942 373
1943 375
1944 380
1945 363
1946 375
1947 369
1948 372
1949 361
1950 362
1951 358
1952 362
1953 353
1954 353
1955 358
1956 358
1957 368
1958 364
1959 362
1960 365
1961 363
1962 365
1963 368
1964 364
1965 373
1966 364
1967 373
1968 374
1969 376
1970 373
1971 367
1972 375
1973 373
1974 376
1975 361
1976 362
1977 364
1978 373
1979 360
1980 369
1981 359
1982 356
1983 352
1984 362
1985 359
1986 364
1987 359
1988 365
1989 362
1990 360
1991 356
1992 359
1993 359
1994 361
1995 371
1996 362
1997 358
1998 374
1999 358
2000 360
2001 367
2002 372
2003 361
2004 368
2005 363
2006 365
2007 367
2008 363
2009 357
2010 363
2011 363
2012 369
2013 347
2014 355
2015 349
2016 348
2017 350
2018 355
2019 341
2020 348
2021 353
2022 353
2023 350
2024 351
2025 347
2026 339
2027 353
2028 363
2029 361
2030 356
2031 349
2032 347
2033 364
2034 352
2035 338
2036 344
2037 347
2038 359
2039 355
2040 367
2041 364
2042 365
2043 354
2044 361
2045 365
2046 370
2047 373
2048 368
2049 373
2050 368
2051 371
2052 373
2053 384
2054 373
2055 382
2056 378
2057 373
2058 373
2059 373
2060 372
2061 380
2062 380
2063 367
2064 376
2065 379
2066 385
2067 375
2068 383
2069 374
2070 374
2071 375
2072 375
2073 374
2074 372
2075 368
2076 368
2077 381
2078 376
2079 378
2080 378
2081 386
2082 373
2083 375
2084 371
2085 369
2086 376
2087 369
2088 371
2089 373
2090 371
2091 372
2092 376
2093 370
2094 371
2095 369
2096 364
2097 373
2098 382
2099 369
2100 379
2101 385
2102 377
2103 367
2104 378
2105 375
2106 372
2107 374
2108 371
2109 377
2110 384
2111 378
2112 375
2113 373
2114 377
2115 376
2116 373
2117 367
2118 369
2119 380
2120 375
2121 377
2122 378
2123 377
2124 377
2125 378
2126 373
2127 378
2128 382
2129 380
2130 375
2131 374
2132 374
2133 371
2134 373
2135 370
2136 375
2137 373
2138 377
2139 375
2140 365
2141 375
2142 369
2143 377
2144 368
2145 367
2146 364
2147 368
2148 360
2149 361
2150 360
2151 362
2152 369
2153 358
2154 364
2155 362
2156 363
2157 372
2158 372
2159 371
2160 367
2161 370
2162 368
2163 369
2164 367
2165 369
2166 359
2167 364
2168 358
2169 368
2170 362
2171 366
2172 360
2173 366
2174 366
2175 365
2176 364
2177 353
2178 365
2179 358
2180 361
2181 371
2182 366
2183 361
2184 367
2185 372
2186 377
2187 366
2188 369
2189 368
2190 367
2191 359
2192 355
2193 354
2194 352
2195 359
2196 364
2197 364
2198 367
2199 362
2200 371
2201 355
2202 358
2203 357
2204 354
2205 348
2206 353
2207 357
2208 357
2209 362
2210 374
2211 363
2212 375
2213 357
2214 365
2215 365
2216 361
2217 365
2218 375
2219 366
2220 373
2221 363
2222 364
2223 363
2224 367
2225 366
2226 364
2227 364
2228 355
2229 358
2230 360
2231 358
2232 343
2233 347
2234 349
2235 357
2236 362
2237 361
2238 363
2239 363
2240 358
2241 351
2242 360
2243 358
2244 367
2245 362
2246 366
2247 356
2248 372
2249 362
2250 370
2251 358
2252 357
2253 357
2254 369
2255 361
2256 362
2257 360
2258 365
2259 357
2260 365
2261 358
2262 360
2263 368
2264 350
2265 353
2266 350
2267 360
2268 359
2269 362
2270 359
2271 364
2272 357
2273 360
2274 357
2275 359
2276 369
2277 360
2278 357
2279 368
2280 363
2281 368
2282 366
2283 364
2284 370
2285 368
2286 362
2287 363
2288 366
2289 358
2290 370
2291 370
2292 378
2293 374
2294 370
2295 372
2296 377
2297 381
2298 364
2299 372
2300 381
2301 381
2302 376
2303 380
2304 378
2305 381
2306 369
2307 370
2308 384
2309 380
2310 384
2311 377
2312 383
2313 373
2314 380
2315 379
2316 364
2317 380
2318 376
2319 370
2320 373
2321 364
2322 369
2323 361
2324 369
2325 374
2326 370
2327 370
2328 353
2329 361
2330 358
2331 363
2332 358
2333 372
2334 364
2335 367
2336 355
2337 356
2338 365
2339 362
2340 361
2341 366
2342 354
2343 356
2344 357
2345 344
2346 349
2347 350
2348 344
2349 341
2350 340
2351 342
2352 339
2353 338
2354 339
2355 335
2356 337
2357 344
2358 325
2359 332
2360 340
2361 329
2362 335
2363 335
2364 336
2365 342
2366 334
2367 333
2368 333
2369 331
2370 325
2371 336
2372 342
2373 336
2374 337
2375 334
2376 334
2377 332
2378 339
2379 345
2380 346
2381 340
2382 342
2383 341
2384 335
2385 343
2386 347
2387 340
2388 342
2389 342
2390 341
2391 344
2392 345
2393 342
2394 347
2395 344
2396 343
2397 344
2398 351
2399 349
2400 338
2401 354
2402 347
2403 354
2404 338
2405 345
2406 343
2407 341
2408 327
2409 337
2410 327
2411 335
2412 335
2413 334
2414 333
2415 342
2416 332
2417 327
2418 332
2419 330
2420 328
2421 332
2422 329
2423 335
2424 338
2425 333
2426 331
2427 337
2428 341
2429 332
2430 338
2431 333
2432 343
2433 349
2434 337
2435 339
2436 336
2437 336
2438 328
2439 328
2440 333
2441 329
2442 333
2443 328
2444 326
2445 325
2446 325
2447 318
2448 329
2449 329
2450 334
2451 334
2452 336
2453 335
2454 322
2455 335
2456 336
2457 324
2458 335
2459 325
2460 328
2461 328
2462 331
2463 333
2464 321
2465 338
2466 330
2467 340
2468 328
2469 342
2470 336
2471 319
2472 334
2473 330
2474 322
2475 319
2476 320
2477 321
2478 318
2479 318
2480 326
2481 318
2482 321
2483 315
2484 317
2485 320
2486 327
2487 319
2488 333
2489 332
2490 325
2491 335
2492 319
2493 337
2494 328
2495 334
2496 329
2497 327
2498 327
2499 329
2500 326
2501 326
2502 323
2503 328
2504 329
2505 330
2506 337
2507 336
2508 329
2509 332
2510 329
2511 334
2512 330
2513 335
2514 330
2515 342
2516 331
2517 328
2518 331
2519 338
2520 330
2521 330
2522 340
2523 334
2524 336
2525 331
2526 335
2527 333
2528 334
2529 337
2530 339
2531 327
2532 328
2533 337
2534 326
2535 330
2536 331
2537 336
2538 333
2539 336
2540 335
2541 336
2542 338
2543 335
2544 335
2545 340
2546 337
2547 338
2548 328
2549 332
2550 333
2551 340
2552 345
2553 330
2554 339
2555 344
2556 345
2557 348
2558 346
2559 339
2560 347
2561 344
2562 343
2563 340
2564 332
2565 333
2566 327
2567 318
2568 328
2569 342
2570 327
2571 334
2572 334
2573 345
2574 331
2575 340
2576 342
2577 341
2578 345
2579 342
2580 337
2581 338
2582 341
2583 331
2584 341
2585 335
2586 339
2587 338
2588 344
2589 336
2590 330
2591 331
2592 333
2593 340
2594 338
2595 340
2596 346
2597 339
2598 344
2599 332
2600 336
2601 338
2602 338
2603 344
2604 345
2605 336
2606 339
2607 336
2608 341
2609 342
2610 336
2611 341
2612 334
2613 341
2614 341
2615 333
2616 334
2617 339
2618 336
2619 342
2620 337
2621 338
2622 333
2623 333
2624 341
2625 331
2626 342
2627 335
2628 343
2629 334
2630 342
2631 343
2632 342
2633 336
2634 339
2635 341
2636 338
2637 344
2638 339
2639 348
2640 353
2641 340
2642 333
2643 335
2644 340
2645 349
2646 344
2647 342
2648 344
2649 353
2650 352
2651 342
2652 352
2653 357
2654 346
2655 358
2656 362
2657 358
2658 357
2659 360
2660 355
2661 358
2662 361
2663 364
2664 351
2665 353
2666 360
2667 361
2668 363
2669 352
2670 345
2671 353
2672 356
2673 361
2674 353
2675 359
2676 353
2677 361
2678 363
2679 357
2680 364
2681 361
2682 356
2683 353
2684 352
2685 355
2686 352
2687 354
2688 348
2689 346
2690 345
2691 343
2692 357
2693 342
2694 346
2695 346
2696 358
2697 355
2698 349
2699 352
2700 353
2701 353
2702 345
2703 348
2704 352
2705 342
2706 345
2707 355
2708 351
2709 330
2710 334
2711 339
2712 334
2713 348
2714 342
2715 343
2716 351
2717 338
2718 333
2719 339
2720 328
2721 329
2722 342
2723 362
2724 341
2725 343
2726 345
2727 345
2728 346
2729 342
2730 341
2731 348
2732 345
2733 337
2734 341
2735 340
2736 340
2737 334
2738 334
2739 333
2740 344
2741 337
2742 338
2743 332
2744 335
2745 342
2746 342
2747 342
2748 338
2749 333
2750 335
2751 338
2752 333
2753 333
2754 334
2755 330
2756 331
2757 338
2758 326
2759 333
2760 340
2761 340
2762 340
2763 342
2764 338
2765 338
2766 338
2767 335
2768 337
2769 335
2770 334
2771 339
2772 341
2773 339
2774 342
2775 332
2776 343
2777 337
2778 342
2779 345
2780 332
2781 343
2782 347
2783 341
2784 347
2785 333
2786 343
2787 342
2788 342
2789 341
2790 339
2791 343
2792 340
2793 335
2794 331
2795 335
2796 336
2797 329
2798 333
2799 331
2800 330
2801 329
2802 335
2803 338
2804 335
2805 329
2806 332
2807 332
2808 328
2809 322
2810 325
2811 327
2812 329
2813 327
2814 324
2815 334
2816 331
2817 325
2818 327
2819 332
2820 333
2821 321
2822 320
2823 331
2824 323
2825 341
2826 329
2827 327
2828 328
2829 333
2830 334
2831 324
2832 343
2833 327
2834 330
2835 338
2836 334
2837 349
2838 344
2839 343
2840 335
2841 337
2842 341
2843 343
2844 338
2845 331
2846 335
2847 336
2848 333
2849 346
2850 338
2851 341
2852 338
2853 333
2854 337
2855 342
2856 334
2857 343
2858 338
2859 342
2860 342
2861 343
2862 340
2863 350
2864 350
2865 339
2866 344
2867 328
2868 345
2869 342
2870 341
2871 353
2872 344
2873 345
2874 349
2875 345
2876 349
2877 335
2878 362
2879 354
2880 360
2881 352
2882 364
2883 359
2884 356
2885 360
2886 355
2887 361
2888 357
2889 357
2890 346
2891 346
2892 351
2893 349
2894 357
2895 363
2896 353
2897 360
2898 372
2899 367
2900 371
2901 355
2902 362
2903 364
2904 365
2905 365
2906 367
2907 366
2908 366
2909 372
2910 371
2911 361
2912 366
2913 357
2914 360
2915 363
2916 360
2917 359
2918 358
2919 362
2920 359
2921 357
2922 368
2923 372
2924 361
2925 362
2926 354
2927 369
2928 358
2929 361
2930 365
2931 358
2932 363
2933 361
2934 365
2935 366
2936 367
2937 364
2938 363
2939 365
2940 362
2941 355
2942 362
2943 363
2944 368
2945 363
2946 364
2947 364
2948 353
2949 362
2950 365
2951 366
2952 371
2953 368
2954 368
2955 368
2956 371
2957 371
2958 371
2959 372
2960 377
2961 370
2962 373
2963 377
2964 379
2965 374
2966 381
2967 380
2968 377
2969 375
2970 377
2971 364
2972 360
2973 358
2974 362
2975 369
2976 364
2977 354
2978 355
2979 372
2980 352
2981 359
2982 356
2983 352
2984 342
2985 346
2986 353
2987 346
2988 358
2989 345
2990 357
2991 359
2992 357
2993 361
2994 348
2995 344
2996 353
2997 350
2998 345
2999 355
3000 350
3001 356
3002 354
3003 350
3004 341
3005 340
3006 339
3007 337
3008 346
3009 334
3010 344
3011 344
3012 333
3013 338
3014 331
3015 331
3016 330
3017 341
3018 336
3019 335
3020 332
3021 333
3022 338
3023 333
3024 339
3025 338
3026 337
3027 331
3028 329
3029 328
3030 334
3031 332
3032 338
3033 336
3034 341
3035 342
3036 332
3037 323
3038 339
3039 334
3040 327
3041 330
3042 336
3043 348
3044 335
3045 332
3046 337
3047 346
3048 348
3049 337
3050 338
3051 340
3052 341
3053 344
3054 335
3055 342
3056 341
3057 339
3058 337
3059 332
3060 339
3061 338
3062 330
3063 338
3064 346
3065 338
3066 337
3067 337
3068 343
3069 334
3070 326
3071 337
3072 330
3073 340
3074 332
3075 335
3076 341
3077 331
3078 336
3079 343
3080 335
3081 345
3082 342
3083 343
3084 337
3085 337
3086 342
3087 344
3088 345
3089 344
3090 334
3091 327
3092 332
3093 325
3094 331
3095 331
3096 332
3097 331
3098 321
3099 332
3100 333
3101 329
3102 336
3103 346
3104 337
3105 341
3106 336
3107 333
3108 334
3109 336
3110 337
3111 341
3112 342
3113 351
3114 336
3115 342
3116 348
3117 337
3118 340
3119 335
3120 329
3121 338
3122 335
3123 337
3124 340
3125 332
3126 345
3127 333
3128 336
3129 340
3130 334
3131 344
3132 341
3133 342
3134 328
3135 343
3136 335
3137 343
3138 336
3139 335
3140 337
3141 341
3142 340
3143 340
3144 335
3145 333
3146 332
3147 343
3148 345
3149 344
3150 339
3151 339
3152 340
3153 335
3154 339
3155 340
3156 341
3157 338
3158 338
3159 341
3160 343
3161 335
3162 339
3163 344
3164 344
3165 335
3166 334
3167 341
3168 336
3169 338
3170 340
3171 342
3172 344
3173 342
3174 345
3175 329
3176 333
3177 334
3178 339
3179 337
3180 338
3181 343
3182 341
3183 334
3184 339
3185 332
3186 339
3187 342
3188 335
3189 334
3190 334
3191 344
3192 344
3193 337
3194 349
3195 346
3196 349
3197 344
3198 341
3199 341
3200 341
3201 340
3202 340
3203 347
3204 341
3205 338
3206 343
3207 352
3208 352
3209 354
3210 351
3211 344
3212 339
3213 340
3214 343
3215 346
3216 347
3217 342
3218 339
3219 343
3220 340
3221 341
3222 344
3223 334
3224 347
3225 340
3226 346
3227 340
3228 350
3229 346
3230 340
3231 342
3232 338
3233 343
3234 341
3235 339
3236 334
3237 334
3238 342
3239 351
3240 344
3241 348
3242 346
3243 342
3244 351
3245 342
3246 337
3247 347
3248 340
3249 340
3250 344
3251 346
3252 338
3253 349
3254 342
3255 341
3256 339
3257 335
3258 337
3259 332
3260 336
3261 331
3262 341
3263 332
3264 330
3265 337
3266 331
3267 339
3268 334
3269 336
3270 333
3271 334
3272 337
3273 333
3274 341
3275 333
3276 333
3277 326
3278 330
3279 342
3280 320
3281 314
3282 347
3283 336
3284 330
3285 339
3286 342
3287 341
3288 335
3289 340
3290 342
3291 341
3292 340
3293 346
3294 341
3295 343
3296 343
3297 335
3298 336
3299 336
3300 333
3301 333
3302 329
3303 326
3304 318
3305 330
3306 341
3307 337
3308 329
3309 339
3310 328
3311 329
3312 333
3313 333
3314 329
3315 335
3316 340
3317 346
3318 345
3319 349
3320 344
3321 347
3322 340
3323 344
3324 347
3325 339
3326 335
3327 336
3328 343
3329 334
3330 344
3331 344
3332 344
3333 335
3334 343
3335 329
3336 332
3337 329
3338 349
3339 341
3340 346
3341 337
3342 346
3343 339
3344 341
3345 346
3346 342
3347 330
3348 339
3349 340
3350 339
3351 335
3352 342
3353 333
3354 337
3355 332
3356 333
3357 331
3358 336
3359 334
3360 337
3361 337
3362 343
3363 330
3364 339
3365 354
3366 346
3367 339
3368 342
3369 349
3370 346
3371 346
3372 337
3373 337
3374 330
3375 331
3376 338
3377 334
3378 330
3379 325
3380 332
3381 331
3382 331
3383 333
3384 331
3385 327
3386 331
3387 319
3388 336
3389 341
3390 340
3391 326
3392 326
3393 329
3394 332
3395 334
3396 341
3397 332
3398 340
3399 343
3400 343
3401 337
3402 341
3403 341
3404 340
3405 337
3406 325
3407 340
3408 337
3409 340
3410 346
3411 337
3412 340
3413 336
3414 342
3415 341
3416 332
3417 343
3418 340
3419 341
3420 342
3421 334
3422 335
3423 332
3424 344
3425 345
3426 336
3427 337
3428 336
3429 339
3430 336
3431 342
3432 343
3433 340
3434 344
3435 338
3436 348
3437 334
3438 343
3439 344
3440 339
3441 339
3442 332
3443 345
3444 346
3445 343
3446 343
3447 344
3448 341
3449 336
3450 333
3451 338
3452 339
3453 346
3454 343
3455 340
3456 345
3457 342
3458 339
3459 337
3460 337
3461 338
3462 339
3463 345
3464 335
3465 337
3466 343
3467 332
3468 339
3469 336
3470 329
3471 341
3472 345
3473 327
3474 334
3475 331
3476 322
3477 339
3478 333
3479 323
3480 324
3481 329
3482 328
3483 339
3484 335
3485 339
3486 342
3487 338
3488 343
3489 336
3490 336
3491 339
3492 337
3493 334
3494 348
3495 342
3496 344
3497 343
3498 335
3499 347
3500 343
3501 350
3502 340
3503 341
3504 343
3505 347
3506 342
3507 338
3508 339
3509 331
3510 335
3511 345
3512 341
3513 341
3514 340
3515 344
3516 343
3517 339
3518 344
3519 342
3520 338
3521 338
3522 332
3523 332
3524 339
3525 336
3526 341
3527 344
3528 349
3529 342
3530 345
3531 345
3532 337
3533 338
3534 336
3535 332
3536 331
3537 323
3538 324
3539 341
3540 318
3541 326
3542 335
3543 329
3544 338
3545 331
3546 328
3547 329
3548 325
3549 323
3550 332
3551 337
3552 335
3553 343
3554 340
3555 337
3556 339
3557 337
3558 337
3559 320
3560 334
3561 336
3562 337
3563 338
3564 332
3565 333
3566 330
3567 328
3568 329
3569 333
3570 326
3571 336
3572 345
3573 344
3574 335
3575 344
3576 339
3577 339
3578 342
3579 351
3580 328
3581 333
3582 340
3583 334
3584 339
3585 342
3586 347
3587 351
3588 347
3589 335
3590 339
3591 342
3592 346
3593 355
3594 350
3595 349
3596 355
3597 346
3598 337
3599 334
3600 341
3601 345
3602 323
3603 326
3604 333
3605 329
3606 327
3607 341
3608 332
3609 336
3610 331
3611 327
3612 339
3613 336
3614 331
3615 340
3616 340
3617 319
3618 331
3619 336
3620 323
3621 333
3622 325
3623 329
3624 326
3625 326
3626 330
3627 318
3628 323
3629 328
3630 316
3631 332
3632 326
3633 322
3634 332
3635 327
3636 324
3637 336
3638 328
3639 328
3640 330
3641 331
3642 328
3643 333
3644 327
3645 315
3646 320
3647 324
3648 331
3649 318
3650 334
3651 333
3652 321
3653 324
3654 318
3655 324
3656 329
3657 315
3658 332
3659 319
3660 317
3661 321
3662 326
3663 323
3664 316
3665 316
3666 327
3667 324
3668 324
3669 314
3670 318
3671 333
3672 324
3673 321
3674 340
3675 335
3676 324
3677 320
3678 319
3679 332
3680 325
3681 325
3682 333
3683 320
3684 328
3685 318
3686 329
3687 332
3688 324
3689 323
3690 323
3691 324
3692 316
3693 321
3694 325
3695 324
3696 321
3697 324
3698 335
3699 326
3700 330
3701 327
3702 331
3703 322
3704 321
3705 324
3706 329
3707 314
3708 330
3709 329
3710 332
3711 329
3712 317
3713 320
3714 331
3715 328
3716 325
3717 326
3718 325
3719 323
3720 331
3721 324
3722 329
3723 333
3724 327
3725 328
3726 332
3727 333
3728 328
3729 334
3730 324
3731 324
3732 318
3733 318
3734 325
3735 320
3736 334
3737 331
3738 327
3739 338
3740 334
3741 313
3742 321
3743 330
3744 333
3745 324
3746 322
3747 329
3748 337
3749 325
3750 339
3751 341
3752 331
3753 322
3754 324
3755 336
3756 329
3757 345
3758 341
3759 342
3760 334
3761 338
3762 331
3763 329
3764 329
3765 326
3766 335
3767 334
3768 320
3769 331
3770 326
3771 333
3772 338
3773 333
3774 324
3775 333
3776 342
3777 337
3778 333
3779 324
3780 321
3781 317
3782 333
3783 333
3784 332
3785 332
3786 322
3787 329
3788 321
3789 333
3790 332
3791 332
3792 329
3793 333
3794 330
3795 323
3796 326
3797 326
3798 328
3799 330
3800 326
3801 324
3802 327
3803 321
3804 330
3805 325
3806 331
3807 322
3808 320
3809 331
3810 325
3811 321
3812 329
3813 326
3814 337
3815 342
3816 338
3817 336
3818 334
3819 339
3820 331
3821 328
3822 323
3823 335
3824 321
3825 328
3826 322
3827 336
3828 332
3829 333
3830 341
3831 335
3832 332
3833 326
3834 340
3835 339
3836 331
3837 333
3838 334
3839 331
3840 338
3841 333
3842 332
3843 335
3844 333
3845 328
3846 329
3847 321
3848 321
3849 326
3850 331
3851 338
3852 324
3853 326
3854 323
3855 333
3856 329
3857 330
3858 325
3859 330
3860 329
3861 335
3862 327
3863 330
3864 336
3865 325
3866 326
3867 326
3868 336
3869 323
3870 325
3871 320
3872 332
3873 328
3874 333
3875 318
3876 325
3877 331
3878 330
3879 339
3880 326
3881 326
3882 318
3883 324
3884 325
3885 334
3886 328
3887 323
3888 336
3889 336
3890 327
3891 328
3892 324
3893 326
3894 330
3895 339
3896 330
3897 325
3898 323
3899 333
3900 328
3901 323
3902 325
3903 332
3904 334
3905 324
3906 326
3907 333
3908 328
3909 329
3910 327
3911 329
3912 328
3913 326
3914 329
3915 337
3916 325
3917 322
3918 331
3919 327
3920 324
3921 327
3922 313
3923 326
3924 326
3925 334
3926 330
3927 320
3928 313
3929 332
3930 326
3931 314
3932 321
3933 323
3934 329
3935 332
3936 324
3937 318
3938 323
3939 326
3940 327
3941 333
3942 323
3943 324
3944 329
3945 320
3946 327
3947 321
3948 330
3949 335
3950 327
3951 330
3952 332
3953 328
3954 329
3955 326
3956 329
3957 329
3958 326
3959 331
3960 332
3961 330
3962 332
3963 330
3964 329
3965 326
3966 324
3967 329
3968 328
3969 336
3970 332
3971 335
3972 326
3973 330
3974 334
3975 325
3976 326
3977 325
3978 326
3979 317
3980 312
3981 318
3982 322
3983 325
3984 325
3985 321
3986 318
3987 312
3988 316
3989 312
3990 306
3991 308
3992 314
3993 312
3994 315
3995 317
3996 311
3997 312
