0.000000000000000000e+00 4.449564971825248350e+00
5.000000000000000000e-01 4.769856993349486096e+00
1.000000000000000000e+00 4.144166777544033842e+00
1.500000000000000000e+00 3.074886741567057324e+00
2.000000000000000000e+00 5.201759381221467748e+00
2.500000000000000000e+00 1.181440119740889472e+01
3.000000000000000000e+00 8.963362324265425229e+00
3.500000000000000000e+00 8.810254505728979169e+00
4.000000000000000000e+00 8.104282556227243361e+00
4.500000000000000000e+00 7.573505488581253609e+00
5.000000000000000000e+00 1.113329385248281689e+01
5.500000000000000000e+00 6.066910826185391237e+00
6.000000000000000000e+00 5.970729563343110335e+00
6.500000000000000000e+00 9.340630435805874043e+00
7.000000000000000000e+00 6.234017649501846670e+00
7.500000000000000000e+00 8.921454612948011231e+00
8.000000000000000000e+00 7.468324311190682074e+00
8.500000000000000000e+00 1.224336574143831591e+01
9.000000000000000000e+00 1.006940160538415796e+01
9.500000000000000000e+00 6.178764866688287505e+00
1.000000000000000000e+01 9.908856998070136868e+00
1.050000000000000000e+01 7.104172704718095588e+00
1.100000000000000000e+01 9.752910478931795524e+00
1.150000000000000000e+01 6.781099383852658313e+00
1.200000000000000000e+01 8.265552294502814590e+00
1.250000000000000000e+01 7.555479742647923658e+00
1.300000000000000000e+01 4.384031426004034060e+00
1.350000000000000000e+01 2.723661438249846523e+00
1.400000000000000000e+01 4.203318133603373141e+00
1.450000000000000000e+01 8.123789880463172963e+00
1.500000000000000000e+01 5.304543741177489835e+00
1.550000000000000000e+01 6.755879627068596349e+00
1.600000000000000000e+01 5.995468829636933172e+00
1.650000000000000000e+01 5.718028048863804891e+00
1.700000000000000000e+01 5.543063532523619941e+00
1.750000000000000000e+01 6.602070920721160086e+00
1.800000000000000000e+01 7.731628390406803497e+00
1.850000000000000000e+01 7.163129550271611024e+00
1.900000000000000000e+01 1.228025255222721235e+01
1.950000000000000000e+01 1.048992892408832844e+01
2.000000000000000000e+01 3.307152694173171881e+01
2.050000000000000000e+01 5.986837775105429671e+01
2.100000000000000000e+01 7.969900468895956180e+01
2.150000000000000000e+01 5.347454625934931727e+01
2.200000000000000000e+01 7.958608147277219302e+01
2.250000000000000000e+01 1.082115756992465379e+02
2.300000000000000000e+01 6.373530743767112483e+01
2.350000000000000000e+01 7.468746168701471788e+01
2.400000000000000000e+01 7.133615333239997369e+01
2.450000000000000000e+01 7.406770190611980809e+01
2.500000000000000000e+01 7.930164175940305427e+01
2.550000000000000000e+01 1.173262578139574970e+02
2.600000000000000000e+01 1.000902485543988121e+02
2.650000000000000000e+01 9.872822428377483561e+01
2.700000000000000000e+01 1.170460727162185748e+02
2.750000000000000000e+01 7.909834659254595124e+01
2.800000000000000000e+01 5.107018694986921759e+01
2.850000000000000000e+01 7.792252884524172885e+01
2.900000000000000000e+01 9.313919257543855679e+01
2.950000000000000000e+01 7.449299858710423905e+01
3.000000000000000000e+01 6.769364398100854885e+01
3.050000000000000000e+01 4.505924408292991501e+01
3.100000000000000000e+01 4.372389622122782527e+01
3.150000000000000000e+01 4.549494036047103407e+01
3.200000000000000000e+01 8.009578783459086537e+01
3.250000000000000000e+01 8.725033203781991631e+01
3.300000000000000000e+01 9.825606286457536953e+01
3.350000000000000000e+01 5.267150005512318245e+01
3.400000000000000000e+01 5.244082189900655777e+01
3.450000000000000000e+01 3.325333952359434875e+01
3.500000000000000000e+01 1.663581601250276876e+01
3.550000000000000000e+01 1.699318205368586376e+01
3.600000000000000000e+01 1.584802686007710726e+01
3.650000000000000000e+01 1.325403158240420609e+01
3.700000000000000000e+01 1.128615164933613002e+01
3.750000000000000000e+01 8.624083660396756557e+00
3.800000000000000000e+01 6.970825193755114668e+00
3.850000000000000000e+01 1.029965027599866723e+01
3.900000000000000000e+01 1.092498568520768920e+01
3.950000000000000000e+01 1.030818376756245236e+01
4.000000000000000000e+01 7.739661245035420301e+00
4.050000000000000000e+01 1.023025534727249131e+01
4.100000000000000000e+01 1.280427820289794205e+01
4.150000000000000000e+01 8.835640464309571840e+00
4.200000000000000000e+01 1.052360501435273221e+01
4.250000000000000000e+01 9.744061248599908964e+00
4.300000000000000000e+01 1.183161615031040625e+01
4.350000000000000000e+01 1.107715124175265764e+01
4.400000000000000000e+01 1.409544902607114203e+01
4.450000000000000000e+01 1.093553870551843232e+01
4.500000000000000000e+01 1.169183675544520895e+01
4.550000000000000000e+01 1.139983324120321662e+01
4.600000000000000000e+01 6.879664092288459543e+00
4.650000000000000000e+01 1.362644826977836132e+01
4.700000000000000000e+01 1.009159215765056139e+01
4.750000000000000000e+01 1.277499426085941003e+01
4.800000000000000000e+01 1.471214102554546699e+01
4.850000000000000000e+01 8.320387208228309461e+00
4.900000000000000000e+01 1.213828473506537442e+01
4.950000000000000000e+01 9.391924011955209650e+00
5.000000000000000000e+01 1.341902403922324361e+01
5.050000000000000000e+01 1.266738553343546592e+01
5.100000000000000000e+01 1.373826679083061286e+01
5.150000000000000000e+01 1.083035537268400361e+01
5.200000000000000000e+01 1.934757789236847358e+01
5.250000000000000000e+01 2.034327069439261848e+01
5.300000000000000000e+01 1.672683082773423635e+01
5.350000000000000000e+01 1.285722576179368026e+01
5.400000000000000000e+01 1.359762784325362972e+01
5.450000000000000000e+01 1.276158406647724952e+01
5.500000000000000000e+01 1.260430789480138714e+01
5.550000000000000000e+01 1.072086019023905834e+01
5.600000000000000000e+01 1.049805311012704045e+01
5.650000000000000000e+01 1.156954126870527766e+01
5.700000000000000000e+01 1.082449527713156279e+01
5.750000000000000000e+01 1.245099671365925609e+01
5.800000000000000000e+01 1.043465441507826164e+01
5.850000000000000000e+01 1.337732780442885172e+01
5.900000000000000000e+01 1.127180967673646172e+01
5.950000000000000000e+01 1.264604446962252737e+01
6.000000000000000000e+01 1.472106125132456533e+01
6.050000000000000000e+01 1.529364284981863342e+01
6.100000000000000000e+01 1.101283522422767192e+01
6.150000000000000000e+01 1.082975907462066090e+01
6.200000000000000000e+01 1.066332160798772222e+01
6.250000000000000000e+01 8.914545401547476544e+00
6.300000000000000000e+01 9.040050574043439369e+00
6.350000000000000000e+01 1.515465272791348639e+01
6.400000000000000000e+01 2.929323204018864502e+01
6.450000000000000000e+01 5.441149510207520734e+01
6.500000000000000000e+01 3.650526261256239025e+01
6.550000000000000000e+01 3.890868136125411070e+01
6.600000000000000000e+01 6.907655709355802287e+01
6.650000000000000000e+01 6.177757902935884005e+01
6.700000000000000000e+01 4.777492843090632846e+01
6.750000000000000000e+01 9.878050878446877903e+01
6.800000000000000000e+01 7.526798842803474088e+01
6.850000000000000000e+01 6.820798628197988478e+01
6.900000000000000000e+01 6.440952799702880327e+01
6.950000000000000000e+01 7.699829913034503193e+01
7.000000000000000000e+01 4.075130941869291235e+01
7.050000000000000000e+01 5.675210322608282354e+01
7.100000000000000000e+01 4.562685646328511524e+01
7.150000000000000000e+01 4.255265728846243434e+01
7.200000000000000000e+01 8.907484709328707595e+01
7.250000000000000000e+01 8.008607775055430977e+01
7.300000000000000000e+01 9.151928259318077608e+01
7.350000000000000000e+01 5.909341565049743394e+01
7.400000000000000000e+01 6.449951270972537998e+01
7.450000000000000000e+01 7.627312600522479613e+01
7.500000000000000000e+01 5.151605994404744138e+01
7.550000000000000000e+01 5.065440528312934987e+01
7.600000000000000000e+01 8.944111328558479102e+01
7.650000000000000000e+01 7.568351130935899107e+01
7.700000000000000000e+01 4.645053707834648549e+01
7.750000000000000000e+01 2.898751224236294988e+01
7.800000000000000000e+01 9.112495524691318849e+01
7.850000000000000000e+01 8.666268045572017797e+01
7.900000000000000000e+01 7.700879337670160396e+01
7.950000000000000000e+01 8.927388373003539357e+01
8.000000000000000000e+01 7.300009276404453828e+01
8.050000000000000000e+01 6.529204076195433970e+01
8.100000000000000000e+01 7.078663517311197495e+01
8.150000000000000000e+01 7.007448651109845628e+01
8.200000000000000000e+01 6.641573480165475019e+01
8.250000000000000000e+01 5.529007267202125320e+01
8.300000000000000000e+01 7.761489743263827279e+01
8.350000000000000000e+01 9.595845953406214335e+01
8.400000000000000000e+01 7.212327654794360399e+01
8.450000000000000000e+01 9.023995177294196424e+01
8.500000000000000000e+01 9.248830524498043815e+01
8.550000000000000000e+01 4.802887155687016474e+01
8.600000000000000000e+01 7.308543876485610724e+01
8.650000000000000000e+01 9.575982060645759475e+01
8.700000000000000000e+01 6.175701475671414187e+01
8.750000000000000000e+01 9.658248874801999762e+01
8.800000000000000000e+01 4.905567114023585162e+01
8.850000000000000000e+01 5.804422361400511932e+01
8.900000000000000000e+01 6.991851777185198102e+01
8.950000000000000000e+01 1.004153123164954167e+02
9.000000000000000000e+01 6.713986647366239424e+01
9.050000000000000000e+01 3.802545816077088148e+01
9.100000000000000000e+01 3.934947326772464749e+01
9.150000000000000000e+01 4.573422787360981800e+01
9.200000000000000000e+01 3.044218440928023384e+01
9.250000000000000000e+01 2.211493752179814365e+01
9.300000000000000000e+01 1.277132321327920650e+01
9.350000000000000000e+01 1.728056068881345197e+01
9.400000000000000000e+01 1.671701341081726611e+01
9.450000000000000000e+01 1.434828261095142210e+01
9.500000000000000000e+01 1.325970371896978151e+01
9.550000000000000000e+01 1.445595528077993741e+01
9.600000000000000000e+01 1.378862283110726850e+01
9.650000000000000000e+01 1.593055565247815153e+01
9.700000000000000000e+01 2.032836096270463599e+01
9.750000000000000000e+01 1.592745342561082822e+01
9.800000000000000000e+01 1.278218757585382370e+01
9.850000000000000000e+01 1.310019798961292459e+01
9.900000000000000000e+01 1.350377793834964457e+01
9.950000000000000000e+01 1.447988234937362684e+01
1.000000000000000000e+02 1.246184397180220493e+01
1.005000000000000000e+02 1.409314710730539311e+01
1.010000000000000000e+02 1.573667040960537022e+01
1.015000000000000000e+02 1.386155142140401964e+01
1.020000000000000000e+02 1.169458340526493068e+01
1.025000000000000000e+02 1.327310135190181128e+01
1.030000000000000000e+02 1.192487921234065062e+01
1.035000000000000000e+02 1.501555863841111282e+01
1.040000000000000000e+02 1.760083640785886061e+01
1.045000000000000000e+02 1.549824690260014926e+01
1.050000000000000000e+02 1.060515981104326322e+01
1.055000000000000000e+02 1.044026261864592442e+01
1.060000000000000000e+02 1.619351618676329707e+01
1.065000000000000000e+02 1.092247588855771490e+01
1.070000000000000000e+02 1.106321347004658762e+01
1.075000000000000000e+02 1.228983123167691893e+01
1.080000000000000000e+02 1.374119042911521227e+01
1.085000000000000000e+02 1.223174485656810262e+01
1.090000000000000000e+02 1.498916580373779794e+01
1.095000000000000000e+02 1.619493256545799298e+01
1.100000000000000000e+02 1.162344813666029530e+01
1.105000000000000000e+02 1.132437063725238247e+01
1.110000000000000000e+02 1.221592349726260629e+01
1.115000000000000000e+02 9.832680907757412214e+00
1.120000000000000000e+02 1.192700157766787861e+01
1.125000000000000000e+02 1.170232916942856249e+01
1.130000000000000000e+02 1.155926567126427784e+01
1.135000000000000000e+02 1.507217384888410727e+01
1.140000000000000000e+02 1.441654078325200672e+01
1.145000000000000000e+02 1.493508493247453828e+01
1.150000000000000000e+02 1.205372014673308634e+01
1.155000000000000000e+02 1.371613816810801012e+01
1.160000000000000000e+02 1.264666222305651822e+01
1.165000000000000000e+02 1.281058970362584937e+01
1.170000000000000000e+02 1.188254297437717177e+01
1.175000000000000000e+02 1.348069768021428061e+01
1.180000000000000000e+02 1.287728618003966830e+01
1.185000000000000000e+02 1.262148858266983886e+01
1.190000000000000000e+02 1.400361339923634141e+01
1.195000000000000000e+02 1.340964009419901792e+01
1.200000000000000000e+02 1.245437298191549935e+01
1.205000000000000000e+02 1.559840256536518588e+01
1.210000000000000000e+02 1.364146235613615943e+01
1.215000000000000000e+02 9.605782071709290548e+00
1.220000000000000000e+02 1.382382270578834138e+01
1.225000000000000000e+02 1.170310941250640724e+01
1.230000000000000000e+02 1.184069484405184802e+01
1.235000000000000000e+02 1.335675444430850334e+01
1.240000000000000000e+02 1.272424260734232604e+01
1.245000000000000000e+02 1.405703883793039743e+01
1.250000000000000000e+02 1.253746860912898597e+01
1.255000000000000000e+02 1.312690886498498521e+01
1.260000000000000000e+02 1.085511695252162490e+01
1.265000000000000000e+02 1.183618270824286078e+01
1.270000000000000000e+02 1.234525747417265329e+01
1.275000000000000000e+02 1.158407065965015548e+01
1.280000000000000000e+02 1.469083751035805108e+01
1.285000000000000000e+02 1.168660363506442401e+01
1.290000000000000000e+02 1.665783732519660632e+01
1.295000000000000000e+02 1.490985722426731641e+01
1.300000000000000000e+02 1.514431379568616798e+01
1.305000000000000000e+02 1.590603879973772550e+01
1.310000000000000000e+02 1.677830626734015951e+01
1.315000000000000000e+02 1.325525639863812266e+01
1.320000000000000000e+02 1.225414900062385115e+01
1.325000000000000000e+02 1.906795760724021704e+01
1.330000000000000000e+02 4.106300852814880642e+01
1.335000000000000000e+02 5.676308743497276055e+01
1.340000000000000000e+02 1.002867546829488958e+02
1.345000000000000000e+02 3.767836013045311461e+01
1.350000000000000000e+02 3.189658395696254090e+01
1.355000000000000000e+02 2.427275449070930335e+01
1.360000000000000000e+02 2.292069681399708614e+01
1.365000000000000000e+02 1.682532862858147027e+01
1.370000000000000000e+02 2.041227647566067915e+01
1.375000000000000000e+02 1.949765730011992204e+01
1.380000000000000000e+02 2.107322940058687522e+01
1.385000000000000000e+02 1.697690680789863649e+01
1.390000000000000000e+02 1.598103311639447099e+01
1.395000000000000000e+02 2.100130609841300000e+01
1.400000000000000000e+02 1.616134285889188149e+01
1.405000000000000000e+02 1.620498627233616773e+01
1.410000000000000000e+02 1.727458336646337145e+01
1.415000000000000000e+02 1.975385564922204296e+01
1.420000000000000000e+02 2.089672322983773967e+01
1.425000000000000000e+02 1.764423678851087374e+01
1.430000000000000000e+02 2.073303221205014069e+01
1.435000000000000000e+02 1.945919940024798578e+01
1.440000000000000000e+02 2.461431581809900493e+01
1.445000000000000000e+02 3.530008191075447144e+01
1.450000000000000000e+02 3.535534932030083155e+01
1.455000000000000000e+02 8.220309814357531764e+01
1.460000000000000000e+02 7.051951436295789222e+01
1.465000000000000000e+02 2.806050934560749610e+01
1.470000000000000000e+02 8.570811819258440778e+01
1.475000000000000000e+02 7.811826122810974482e+01
1.480000000000000000e+02 8.598777188268446992e+01
1.485000000000000000e+02 8.352927884184360607e+01
1.490000000000000000e+02 7.759257414938710440e+01
1.495000000000000000e+02 6.111167478409497278e+01
1.500000000000000000e+02 4.782906022313106575e+01
1.505000000000000000e+02 5.446910673697992422e+01
1.510000000000000000e+02 6.065238457626981017e+01
1.515000000000000000e+02 5.946484991383020002e+01
1.520000000000000000e+02 4.935048395328769288e+01
1.525000000000000000e+02 4.728667214223544590e+01
1.530000000000000000e+02 4.475695270962810923e+01
1.535000000000000000e+02 5.682615961598357046e+01
1.540000000000000000e+02 3.779927687203985442e+01
1.545000000000000000e+02 4.239412863469006254e+01
1.550000000000000000e+02 4.803191313551872099e+01
1.555000000000000000e+02 8.055568712969824219e+01
1.560000000000000000e+02 8.808394001458664491e+01
1.565000000000000000e+02 7.995756403523189704e+01
1.570000000000000000e+02 9.094930019098755736e+01
1.575000000000000000e+02 9.289260313109086553e+01
1.580000000000000000e+02 7.991961070020974489e+01
1.585000000000000000e+02 5.688154170275466015e+01
1.590000000000000000e+02 1.027939676263797111e+02
1.595000000000000000e+02 7.768319092830770956e+01
1.600000000000000000e+02 7.158763646499397737e+01
1.605000000000000000e+02 1.003263990282667351e+02
1.610000000000000000e+02 5.096552286801667719e+01
1.615000000000000000e+02 6.329602333476797327e+01
1.620000000000000000e+02 1.046355498293277293e+02
1.625000000000000000e+02 9.177233529160818648e+01
1.630000000000000000e+02 6.362057243903758774e+01
1.635000000000000000e+02 4.950436445203259694e+01
1.640000000000000000e+02 4.628655663978410217e+01
1.645000000000000000e+02 6.304378085168277579e+01
1.650000000000000000e+02 6.268737388964608925e+01
1.655000000000000000e+02 7.159359151052073855e+01
1.660000000000000000e+02 2.135176647730924770e+01
1.665000000000000000e+02 1.943112822002978746e+01
1.670000000000000000e+02 2.290420008025126464e+01
1.675000000000000000e+02 3.089358477814310433e+01
1.680000000000000000e+02 5.550435241419415888e+01
1.685000000000000000e+02 1.029162237007906953e+02
1.690000000000000000e+02 4.835313124625855608e+01
1.695000000000000000e+02 5.456656773698746576e+01
1.700000000000000000e+02 7.707095494557081850e+01
1.705000000000000000e+02 6.086240721505852491e+01
1.710000000000000000e+02 9.660937764852056375e+01
1.715000000000000000e+02 1.085217235946651044e+02
1.720000000000000000e+02 9.999852472309166274e+01
1.725000000000000000e+02 6.382849194618147948e+01
1.730000000000000000e+02 7.942066227902384412e+01
1.735000000000000000e+02 7.879973662705641857e+01
1.740000000000000000e+02 6.879141638219408605e+01
1.745000000000000000e+02 4.962767093478993985e+01
1.750000000000000000e+02 9.776509761939220766e+01
1.755000000000000000e+02 8.116143260372714963e+01
1.760000000000000000e+02 9.543906403673699401e+01
1.765000000000000000e+02 6.950380921411350243e+01
1.770000000000000000e+02 6.644569635067350077e+01
1.775000000000000000e+02 1.050033374116368634e+02
1.780000000000000000e+02 6.411040631589058592e+01
1.785000000000000000e+02 5.702473059874521510e+01
1.790000000000000000e+02 5.233031216235020366e+01
1.795000000000000000e+02 8.297428700965951975e+01
1.800000000000000000e+02 4.481842137089872580e+01
1.805000000000000000e+02 4.533909978853889555e+01
1.810000000000000000e+02 4.263395217737689080e+01
1.815000000000000000e+02 4.450689720378258585e+01
1.820000000000000000e+02 2.284482391083950503e+01
1.825000000000000000e+02 1.732693677114718511e+01
1.830000000000000000e+02 1.930677969395839355e+01
1.835000000000000000e+02 1.544106047435061591e+01
1.840000000000000000e+02 1.916230282565905085e+01
1.845000000000000000e+02 1.785019293849797251e+01
1.850000000000000000e+02 1.169082369390958220e+01
1.855000000000000000e+02 1.932471736752019353e+01
1.860000000000000000e+02 1.526039124091645682e+01
1.865000000000000000e+02 1.718808899572238857e+01
1.870000000000000000e+02 1.455483905195928074e+01
1.875000000000000000e+02 1.693119973412753154e+01
1.880000000000000000e+02 1.624963613914344762e+01
1.885000000000000000e+02 2.130209611823867277e+01
1.890000000000000000e+02 1.688329256795172029e+01
1.895000000000000000e+02 1.497087215544801708e+01
1.900000000000000000e+02 1.812641525578972335e+01
1.905000000000000000e+02 1.484982933447319908e+01
1.910000000000000000e+02 1.408761350078960461e+01
1.915000000000000000e+02 1.355616377567486275e+01
1.920000000000000000e+02 1.246704573997550192e+01
1.925000000000000000e+02 1.452965332043804025e+01
1.930000000000000000e+02 1.717365823866702002e+01
1.935000000000000000e+02 1.430063438254694397e+01
1.940000000000000000e+02 1.542339699778652218e+01
1.945000000000000000e+02 1.370780944227564824e+01
1.950000000000000000e+02 1.412032159813072418e+01
1.955000000000000000e+02 1.600272032040128778e+01
1.960000000000000000e+02 1.534545745774695291e+01
1.965000000000000000e+02 1.869029489135949618e+01
1.970000000000000000e+02 1.588025155982312064e+01
1.975000000000000000e+02 1.687552549815729463e+01
1.980000000000000000e+02 2.309326611976326404e+01
1.985000000000000000e+02 1.818525527463868130e+01
1.990000000000000000e+02 2.005170797820820638e+01
1.995000000000000000e+02 1.637036790452438240e+01
2.000000000000000000e+02 1.599576833943810961e+01
2.005000000000000000e+02 1.716104096722050443e+01
2.010000000000000000e+02 1.578306963399619534e+01
2.015000000000000000e+02 1.466764698096842778e+01
2.020000000000000000e+02 1.814931173804792763e+01
2.025000000000000000e+02 1.714869445628337274e+01
2.030000000000000000e+02 1.422590047223925502e+01
2.035000000000000000e+02 1.659733808479765571e+01
2.040000000000000000e+02 1.707307182381769906e+01
2.045000000000000000e+02 1.897374578464569694e+01
2.050000000000000000e+02 1.843908388942776000e+01
2.055000000000000000e+02 2.276657934970436514e+01
2.060000000000000000e+02 1.961719549738660007e+01
2.065000000000000000e+02 2.178808614770246876e+01
2.070000000000000000e+02 1.763728132214963651e+01
2.075000000000000000e+02 2.015780899288949612e+01
2.080000000000000000e+02 2.098848138659521112e+01
2.085000000000000000e+02 1.579302367929911455e+01
2.090000000000000000e+02 1.817351247472241127e+01
2.095000000000000000e+02 1.724549981704975821e+01
