200.00000000000000000000   25
200.10000000000000000000   23
200.20000000000000000000   25
200.30000000000000000000   25
200.40000000000000000000   25
200.50000000000000000000   26
200.60000000000000000000   26
200.70000000000000000000   27
200.80000000000000000000   25
200.90000000000000000000   26
201.00000000000000000000   27
201.10000000000000000000   25
201.20000000000000000000   26
201.30000000000000000000   27
201.40000000000000000000   25
201.50000000000000000000   26
201.60000000000000000000   27
201.70000000000000000000   28
201.80000000000000000000   25
201.90000000000000000000   27
202.00000000000000000000   26
202.10000000000000000000   27
202.20000000000000000000   24
202.30000000000000000000   26
202.40000000000000000000   29
202.50000000000000000000   26
202.60000000000000000000   26
202.70000000000000000000   26
202.80000000000000000000   25
202.90000000000000000000   26
203.00000000000000000000   28
203.10000000000000000000   25
203.20000000000000000000   27
203.30000000000000000000   29
203.40000000000000000000   25
203.50000000000000000000   25
203.60000000000000000000   26
203.70000000000000000000   22
203.80000000000000000000   25
203.90000000000000000000   26
204.00000000000000000000   26
204.10000000000000000000   27
204.20000000000000000000   26
204.30000000000000000000   24
204.40000000000000000000   26
204.50000000000000000000   27
204.60000000000000000000   27
204.70000000000000000000   26
204.80000000000000000000   26
204.90000000000000000000   26
205.00000000000000000000   26
205.10000000000000000000   28
205.20000000000000000000   25
205.30000000000000000000   23
205.40000000000000000000   24
205.50000000000000000000   27
205.60000000000000000000   27
205.70000000000000000000   28
205.80000000000000000000   24
205.90000000000000000000   25
206.00000000000000000000   24
206.10000000000000000000   23
206.20000000000000000000   25
206.30000000000000000000   23
206.40000000000000000000   24
206.50000000000000000000   25
206.60000000000000000000   26
206.70000000000000000000   24
206.80000000000000000000   26
206.90000000000000000000   26
207.00000000000000000000   27
207.10000000000000000000   25
207.20000000000000000000   27
207.30000000000000000000   28
207.40000000000000000000   24
207.50000000000000000000   26
207.60000000000000000000   26
207.70000000000000000000   25
207.80000000000000000000   25
207.90000000000000000000   26
208.00000000000000000000   26
208.10000000000000000000   25
208.20000000000000000000   28
208.30000000000000000000   26
208.40000000000000000000   25
208.50000000000000000000   26
208.60000000000000000000   25
208.70000000000000000000   25
208.80000000000000000000   26
208.90000000000000000000   26
209.00000000000000000000   26
209.10000000000000000000   25
209.20000000000000000000   28
209.30000000000000000000   24
209.40000000000000000000   28
209.50000000000000000000   28
209.60000000000000000000   21
209.70000000000000000000   24
209.80000000000000000000   26
209.90000000000000000000   24
210.00000000000000000000   28
210.10000000000000000000   25
210.20000000000000000000   27
210.30000000000000000000   26
210.40000000000000000000   26
210.50000000000000000000   24
210.60000000000000000000   27
210.70000000000000000000   25
210.80000000000000000000   26
210.90000000000000000000   26
211.00000000000000000000   27
211.10000000000000000000   24
211.20000000000000000000   25
211.30000000000000000000   27
211.40000000000000000000   27
211.50000000000000000000   26
211.60000000000000000000   29
211.70000000000000000000   27
211.80000000000000000000   29
211.90000000000000000000   25
212.00000000000000000000   28
212.10000000000000000000   25
212.20000000000000000000   26
212.30000000000000000000   28
212.40000000000000000000   27
212.50000000000000000000   25
212.60000000000000000000   22
212.70000000000000000000   27
212.80000000000000000000   25
212.90000000000000000000   28
213.00000000000000000000   27
213.10000000000000000000   24
213.20000000000000000000   24
213.30000000000000000000   27
213.40000000000000000000   27
213.50000000000000000000   28
213.60000000000000000000   28
213.70000000000000000000   26
213.80000000000000000000   24
213.90000000000000000000   29
214.00000000000000000000   28
214.10000000000000000000   28
214.20000000000000000000   27
214.30000000000000000000   27
214.40000000000000000000   24
214.50000000000000000000   26
214.60000000000000000000   23
214.70000000000000000000   28
214.80000000000000000000   24
214.90000000000000000000   25
215.00000000000000000000   25
215.10000000000000000000   25
215.20000000000000000000   31
215.30000000000000000000   26
215.40000000000000000000   28
215.50000000000000000000   27
215.60000000000000000000   28
215.70000000000000000000   30
215.80000000000000000000   27
215.90000000000000000000   28
216.00000000000000000000   25
216.10000000000000000000   26
216.20000000000000000000   29
216.30000000000000000000   28
216.40000000000000000000   26
216.50000000000000000000   26
216.60000000000000000000   29
216.70000000000000000000   30
216.80000000000000000000   27
216.90000000000000000000   27
217.00000000000000000000   26
217.10000000000000000000   24
217.20000000000000000000   26
217.30000000000000000000   26
217.40000000000000000000   27
217.50000000000000000000   26
217.60000000000000000000   26
217.70000000000000000000   22
217.80000000000000000000   26
217.90000000000000000000   26
218.00000000000000000000   25
218.10000000000000000000   24
218.20000000000000000000   23
218.30000000000000000000   23
218.40000000000000000000   26
218.50000000000000000000   27
218.60000000000000000000   25
218.70000000000000000000   25
218.80000000000000000000   27
218.90000000000000000000   25
219.00000000000000000000   28
219.10000000000000000000   27
219.20000000000000000000   25
219.30000000000000000000   29
219.40000000000000000000   24
219.50000000000000000000   23
219.60000000000000000000   25
219.70000000000000000000   23
219.80000000000000000000   26
219.90000000000000000000   25
220.00000000000000000000   25
220.10000000000000000000   26
220.20000000000000000000   26
220.30000000000000000000   23
220.40000000000000000000   25
220.50000000000000000000   25
220.60000000000000000000   26
220.70000000000000000000   24
220.80000000000000000000   20
220.90000000000000000000   24
221.00000000000000000000   21
221.10000000000000000000   21
221.20000000000000000000   25
221.30000000000000000000   23
221.40000000000000000000   20
221.50000000000000000000   27
221.60000000000000000000   26
221.70000000000000000000   25
221.80000000000000000000   24
221.90000000000000000000   23
222.00000000000000000000   23
222.10000000000000000000   26
222.20000000000000000000   25
222.30000000000000000000   26
222.40000000000000000000   25
222.50000000000000000000   26
222.60000000000000000000   25
222.70000000000000000000   23
222.80000000000000000000   26
222.90000000000000000000   26
223.00000000000000000000   23
223.10000000000000000000   26
223.20000000000000000000   26
223.30000000000000000000   25
223.40000000000000000000   24
223.50000000000000000000   26
223.60000000000000000000   27
223.70000000000000000000   25
223.80000000000000000000   22
223.90000000000000000000   24
224.00000000000000000000   28
224.10000000000000000000   24
224.20000000000000000000   24
224.30000000000000000000   24
224.40000000000000000000   23
224.50000000000000000000   21
224.60000000000000000000   25
224.70000000000000000000   25
224.80000000000000000000   28
224.90000000000000000000   23
225.00000000000000000000   25
225.10000000000000000000   25
225.20000000000000000000   24
225.30000000000000000000   24
225.40000000000000000000   24
225.50000000000000000000   28
225.60000000000000000000   23
225.70000000000000000000   25
225.80000000000000000000   25
225.90000000000000000000   25
226.00000000000000000000   25
226.10000000000000000000   25
226.20000000000000000000   24
226.30000000000000000000   27
226.40000000000000000000   26
226.50000000000000000000   24
226.60000000000000000000   22
226.70000000000000000000   24
226.80000000000000000000   21
226.90000000000000000000   26
227.00000000000000000000   25
227.10000000000000000000   22
227.20000000000000000000   20
227.30000000000000000000   21
227.40000000000000000000   23
227.50000000000000000000   25
227.60000000000000000000   24
227.70000000000000000000   22
227.80000000000000000000   23
227.90000000000000000000   23
228.00000000000000000000   22
228.10000000000000000000   24
228.20000000000000000000   22
228.30000000000000000000   22
228.40000000000000000000   21
228.50000000000000000000   24
228.60000000000000000000   23
228.70000000000000000000   22
228.80000000000000000000   23
228.90000000000000000000   23
229.00000000000000000000   25
229.10000000000000000000   25
229.20000000000000000000   24
229.30000000000000000000   26
229.40000000000000000000   23
229.50000000000000000000   23
229.60000000000000000000   25
229.70000000000000000000   26
229.80000000000000000000   25
229.90000000000000000000   24
230.00000000000000000000   25
230.10000000000000000000   23
230.20000000000000000000   22
230.30000000000000000000   22
230.40000000000000000000   24
230.50000000000000000000   27
230.60000000000000000000   23
230.70000000000000000000   24
230.80000000000000000000   23
230.90000000000000000000   24
231.00000000000000000000   24
231.10000000000000000000   24
231.20000000000000000000   25
231.30000000000000000000   24
231.40000000000000000000   24
231.50000000000000000000   23
231.60000000000000000000   24
231.70000000000000000000   23
231.80000000000000000000   28
231.90000000000000000000   25
232.00000000000000000000   21
232.10000000000000000000   19
232.20000000000000000000   21
232.30000000000000000000   17
232.40000000000000000000   20
232.50000000000000000000   26
232.60000000000000000000   23
232.70000000000000000000   23
232.80000000000000000000   22
232.90000000000000000000   21
233.00000000000000000000   21
233.10000000000000000000   21
233.20000000000000000000   21
233.30000000000000000000   22
233.40000000000000000000   21
233.50000000000000000000   24
233.60000000000000000000   22
233.70000000000000000000   22
233.80000000000000000000   21
233.90000000000000000000   22
234.00000000000000000000   19
234.10000000000000000000   22
234.20000000000000000000   20
234.30000000000000000000   19
234.40000000000000000000   21
234.50000000000000000000   14
234.60000000000000000000   17
234.70000000000000000000   22
234.80000000000000000000   25
234.90000000000000000000   20
235.00000000000000000000   24
235.10000000000000000000   24
235.20000000000000000000   18
235.30000000000000000000   21
235.40000000000000000000   22
235.50000000000000000000   23
235.60000000000000000000   22
235.70000000000000000000   20
235.80000000000000000000   22
235.90000000000000000000   18
236.00000000000000000000   22
236.10000000000000000000   24
236.20000000000000000000   23
236.30000000000000000000   21
236.40000000000000000000   21
236.50000000000000000000   21
236.60000000000000000000   23
236.70000000000000000000   22
236.80000000000000000000   19
236.90000000000000000000   21
237.00000000000000000000   21
237.10000000000000000000   23
237.20000000000000000000   22
237.30000000000000000000   23
237.40000000000000000000   20
237.50000000000000000000   19
237.60000000000000000000   22
237.70000000000000000000   21
237.80000000000000000000   23
237.90000000000000000000   22
238.00000000000000000000   22
238.10000000000000000000   22
238.20000000000000000000   22
238.30000000000000000000   21
238.40000000000000000000   21
238.50000000000000000000   21
238.60000000000000000000   21
238.70000000000000000000   18
238.80000000000000000000   21
238.90000000000000000000   20
239.00000000000000000000   21
239.10000000000000000000   20
239.20000000000000000000   24
239.30000000000000000000   22
239.40000000000000000000   21
239.50000000000000000000   23
239.60000000000000000000   20
239.70000000000000000000   24
239.80000000000000000000   23
239.90000000000000000000   23
240.00000000000000000000   22
240.10000000000000000000   22
240.20000000000000000000   23
240.30000000000000000000   24
240.40000000000000000000   23
240.50000000000000000000   26
240.60000000000000000000   25
240.70000000000000000000   23
240.80000000000000000000   23
240.90000000000000000000   21
241.00000000000000000000   22
241.10000000000000000000   24
241.20000000000000000000   22
241.30000000000000000000   22
241.40000000000000000000   24
241.50000000000000000000   21
241.60000000000000000000   22
241.70000000000000000000   27
241.80000000000000000000   26
241.90000000000000000000   22
242.00000000000000000000   23
242.10000000000000000000   24
242.20000000000000000000   20
242.30000000000000000000   23
242.40000000000000000000   26
242.50000000000000000000   24
242.60000000000000000000   27
242.70000000000000000000   25
242.80000000000000000000   26
242.90000000000000000000   25
243.00000000000000000000   25
243.10000000000000000000   25
243.20000000000000000000   24
243.30000000000000000000   26
243.40000000000000000000   25
243.50000000000000000000   27
243.60000000000000000000   25
243.70000000000000000000   25
243.80000000000000000000   26
243.90000000000000000000   22
244.00000000000000000000   25
244.10000000000000000000   26
244.20000000000000000000   26
244.30000000000000000000   25
244.40000000000000000000   25
244.50000000000000000000   27
244.60000000000000000000   26
244.70000000000000000000   28
244.80000000000000000000   26
244.90000000000000000000   24
245.00000000000000000000   24
245.10000000000000000000   26
245.20000000000000000000   22
245.30000000000000000000   27
245.40000000000000000000   25
245.50000000000000000000   22
245.60000000000000000000   23
245.70000000000000000000   24
245.80000000000000000000   25
245.90000000000000000000   20
246.00000000000000000000   23
246.10000000000000000000   22
246.20000000000000000000   23
246.30000000000000000000   21
246.40000000000000000000   25
246.50000000000000000000   21
246.60000000000000000000   22
246.70000000000000000000   22
246.80000000000000000000   26
246.90000000000000000000   23
247.00000000000000000000   28
247.10000000000000000000   23
247.20000000000000000000   25
247.30000000000000000000   23
247.40000000000000000000   23
247.50000000000000000000   26
247.60000000000000000000   25
247.70000000000000000000   22
247.80000000000000000000   24
247.90000000000000000000   24
248.00000000000000000000   24
248.10000000000000000000   26
248.20000000000000000000   27
248.30000000000000000000   24
248.40000000000000000000   25
248.50000000000000000000   26
248.60000000000000000000   22
248.70000000000000000000   27
248.80000000000000000000   24
248.90000000000000000000   27
249.00000000000000000000   24
249.10000000000000000000   23
249.20000000000000000000   25
249.30000000000000000000   23
249.40000000000000000000   23
249.50000000000000000000   23
249.60000000000000000000   26
249.70000000000000000000   25
249.80000000000000000000   24
249.90000000000000000000   25
250.00000000000000000000   25
250.10000000000000000000   24
250.20000000000000000000   25
250.30000000000000000000   25
250.40000000000000000000   27
250.50000000000000000000   22
250.60000000000000000000   21
250.70000000000000000000   23
250.80000000000000000000   23
250.90000000000000000000   22
251.00000000000000000000   22
251.10000000000000000000   20
251.20000000000000000000   23
251.30000000000000000000   23
251.40000000000000000000   24
251.50000000000000000000   25
251.60000000000000000000   26
251.70000000000000000000   28
251.80000000000000000000   24
251.90000000000000000000   26
252.00000000000000000000   22
252.10000000000000000000   23
252.20000000000000000000   27
252.30000000000000000000   27
252.40000000000000000000   25
252.50000000000000000000   25
252.60000000000000000000   25
252.70000000000000000000   27
252.80000000000000000000   28
252.90000000000000000000   27
253.00000000000000000000   26
253.10000000000000000000   23
253.20000000000000000000   28
253.30000000000000000000   25
253.40000000000000000000   26
253.50000000000000000000   21
253.60000000000000000000   21
253.70000000000000000000   25
253.80000000000000000000   24
253.90000000000000000000   29
254.00000000000000000000   28
254.10000000000000000000   27
254.20000000000000000000   25
254.30000000000000000000   28
254.40000000000000000000   25
254.50000000000000000000   24
254.60000000000000000000   25
254.70000000000000000000   24
254.80000000000000000000   24
254.90000000000000000000   25
255.00000000000000000000   26
255.10000000000000000000   25
255.20000000000000000000   24
255.30000000000000000000   24
255.40000000000000000000   24
255.50000000000000000000   25
255.60000000000000000000   27
255.70000000000000000000   28
255.80000000000000000000   26
255.90000000000000000000   24
256.00000000000000000000   25
256.10000000000000000000   23
256.20000000000000000000   24
256.30000000000000000000   22
256.40000000000000000000   27
256.50000000000000000000   25
256.60000000000000000000   25
256.70000000000000000000   24
256.80000000000000000000   26
256.90000000000000000000   25
257.00000000000000000000   25
257.10000000000000000000   25
257.20000000000000000000   26
257.30000000000000000000   23
257.40000000000000000000   24
257.50000000000000000000   26
257.60000000000000000000   25
257.70000000000000000000   24
257.80000000000000000000   26
257.90000000000000000000   22
258.00000000000000000000   25
258.10000000000000000000   22
258.20000000000000000000   24
258.30000000000000000000   24
258.40000000000000000000   25
258.50000000000000000000   23
258.60000000000000000000   25
258.70000000000000000000   20
258.80000000000000000000   20
258.90000000000000000000   23
259.00000000000000000000   23
259.10000000000000000000   23
259.20000000000000000000   24
259.30000000000000000000   26
259.40000000000000000000   26
259.50000000000000000000   25
259.60000000000000000000   23
259.70000000000000000000   23
259.80000000000000000000   22
259.90000000000000000000   23
260.00000000000000000000   20
260.10000000000000000000   22
260.20000000000000000000   24
260.30000000000000000000   22
260.40000000000000000000   22
260.50000000000000000000   23
260.60000000000000000000   23
260.70000000000000000000   18
260.80000000000000000000   22
260.90000000000000000000   23
261.00000000000000000000   24
261.10000000000000000000   23
261.20000000000000000000   24
261.30000000000000000000   24
261.40000000000000000000   26
261.50000000000000000000   26
261.60000000000000000000   25
261.70000000000000000000   23
261.80000000000000000000   25
261.90000000000000000000   24
262.00000000000000000000   24
262.10000000000000000000   26
262.20000000000000000000   24
262.30000000000000000000   23
262.40000000000000000000   24
262.50000000000000000000   26
262.60000000000000000000   28
262.70000000000000000000   27
262.80000000000000000000   24
262.90000000000000000000   27
263.00000000000000000000   27
263.10000000000000000000   28
263.20000000000000000000   27
263.30000000000000000000   27
263.40000000000000000000   26
263.50000000000000000000   26
263.60000000000000000000   22
263.70000000000000000000   25
263.80000000000000000000   26
263.90000000000000000000   17
264.00000000000000000000   25
264.10000000000000000000   26
264.20000000000000000000   26
264.30000000000000000000   27
264.40000000000000000000   25
264.50000000000000000000   24
264.60000000000000000000   27
264.70000000000000000000   25
264.80000000000000000000   25
264.90000000000000000000   24
265.00000000000000000000   22
265.10000000000000000000   23
265.20000000000000000000   20
265.30000000000000000000   24
265.40000000000000000000   28
265.50000000000000000000   24
265.60000000000000000000   21
265.70000000000000000000   26
265.80000000000000000000   25
265.90000000000000000000   24
266.00000000000000000000   25
266.10000000000000000000   26
266.20000000000000000000   26
266.30000000000000000000   25
266.40000000000000000000   25
266.50000000000000000000   23
266.60000000000000000000   25
266.70000000000000000000   24
266.80000000000000000000   23
266.90000000000000000000   25
267.00000000000000000000   24
267.10000000000000000000   25
267.20000000000000000000   22
267.30000000000000000000   26
267.40000000000000000000   24
267.50000000000000000000   25
267.60000000000000000000   28
267.70000000000000000000   27
267.80000000000000000000   27
267.90000000000000000000   26
268.00000000000000000000   27
268.10000000000000000000   26
268.20000000000000000000   25
268.30000000000000000000   24
268.40000000000000000000   25
268.50000000000000000000   26
268.60000000000000000000   24
268.70000000000000000000   26
268.80000000000000000000   18
268.90000000000000000000   24
269.00000000000000000000   22
269.10000000000000000000   20
269.20000000000000000000   24
269.30000000000000000000   27
269.40000000000000000000   25
269.50000000000000000000   25
269.60000000000000000000   28
269.70000000000000000000   24
269.80000000000000000000   25
269.90000000000000000000   24
270.00000000000000000000   25
270.10000000000000000000   27
270.20000000000000000000   27
270.30000000000000000000   25
270.40000000000000000000   23
270.50000000000000000000   26
270.60000000000000000000   27
270.70000000000000000000   24
270.80000000000000000000   25
270.90000000000000000000   25
271.00000000000000000000   25
271.10000000000000000000   27
271.20000000000000000000   23
271.30000000000000000000   26
271.40000000000000000000   26
271.50000000000000000000   26
271.60000000000000000000   26
271.70000000000000000000   27
271.80000000000000000000   26
271.90000000000000000000   26
272.00000000000000000000   26
272.10000000000000000000   26
272.20000000000000000000   25
272.30000000000000000000   25
272.40000000000000000000   24
272.50000000000000000000   26
272.60000000000000000000   24
272.70000000000000000000   25
272.80000000000000000000   26
272.90000000000000000000   26
273.00000000000000000000   27
273.10000000000000000000   25
273.20000000000000000000   29
273.30000000000000000000   27
273.40000000000000000000   25
273.50000000000000000000   25
273.60000000000000000000   26
273.70000000000000000000   25
273.80000000000000000000   26
273.90000000000000000000   23
274.00000000000000000000   27
274.10000000000000000000   27
274.20000000000000000000   26
274.30000000000000000000   23
274.40000000000000000000   23
274.50000000000000000000   22
274.60000000000000000000   23
274.70000000000000000000   25
274.80000000000000000000   24
274.90000000000000000000   24
275.00000000000000000000   28
275.10000000000000000000   26
275.20000000000000000000   25
275.30000000000000000000   27
275.40000000000000000000   24
275.50000000000000000000   28
275.60000000000000000000   25
275.70000000000000000000   27
275.80000000000000000000   24
275.90000000000000000000   26
276.00000000000000000000   26
276.10000000000000000000   27
276.20000000000000000000   24
276.30000000000000000000   25
276.40000000000000000000   26
276.50000000000000000000   26
276.60000000000000000000   21
276.70000000000000000000   27
276.80000000000000000000   30
276.90000000000000000000   26
277.00000000000000000000   22
277.10000000000000000000   30
277.20000000000000000000   28
277.30000000000000000000   26
277.40000000000000000000   27
277.50000000000000000000   26
277.60000000000000000000   26
277.70000000000000000000   27
277.80000000000000000000   25
277.90000000000000000000   26
278.00000000000000000000   25
278.10000000000000000000   27
278.20000000000000000000   28
278.30000000000000000000   24
278.40000000000000000000   24
278.50000000000000000000   26
278.60000000000000000000   28
278.70000000000000000000   21
278.80000000000000000000   26
278.90000000000000000000   25
279.00000000000000000000   27
279.10000000000000000000   24
279.20000000000000000000   29
279.30000000000000000000   27
279.40000000000000000000   24
279.50000000000000000000   28
279.60000000000000000000   26
279.70000000000000000000   27
279.80000000000000000000   24
279.90000000000000000000   24
280.00000000000000000000   23
280.10000000000000000000   26
280.20000000000000000000   23
280.30000000000000000000   20
280.40000000000000000000   25
280.50000000000000000000   27
280.60000000000000000000   26
280.70000000000000000000   26
280.80000000000000000000   29
280.90000000000000000000   27
281.00000000000000000000   26
281.10000000000000000000   25
281.20000000000000000000   28
281.30000000000000000000   27
281.40000000000000000000   27
281.50000000000000000000   25
281.60000000000000000000   25
281.70000000000000000000   28
281.80000000000000000000   25
281.90000000000000000000   26
282.00000000000000000000   26
282.10000000000000000000   25
282.20000000000000000000   26
282.30000000000000000000   26
282.40000000000000000000   29
282.50000000000000000000   27
282.60000000000000000000   28
282.70000000000000000000   26
282.80000000000000000000   27
282.90000000000000000000   27
283.00000000000000000000   26
283.10000000000000000000   24
283.20000000000000000000   26
283.30000000000000000000   27
283.40000000000000000000   26
283.50000000000000000000   25
283.60000000000000000000   29
283.70000000000000000000   28
283.80000000000000000000   25
283.90000000000000000000   27
284.00000000000000000000   27
284.10000000000000000000   23
284.20000000000000000000   27
284.30000000000000000000   28
284.40000000000000000000   26
284.50000000000000000000   26
284.60000000000000000000   24
284.70000000000000000000   25
284.80000000000000000000   24
284.90000000000000000000   23
285.00000000000000000000   20
285.10000000000000000000   20
285.20000000000000000000   20
285.30000000000000000000   18
285.40000000000000000000   23
285.50000000000000000000   21
285.60000000000000000000   22
285.70000000000000000000   22
285.80000000000000000000   21
285.90000000000000000000   25
286.00000000000000000000   25
286.10000000000000000000   21
286.20000000000000000000   18
286.30000000000000000000   17
286.40000000000000000000   23
286.50000000000000000000   20
286.60000000000000000000   21
286.70000000000000000000   21
286.80000000000000000000   22
286.90000000000000000000   20
287.00000000000000000000   23
287.10000000000000000000   23
287.20000000000000000000   19
287.30000000000000000000   22
287.40000000000000000000   19
287.50000000000000000000   23
287.60000000000000000000   21
287.70000000000000000000   24
287.80000000000000000000   25
287.90000000000000000000   25
288.00000000000000000000   26
288.10000000000000000000   23
288.20000000000000000000   28
288.30000000000000000000   26
288.40000000000000000000   23
288.50000000000000000000   23
288.60000000000000000000   25
288.70000000000000000000   22
288.80000000000000000000   26
288.90000000000000000000   23
289.00000000000000000000   26
289.10000000000000000000   23
289.20000000000000000000   23
289.30000000000000000000   24
289.40000000000000000000   27
289.50000000000000000000   25
289.60000000000000000000   22
289.70000000000000000000   25
289.80000000000000000000   23
289.90000000000000000000   23
290.00000000000000000000   23
290.10000000000000000000   24
290.20000000000000000000   25
290.30000000000000000000   21
290.40000000000000000000   25
290.50000000000000000000   23
290.60000000000000000000   24
290.70000000000000000000   22
290.80000000000000000000   23
290.90000000000000000000   22
291.00000000000000000000   24
291.10000000000000000000   22
291.20000000000000000000   23
291.30000000000000000000   26
291.40000000000000000000   26
291.50000000000000000000   22
291.60000000000000000000   25
291.70000000000000000000   26
291.80000000000000000000   26
291.90000000000000000000   25
292.00000000000000000000   24
292.10000000000000000000   25
292.20000000000000000000   26
292.30000000000000000000   26
292.40000000000000000000   26
292.50000000000000000000   27
292.60000000000000000000   24
292.70000000000000000000   27
292.80000000000000000000   25
292.90000000000000000000   23
293.00000000000000000000   25
293.10000000000000000000   25
293.20000000000000000000   24
293.30000000000000000000   26
293.40000000000000000000   26
293.50000000000000000000   27
293.60000000000000000000   25
293.70000000000000000000   26
293.80000000000000000000   26
293.90000000000000000000   26
294.00000000000000000000   27
294.10000000000000000000   28
294.20000000000000000000   26
294.30000000000000000000   29
294.40000000000000000000   29
294.50000000000000000000   28
294.60000000000000000000   24
294.70000000000000000000   26
294.80000000000000000000   26
294.90000000000000000000   26
295.00000000000000000000   26
295.10000000000000000000   28
295.20000000000000000000   29
295.30000000000000000000   24
295.40000000000000000000   26
295.50000000000000000000   28
295.60000000000000000000   26
295.70000000000000000000   24
295.80000000000000000000   26
295.90000000000000000000   25
296.00000000000000000000   27
296.10000000000000000000   28
296.20000000000000000000   29
296.30000000000000000000   32
296.40000000000000000000   29
296.50000000000000000000   29
296.60000000000000000000   26
296.70000000000000000000   26
296.80000000000000000000   29
296.90000000000000000000   23
297.00000000000000000000   26
297.10000000000000000000   24
297.20000000000000000000   26
297.30000000000000000000   25
297.40000000000000000000   23
297.50000000000000000000   28
297.60000000000000000000   28
297.70000000000000000000   29
297.80000000000000000000   27
297.90000000000000000000   26
298.00000000000000000000   30
298.10000000000000000000   23
298.20000000000000000000   24
298.30000000000000000000   27
298.40000000000000000000   26
298.50000000000000000000   25
298.60000000000000000000   29
298.70000000000000000000   25
298.80000000000000000000   23
298.90000000000000000000   25
299.00000000000000000000   28
299.10000000000000000000   20
299.20000000000000000000   24
299.30000000000000000000   27
299.40000000000000000000   25
299.50000000000000000000   27
299.60000000000000000000   27
299.70000000000000000000   25
299.80000000000000000000   25
299.90000000000000000000   27
300.00000000000000000000   28
300.10000000000000000000   26
300.20000000000000000000   24
300.30000000000000000000   25
300.40000000000000000000   24
300.50000000000000000000   25
300.60000000000000000000   24
300.70000000000000000000   24
300.80000000000000000000   27
300.90000000000000000000   24
301.00000000000000000000   23
301.10000000000000000000   23
301.20000000000000000000   24
301.30000000000000000000   24
301.40000000000000000000   27
301.50000000000000000000   23
301.60000000000000000000   24
301.70000000000000000000   25
301.80000000000000000000   25
301.90000000000000000000   24
302.00000000000000000000   24
302.10000000000000000000   24
302.20000000000000000000   25
302.30000000000000000000   23
302.40000000000000000000   25
302.50000000000000000000   25
302.60000000000000000000   23
302.70000000000000000000   20
302.80000000000000000000   20
302.90000000000000000000   25
303.00000000000000000000   21
303.10000000000000000000   24
303.20000000000000000000   21
303.30000000000000000000   25
303.40000000000000000000   20
303.50000000000000000000   21
303.60000000000000000000   23
303.70000000000000000000   24
303.80000000000000000000   19
303.90000000000000000000   20
304.00000000000000000000   21
304.10000000000000000000   19
304.20000000000000000000   20
304.30000000000000000000   19
304.40000000000000000000   16
304.50000000000000000000   20
304.60000000000000000000   17
304.70000000000000000000   20
304.80000000000000000000   20
304.90000000000000000000   19
305.00000000000000000000   19
305.10000000000000000000   21
305.20000000000000000000   19
305.30000000000000000000   17
305.40000000000000000000   15
305.50000000000000000000   18
305.60000000000000000000   16
305.70000000000000000000   18
305.80000000000000000000   16
305.90000000000000000000   16
306.00000000000000000000   19
306.10000000000000000000   20
306.20000000000000000000   21
306.30000000000000000000   18
306.40000000000000000000   17
306.50000000000000000000   20
306.60000000000000000000   18
306.70000000000000000000   21
306.80000000000000000000   21
306.90000000000000000000   21
307.00000000000000000000   18
307.10000000000000000000   21
307.20000000000000000000   19
307.30000000000000000000   20
307.40000000000000000000   20
307.50000000000000000000   20
307.60000000000000000000   19
307.70000000000000000000   20
307.80000000000000000000   19
307.90000000000000000000   20
308.00000000000000000000   21
308.10000000000000000000   20
308.20000000000000000000   18
308.30000000000000000000   19
308.40000000000000000000   17
308.50000000000000000000   21
308.60000000000000000000   22
308.70000000000000000000   18
308.80000000000000000000   17
308.90000000000000000000   20
309.00000000000000000000   19
309.10000000000000000000   20
309.20000000000000000000   21
309.30000000000000000000   22
309.40000000000000000000   22
309.50000000000000000000   26
309.60000000000000000000   25
309.70000000000000000000   24
309.80000000000000000000   26
309.90000000000000000000   25
310.00000000000000000000   21
310.10000000000000000000   22
310.20000000000000000000   21
310.30000000000000000000   22
310.40000000000000000000   19
310.50000000000000000000   21
310.60000000000000000000   22
310.70000000000000000000   22
310.80000000000000000000   18
310.90000000000000000000   24
311.00000000000000000000   23
311.10000000000000000000   23
311.20000000000000000000   21
311.30000000000000000000   21
311.40000000000000000000   24
311.50000000000000000000   22
311.60000000000000000000   21
311.70000000000000000000   22
311.80000000000000000000   22
311.90000000000000000000   22
312.00000000000000000000   22
312.10000000000000000000   23
312.20000000000000000000   24
312.30000000000000000000   23
312.40000000000000000000   23
312.50000000000000000000   22
312.60000000000000000000   23
312.70000000000000000000   22
312.80000000000000000000   22
312.90000000000000000000   24
313.00000000000000000000   23
313.10000000000000000000   25
313.20000000000000000000   22
313.30000000000000000000   24
313.40000000000000000000   26
313.50000000000000000000   23
313.60000000000000000000   22
313.70000000000000000000   22
313.80000000000000000000   24
313.90000000000000000000   24
314.00000000000000000000   22
314.10000000000000000000   23
314.20000000000000000000   25
314.30000000000000000000   23
314.40000000000000000000   22
314.50000000000000000000   21
314.60000000000000000000   24
314.70000000000000000000   25
314.80000000000000000000   23
314.90000000000000000000   20
315.00000000000000000000   21
315.10000000000000000000   24
315.20000000000000000000   22
315.30000000000000000000   19
315.40000000000000000000   24
315.50000000000000000000   23
315.60000000000000000000   22
315.70000000000000000000   23
315.80000000000000000000   24
315.90000000000000000000   19
316.00000000000000000000   24
316.10000000000000000000   24
316.20000000000000000000   21
316.30000000000000000000   20
316.40000000000000000000   22
316.50000000000000000000   20
316.60000000000000000000   21
316.70000000000000000000   21
316.80000000000000000000   21
316.90000000000000000000   20
317.00000000000000000000   23
317.10000000000000000000   23
317.20000000000000000000   22
317.30000000000000000000   22
317.40000000000000000000   19
317.50000000000000000000   23
317.60000000000000000000   21
317.70000000000000000000   18
317.80000000000000000000   20
317.90000000000000000000   19
318.00000000000000000000   21
318.10000000000000000000   20
318.20000000000000000000   18
318.30000000000000000000   19
318.40000000000000000000   20
318.50000000000000000000   19
318.60000000000000000000   21
318.70000000000000000000   22
318.80000000000000000000   20
318.90000000000000000000   20
319.00000000000000000000   22
319.10000000000000000000   19
319.20000000000000000000   21
319.30000000000000000000   19
319.40000000000000000000   20
319.50000000000000000000   18
319.60000000000000000000   20
319.70000000000000000000   22
319.80000000000000000000   20
319.90000000000000000000   19
320.00000000000000000000   21
320.10000000000000000000   17
320.20000000000000000000   19
320.30000000000000000000   20
320.40000000000000000000   22
320.50000000000000000000   20
320.60000000000000000000   18
320.70000000000000000000   21
320.80000000000000000000   18
320.90000000000000000000   20
321.00000000000000000000   20
321.10000000000000000000   19
321.20000000000000000000   21
321.30000000000000000000   20
321.40000000000000000000   22
321.50000000000000000000   22
321.60000000000000000000   21
321.70000000000000000000   22
321.80000000000000000000   22
321.90000000000000000000   16
322.00000000000000000000   20
322.10000000000000000000   22
322.20000000000000000000   20
322.30000000000000000000   19
322.40000000000000000000   21
322.50000000000000000000   22
322.60000000000000000000   20
322.70000000000000000000   21
322.80000000000000000000   22
322.90000000000000000000   23
323.00000000000000000000   24
323.10000000000000000000   25
323.20000000000000000000   22
323.30000000000000000000   23
323.40000000000000000000   22
323.50000000000000000000   19
323.60000000000000000000   20
323.70000000000000000000   20
323.80000000000000000000   20
323.90000000000000000000   16
324.00000000000000000000   20
324.10000000000000000000   16
324.20000000000000000000   16
324.30000000000000000000   19
324.40000000000000000000   19
324.50000000000000000000   18
324.60000000000000000000   19
324.70000000000000000000   20
324.80000000000000000000   19
324.90000000000000000000   18
325.00000000000000000000   21
325.10000000000000000000   19
325.20000000000000000000   22
325.30000000000000000000   18
325.40000000000000000000   19
325.50000000000000000000   19
325.60000000000000000000   20
325.70000000000000000000   19
325.80000000000000000000   19
325.90000000000000000000   22
326.00000000000000000000   22
326.10000000000000000000   20
326.20000000000000000000   21
326.30000000000000000000   23
326.40000000000000000000   21
326.50000000000000000000   19
326.60000000000000000000   22
326.70000000000000000000   21
326.80000000000000000000   19
326.90000000000000000000   23
327.00000000000000000000   22
327.10000000000000000000   23
327.20000000000000000000   20
327.30000000000000000000   23
327.40000000000000000000   25
327.50000000000000000000   20
327.60000000000000000000   25
327.70000000000000000000   21
327.80000000000000000000   19
327.90000000000000000000   21
328.00000000000000000000   23
328.10000000000000000000   21
328.20000000000000000000   21
328.30000000000000000000   22
328.40000000000000000000   21
328.50000000000000000000   23
328.60000000000000000000   26
328.70000000000000000000   25
328.80000000000000000000   25
328.90000000000000000000   24
329.00000000000000000000   26
329.10000000000000000000   24
329.20000000000000000000   23
329.30000000000000000000   24
329.40000000000000000000   26
329.50000000000000000000   24
329.60000000000000000000   23
329.70000000000000000000   27
329.80000000000000000000   26
329.90000000000000000000   24
330.00000000000000000000   21
330.10000000000000000000   22
330.20000000000000000000   24
330.30000000000000000000   26
330.40000000000000000000   22
330.50000000000000000000   24
330.60000000000000000000   24
330.70000000000000000000   26
330.80000000000000000000   22
330.90000000000000000000   24
331.00000000000000000000   26
331.10000000000000000000   27
331.20000000000000000000   27
331.30000000000000000000   25
331.40000000000000000000   26
331.50000000000000000000   25
331.60000000000000000000   25
331.70000000000000000000   25
331.80000000000000000000   23
331.90000000000000000000   27
332.00000000000000000000   28
332.10000000000000000000   20
332.20000000000000000000   23
332.30000000000000000000   21
332.40000000000000000000   20
332.50000000000000000000   22
332.60000000000000000000   23
332.70000000000000000000   23
332.80000000000000000000   24
332.90000000000000000000   25
333.00000000000000000000   23
333.10000000000000000000   24
333.20000000000000000000   25
333.30000000000000000000   25
333.40000000000000000000   25
333.50000000000000000000   26
333.60000000000000000000   26
333.70000000000000000000   28
333.80000000000000000000   23
333.90000000000000000000   28
334.00000000000000000000   27
334.10000000000000000000   24
334.20000000000000000000   22
334.30000000000000000000   22
334.40000000000000000000   16
334.50000000000000000000   20
334.60000000000000000000   19
334.70000000000000000000   20
334.80000000000000000000   19
334.90000000000000000000   22
335.00000000000000000000   21
335.10000000000000000000   18
335.20000000000000000000   20
335.30000000000000000000   20
335.40000000000000000000   20
335.50000000000000000000   18
335.60000000000000000000   17
335.70000000000000000000   23
335.80000000000000000000   22
335.90000000000000000000   20
336.00000000000000000000   22
336.10000000000000000000   21
336.20000000000000000000   20
336.30000000000000000000   23
336.40000000000000000000   20
336.50000000000000000000   20
336.60000000000000000000   22
336.70000000000000000000   20
336.80000000000000000000   21
336.90000000000000000000   20
337.00000000000000000000   18
337.10000000000000000000   20
337.20000000000000000000   20
337.30000000000000000000   22
337.40000000000000000000   22
337.50000000000000000000   22
337.60000000000000000000   24
337.70000000000000000000   24
337.80000000000000000000   22
337.90000000000000000000   23
338.00000000000000000000   22
338.10000000000000000000   25
338.20000000000000000000   23
338.30000000000000000000   23
338.40000000000000000000   23
338.50000000000000000000   25
338.60000000000000000000   23
338.70000000000000000000   25
338.80000000000000000000   23
338.90000000000000000000   22
339.00000000000000000000   21
339.10000000000000000000   19
339.20000000000000000000   19
339.30000000000000000000   21
339.40000000000000000000   21
339.50000000000000000000   21
339.60000000000000000000   22
339.70000000000000000000   22
339.80000000000000000000   23
339.90000000000000000000   23
340.00000000000000000000   25
340.10000000000000000000   21
340.20000000000000000000   22
340.30000000000000000000   22
340.40000000000000000000   22
340.50000000000000000000   22
340.60000000000000000000   22
340.70000000000000000000   22
340.80000000000000000000   22
340.90000000000000000000   23
341.00000000000000000000   23
341.10000000000000000000   23
341.20000000000000000000   22
341.30000000000000000000   23
341.40000000000000000000   22
341.50000000000000000000   22
341.60000000000000000000   20
341.70000000000000000000   21
341.80000000000000000000   21
341.90000000000000000000   23
342.00000000000000000000   22
342.10000000000000000000   24
342.20000000000000000000   20
342.30000000000000000000   21
342.40000000000000000000   25
342.50000000000000000000   23
342.60000000000000000000   21
342.70000000000000000000   23
342.80000000000000000000   22
342.90000000000000000000   25
343.00000000000000000000   25
343.10000000000000000000   25
343.20000000000000000000   24
343.30000000000000000000   23
343.40000000000000000000   25
343.50000000000000000000   25
343.60000000000000000000   23
343.70000000000000000000   26
343.80000000000000000000   23
343.90000000000000000000   25
344.00000000000000000000   24
344.10000000000000000000   23
344.20000000000000000000   26
344.30000000000000000000   25
344.40000000000000000000   25
344.50000000000000000000   27
344.60000000000000000000   26
344.70000000000000000000   25
344.80000000000000000000   23
344.90000000000000000000   26
345.00000000000000000000   27
345.10000000000000000000   24
345.20000000000000000000   25
345.30000000000000000000   26
345.40000000000000000000   24
345.50000000000000000000   21
345.60000000000000000000   24
345.70000000000000000000   24
345.80000000000000000000   24
345.90000000000000000000   24
346.00000000000000000000   26
346.10000000000000000000   23
346.20000000000000000000   19
346.30000000000000000000   22
346.40000000000000000000   23
346.50000000000000000000   24
346.60000000000000000000   27
346.70000000000000000000   26
346.80000000000000000000   29
346.90000000000000000000   27
347.00000000000000000000   27
347.10000000000000000000   26
347.20000000000000000000   28
347.30000000000000000000   27
347.40000000000000000000   24
347.50000000000000000000   26
347.60000000000000000000   25
347.70000000000000000000   24
347.80000000000000000000   28
347.90000000000000000000   27
348.00000000000000000000   23
348.10000000000000000000   23
348.20000000000000000000   24
348.30000000000000000000   25
348.40000000000000000000   25
348.50000000000000000000   25
348.60000000000000000000   28
348.70000000000000000000   27
348.80000000000000000000   26
348.90000000000000000000   25
349.00000000000000000000   24
349.10000000000000000000   29
349.20000000000000000000   26
349.30000000000000000000   25
349.40000000000000000000   28
349.50000000000000000000   26
349.60000000000000000000   28
349.70000000000000000000   28
349.80000000000000000000   26
349.90000000000000000000   28
350.00000000000000000000   26
350.10000000000000000000   25
350.20000000000000000000   25
350.30000000000000000000   25
350.40000000000000000000   27
350.50000000000000000000   27
350.60000000000000000000   26
350.70000000000000000000   26
350.80000000000000000000   28
350.90000000000000000000   26
351.00000000000000000000   28
351.10000000000000000000   28
351.20000000000000000000   27
351.30000000000000000000   27
351.40000000000000000000   26
351.50000000000000000000   25
351.60000000000000000000   27
351.70000000000000000000   27
351.80000000000000000000   25
351.90000000000000000000   26
352.00000000000000000000   27
352.10000000000000000000   27
352.20000000000000000000   26
352.30000000000000000000   27
352.40000000000000000000   26
352.50000000000000000000   27
352.60000000000000000000   26
352.70000000000000000000   26
352.80000000000000000000   25
352.90000000000000000000   27
353.00000000000000000000   26
353.10000000000000000000   26
353.20000000000000000000   26
353.30000000000000000000   28
353.40000000000000000000   27
353.50000000000000000000   26
353.60000000000000000000   27
353.70000000000000000000   26
353.80000000000000000000   29
353.90000000000000000000   27
354.00000000000000000000   27
354.10000000000000000000   27
354.20000000000000000000   27
354.30000000000000000000   25
354.40000000000000000000   26
354.50000000000000000000   28
354.60000000000000000000   28
354.70000000000000000000   26
354.80000000000000000000   27
354.90000000000000000000   27
355.00000000000000000000   28
355.10000000000000000000   27
355.20000000000000000000   26
355.30000000000000000000   27
355.40000000000000000000   26
355.50000000000000000000   27
355.60000000000000000000   27
355.70000000000000000000   27
355.80000000000000000000   26
355.90000000000000000000   27
356.00000000000000000000   26
356.10000000000000000000   25
356.20000000000000000000   25
356.30000000000000000000   27
356.40000000000000000000   24
356.50000000000000000000   25
356.60000000000000000000   25
356.70000000000000000000   25
356.80000000000000000000   24
356.90000000000000000000   24
357.00000000000000000000   26
357.10000000000000000000   26
357.20000000000000000000   27
357.30000000000000000000   28
357.40000000000000000000   27
357.50000000000000000000   26
357.60000000000000000000   27
357.70000000000000000000   27
357.80000000000000000000   28
357.90000000000000000000   27
358.00000000000000000000   26
358.10000000000000000000   27
358.20000000000000000000   27
358.30000000000000000000   27
358.40000000000000000000   26
358.50000000000000000000   27
358.60000000000000000000   26
358.70000000000000000000   27
358.80000000000000000000   27
358.90000000000000000000   26
359.00000000000000000000   26
359.10000000000000000000   27
359.20000000000000000000   25
359.30000000000000000000   30
359.40000000000000000000   27
359.50000000000000000000   27
359.60000000000000000000   25
359.70000000000000000000   25
359.80000000000000000000   27
359.90000000000000000000   27
360.00000000000000000000   25
360.10000000000000000000   27
360.20000000000000000000   26
360.30000000000000000000   29
360.40000000000000000000   27
360.50000000000000000000   26
360.60000000000000000000   27
360.70000000000000000000   27
360.80000000000000000000   27
360.90000000000000000000   26
361.00000000000000000000   25
361.10000000000000000000   27
361.20000000000000000000   25
361.30000000000000000000   26
361.40000000000000000000   26
361.50000000000000000000   27
361.60000000000000000000   27
361.70000000000000000000   26
361.80000000000000000000   27
361.90000000000000000000   26
362.00000000000000000000   26
362.10000000000000000000   27
362.20000000000000000000   26
362.30000000000000000000   26
362.40000000000000000000   24
362.50000000000000000000   26
362.60000000000000000000   26
362.70000000000000000000   26
362.80000000000000000000   27
362.90000000000000000000   27
363.00000000000000000000   27
363.10000000000000000000   27
363.20000000000000000000   28
363.30000000000000000000   27
363.40000000000000000000   27
363.50000000000000000000   25
363.60000000000000000000   25
363.70000000000000000000   25
363.80000000000000000000   27
363.90000000000000000000   27
364.00000000000000000000   26
364.10000000000000000000   26
364.20000000000000000000   25
364.30000000000000000000   25
364.40000000000000000000   25
364.50000000000000000000   24
364.60000000000000000000   23
364.70000000000000000000   23
364.80000000000000000000   25
364.90000000000000000000   23
365.00000000000000000000   24
365.10000000000000000000   26
365.20000000000000000000   25
365.30000000000000000000   24
365.40000000000000000000   23
365.50000000000000000000   22
365.60000000000000000000   24
365.70000000000000000000   23
365.80000000000000000000   22
365.90000000000000000000   23
366.00000000000000000000   24
366.10000000000000000000   22
366.20000000000000000000   19
366.30000000000000000000   20
366.40000000000000000000   21
366.50000000000000000000   20
366.60000000000000000000   19
366.70000000000000000000   20
366.80000000000000000000   19
366.90000000000000000000   21
367.00000000000000000000   19
367.10000000000000000000   19
367.20000000000000000000   20
367.30000000000000000000   19
367.40000000000000000000   20
367.50000000000000000000   20
367.60000000000000000000   20
367.70000000000000000000   20
367.80000000000000000000   22
367.90000000000000000000   22
368.00000000000000000000   19
368.10000000000000000000   19
368.20000000000000000000   20
368.30000000000000000000   20
368.40000000000000000000   19
368.50000000000000000000   19
368.60000000000000000000   20
368.70000000000000000000   18
368.80000000000000000000   17
368.90000000000000000000   21
369.00000000000000000000   20
369.10000000000000000000   21
369.20000000000000000000   24
369.30000000000000000000   24
369.40000000000000000000   24
369.50000000000000000000   24
369.60000000000000000000   24
369.70000000000000000000   24
369.80000000000000000000   25
369.90000000000000000000   24
370.00000000000000000000   24
370.10000000000000000000   23
370.20000000000000000000   23
370.30000000000000000000   24
370.40000000000000000000   24
370.50000000000000000000   24
370.60000000000000000000   24
370.70000000000000000000   24
370.80000000000000000000   25
370.90000000000000000000   24
371.00000000000000000000   24
371.10000000000000000000   24
371.20000000000000000000   23
371.30000000000000000000   25
371.40000000000000000000   23
371.50000000000000000000   24
371.60000000000000000000   22
371.70000000000000000000   24
371.80000000000000000000   24
371.90000000000000000000   23
372.00000000000000000000   23
372.10000000000000000000   26
372.20000000000000000000   25
372.30000000000000000000   26
372.40000000000000000000   25
372.50000000000000000000   23
372.60000000000000000000   24
372.70000000000000000000   24
372.80000000000000000000   24
372.90000000000000000000   25
373.00000000000000000000   22
373.10000000000000000000   23
373.20000000000000000000   23
373.30000000000000000000   23
373.40000000000000000000   25
373.50000000000000000000   25
373.60000000000000000000   24
373.70000000000000000000   25
373.80000000000000000000   24
373.90000000000000000000   25
374.00000000000000000000   25
374.10000000000000000000   25
374.20000000000000000000   24
374.30000000000000000000   25
374.40000000000000000000   23
374.50000000000000000000   24
374.60000000000000000000   25
374.70000000000000000000   24
374.80000000000000000000   25
374.90000000000000000000   24
375.00000000000000000000   24
375.10000000000000000000   23
375.20000000000000000000   26
375.30000000000000000000   25
375.40000000000000000000   26
375.50000000000000000000   23
375.60000000000000000000   25
375.70000000000000000000   26
375.80000000000000000000   25
375.90000000000000000000   24
376.00000000000000000000   24
376.10000000000000000000   24
376.20000000000000000000   24
376.30000000000000000000   22
376.40000000000000000000   24
376.50000000000000000000   23
376.60000000000000000000   23
376.70000000000000000000   24
376.80000000000000000000   23
376.90000000000000000000   23
377.00000000000000000000   24
377.10000000000000000000   24
377.20000000000000000000   24
377.30000000000000000000   25
377.40000000000000000000   26
377.50000000000000000000   24
377.60000000000000000000   27
377.70000000000000000000   25
377.80000000000000000000   27
377.90000000000000000000   27
378.00000000000000000000   24
378.10000000000000000000   24
378.20000000000000000000   24
378.30000000000000000000   25
378.40000000000000000000   26
378.50000000000000000000   24
378.60000000000000000000   26
378.70000000000000000000   24
378.80000000000000000000   25
378.90000000000000000000   23
379.00000000000000000000   23
379.10000000000000000000   25
379.20000000000000000000   24
379.30000000000000000000   25
379.40000000000000000000   25
379.50000000000000000000   22
379.60000000000000000000   24
379.70000000000000000000   24
379.80000000000000000000   25
379.90000000000000000000   25
380.00000000000000000000   23
380.10000000000000000000   24
380.20000000000000000000   24
380.30000000000000000000   23
380.40000000000000000000   24
380.50000000000000000000   25
380.60000000000000000000   24
380.70000000000000000000   24
380.80000000000000000000   24
380.90000000000000000000   25
381.00000000000000000000   25
381.10000000000000000000   24
381.20000000000000000000   24
381.30000000000000000000   24
381.40000000000000000000   22
381.50000000000000000000   24
381.60000000000000000000   23
381.70000000000000000000   25
381.80000000000000000000   24
381.90000000000000000000   25
382.00000000000000000000   26
382.10000000000000000000   25
382.20000000000000000000   24
382.30000000000000000000   23
382.40000000000000000000   26
382.50000000000000000000   27
382.60000000000000000000   25
382.70000000000000000000   24
382.80000000000000000000   24
382.90000000000000000000   24
383.00000000000000000000   24
383.10000000000000000000   25
383.20000000000000000000   24
383.30000000000000000000   25
383.40000000000000000000   26
383.50000000000000000000   26
383.60000000000000000000   26
383.70000000000000000000   26
383.80000000000000000000   26
383.90000000000000000000   25
384.00000000000000000000   26
384.10000000000000000000   27
384.20000000000000000000   26
384.30000000000000000000   26
384.40000000000000000000   26
384.50000000000000000000   26
384.60000000000000000000   24
384.70000000000000000000   28
384.80000000000000000000   26
384.90000000000000000000   29
385.00000000000000000000   26
385.10000000000000000000   26
385.20000000000000000000   27
385.30000000000000000000   27
385.40000000000000000000   26
385.50000000000000000000   26
385.60000000000000000000   26
385.70000000000000000000   26
385.80000000000000000000   27
385.90000000000000000000   27
386.00000000000000000000   26
386.10000000000000000000   28
386.20000000000000000000   28
386.30000000000000000000   26
386.40000000000000000000   25
386.50000000000000000000   24
386.60000000000000000000   26
386.70000000000000000000   25
386.80000000000000000000   28
386.90000000000000000000   26
387.00000000000000000000   26
387.10000000000000000000   25
387.20000000000000000000   27
387.30000000000000000000   27
387.40000000000000000000   25
387.50000000000000000000   27
387.60000000000000000000   25
387.70000000000000000000   27
387.80000000000000000000   26
387.90000000000000000000   27
388.00000000000000000000   25
388.10000000000000000000   26
388.20000000000000000000   26
388.30000000000000000000   27
388.40000000000000000000   26
388.50000000000000000000   24
388.60000000000000000000   25
388.70000000000000000000   26
388.80000000000000000000   25
388.90000000000000000000   25
389.00000000000000000000   25
389.10000000000000000000   25
389.20000000000000000000   25
389.30000000000000000000   24
389.40000000000000000000   24
389.50000000000000000000   24
389.60000000000000000000   26
389.70000000000000000000   26
389.80000000000000000000   24
389.90000000000000000000   26
390.00000000000000000000   25
390.10000000000000000000   25
390.20000000000000000000   25
390.30000000000000000000   25
390.40000000000000000000   24
390.50000000000000000000   24
390.60000000000000000000   26
390.70000000000000000000   26
390.80000000000000000000   24
390.90000000000000000000   25
391.00000000000000000000   26
391.10000000000000000000   25
391.20000000000000000000   25
391.30000000000000000000   24
391.40000000000000000000   25
391.50000000000000000000   24
391.60000000000000000000   25
391.70000000000000000000   24
391.80000000000000000000   24
391.90000000000000000000   25
392.00000000000000000000   25
392.10000000000000000000   24
392.20000000000000000000   25
392.30000000000000000000   26
392.40000000000000000000   24
392.50000000000000000000   24
392.60000000000000000000   25
392.70000000000000000000   24
392.80000000000000000000   23
392.90000000000000000000   24
393.00000000000000000000   25
393.10000000000000000000   26
393.20000000000000000000   22
393.30000000000000000000   26
393.40000000000000000000   25
393.50000000000000000000   25
393.60000000000000000000   24
393.70000000000000000000   24
393.80000000000000000000   24
393.90000000000000000000   23
394.00000000000000000000   25
394.10000000000000000000   25
394.20000000000000000000   24
394.30000000000000000000   26
394.40000000000000000000   25
394.50000000000000000000   24
394.60000000000000000000   23
394.70000000000000000000   24
394.80000000000000000000   27
394.90000000000000000000   25
395.00000000000000000000   23
395.10000000000000000000   25
395.20000000000000000000   23
395.30000000000000000000   25
395.40000000000000000000   25
395.50000000000000000000   26
395.60000000000000000000   26
395.70000000000000000000   29
395.80000000000000000000   29
395.90000000000000000000   27
396.00000000000000000000   28
396.10000000000000000000   26
396.20000000000000000000   26
396.30000000000000000000   27
396.40000000000000000000   26
396.50000000000000000000   28
396.60000000000000000000   27
396.70000000000000000000   27
396.80000000000000000000   27
396.90000000000000000000   23
397.00000000000000000000   25
397.10000000000000000000   22
397.20000000000000000000   24
397.30000000000000000000   23
397.40000000000000000000   26
397.50000000000000000000   24
397.60000000000000000000   28
397.70000000000000000000   24
397.80000000000000000000   24
397.90000000000000000000   22
398.00000000000000000000   19
398.10000000000000000000   22
398.20000000000000000000   23
398.30000000000000000000   23
398.40000000000000000000   24
398.50000000000000000000   25
398.60000000000000000000   26
398.70000000000000000000   24
398.80000000000000000000   22
398.90000000000000000000   22
399.00000000000000000000   22
399.10000000000000000000   22
399.20000000000000000000   22
399.30000000000000000000   22
399.40000000000000000000   22
399.50000000000000000000   22
399.60000000000000000000   22
399.70000000000000000000   22
