# Total_native_contacts: 445
#Frame Native_contacts
0 306
1 294
2 311
3 313
4 306
5 311
6 317
7 315
8 308
9 311
10 298
11 297
12 321
13 306
14 317
15 303
16 295
17 302
18 312
19 319
20 314
21 322
22 325
23 324
24 318
25 321
26 323
27 329
28 323
29 322
30 327
31 326
32 327
33 322
34 330
35 327
36 327
37 322
38 327
39 321
40 323
41 316
42 323
43 328
44 329
45 318
46 316
47 318
48 322
49 313
50 319
51 313
52 312
53 319
54 323
55 317
56 331
57 317
58 316
59 313
60 325
61 323
62 304
63 298
64 291
65 304
66 300
67 299
68 305
69 306
70 305
71 297
72 297
73 301
74 297
75 293
76 298
77 300
78 298
79 303
80 296
81 305
82 310
83 291
84 306
85 296
86 302
87 298
88 297
89 290
90 299
91 299
92 313
93 302
94 312
95 308
96 304
97 307
98 307
99 311
100 306
101 296
102 300
103 301
104 299
105 288
106 298
107 299
108 297
109 296
110 297
111 303
112 302
113 293
114 310
115 290
116 295
117 291
118 288
119 293
120 290
121 302
122 292
123 291
124 296
125 289
126 292
127 302
128 313
129 301
130 302
131 292
132 288
133 297
134 291
135 285
136 298
137 281
138 282
139 290
140 284
141 283
142 295
143 284
144 295
145 284
146 297
147 289
148 285
149 293
150 297
151 298
152 275
153 296
154 285
155 286
156 279
157 287
158 286
159 285
160 285
161 286
162 275
163 286
164 286
165 279
166 287
167 282
168 286
169 297
170 290
171 282
172 290
173 290
174 283
175 282
176 278
177 274
178 283
179 278
180 281
181 286
182 287
183 279
184 282
185 283
186 288
187 277
188 286
189 273
190 281
191 280
192 276
193 284
194 279
195 279
196 279
197 291
198 285
199 284
200 286
201 276
202 290
203 281
204 276
205 277
206 277
207 282
208 282
209 280
210 292
211 289
212 278
213 279
214 282
215 282
216 274
217 281
218 286
219 283
220 283
221 283
222 276
223 282
224 283
225 288
226 289
227 284
228 289
229 285
230 286
231 282
232 284
233 282
234 280
235 285
236 288
237 290
238 278
239 282
240 287
241 280
242 287
243 285
244 284
245 285
246 269
247 280
248 275
249 284
250 276
251 280
252 280
253 272
254 279
255 283
256 287
257 275
258 279
259 295
260 290
261 292
262 292
263 290
264 288
265 293
266 286
267 286
268 285
269 293
270 290
271 289
272 287
273 282
274 285
275 295
276 288
277 294
278 288
279 288
280 290
281 293
282 298
283 286
284 286
285 291
286 288
287 293
288 289
289 290
290 285
291 280
292 295
293 285
294 283
295 285
296 287
297 287
298 294
299 289
300 281
301 284
302 286
303 288
304 286
305 294
306 282
307 286
308 288
309 288
310 287
311 295
312 289
313 288
314 282
315 278
316 285
317 281
318 280
319 281
320 282
321 275
322 285
323 283
324 282
325 279
326 279
327 289
328 286
329 288
330 283
331 291
332 288
333 291
334 293
335 290
336 289
337 288
338 288
339 278
340 278
341 284
342 295
343 282
344 292
345 282
346 286
347 286
348 288
349 280
350 284
351 285
352 291
353 293
354 286
355 291
356 289
357 287
358 286
359 298
360 289
361 290
362 295
363 282
364 274
365 283
366 280
367 279
368 284
369 283
370 272
371 284
372 280
373 279
374 278
375 285
376 279
377 281
378 283
379 280
380 279
381 277
382 284
383 277
384 281
385 282
386 280
387 276
388 281
389 281
390 283
391 273
392 285
393 282
394 287
395 279
396 280
397 282
398 281
399 281
400 289
401 286
402 289
403 283
404 284
405 279
406 286
407 287
408 280
409 286
410 279
411 282
412 283
413 283
414 287
415 280
416 290
417 281
418 289
419 288
420 288
421 282
422 285
423 283
424 280
425 284
426 285
427 276
428 286
429 289
430 282
431 281
432 276
433 288
434 284
435 282
436 281
437 281
438 287
439 290
440 279
441 280
442 284
443 280
444 286
445 285
446 281
447 281
448 281
449 284
450 282
451 273
452 273
453 285
454 282
455 281
456 281
457 275
458 284
459 281
460 277
461 281
462 281
463 277
464 275
465 282
466 277
467 274
468 277
469 270
470 269
471 264
472 278
473 279
474 275
475 274
476 273
477 270
478 279
479 273
480 277
481 275
482 275
483 279
484 276
485 274
486 279
487 285
488 273
489 279
490 274
491 275
492 280
493 282
494 276
495 281
496 279
497 278
498 278
499 282
500 281
501 282
502 284
503 286
504 275
505 285
506 282
507 274
508 279
509 273
510 277
511 279
512 281
513 281
514 280
515 279
516 278
517 283
518 273
519 282
520 280
521 275
522 272
523 275
524 276
525 271
526 276
527 271
528 277
529 276
530 270
531 279
532 275
533 276
534 271
535 272
536 278
537 275
538 276
539 274
540 273
541 277
542 277
543 277
544 280
545 277
546 275
547 278
548 282
549 279
550 273
551 275
552 271
553 272
554 277
555 281
556 277
557 282
558 280
559 287
560 280
561 289
562 281
563 291
564 285
565 289
566 300
567 286
568 287
569 283
570 280
571 286
572 278
573 281
574 281
575 283
576 284
577 282
578 280
579 283
580 271
581 278
582 285
583 276
584 280
585 279
586 278
587 277
588 278
589 276
590 280
591 285
592 281
593 280
594 282
595 278
596 283
597 274
598 277
599 279
600 285
601 283
602 282
603 286
604 284
605 278
606 279
607 275
608 287
609 276
610 283
611 283
612 279
613 276
614 276
615 292
616 283
617 279
618 279
619 279
620 285
621 283
622 285
623 281
624 289
625 284
626 287
627 288
628 286
629 276
630 283
631 286
632 288
633 288
634 292
635 287
636 288
637 280
638 286
639 294
640 286
641 291
642 287
643 285
644 284
645 277
646 278
647 280
648 282
649 281
650 285
651 288
652 283
653 285
654 284
655 282
656 281
657 275
658 276
659 281
660 283
661 275
662 280
663 281
664 273
665 279
666 274
667 273
668 279
669 285
670 288
671 278
672 283
673 271
674 277
675 280
676 277
677 283
678 280
679 276
680 284
681 279
682 283
683 271
684 280
685 279
686 268
687 275
688 281
689 279
690 282
691 280
692 281
693 281
694 277
695 280
696 281
697 282
698 286
699 274
700 276
701 276
702 276
703 282
704 280
705 286
706 282
707 282
708 275
709 282
710 272
711 287
712 279
713 270
714 278
715 270
716 271
717 265
718 276
719 265
720 267
721 265
722 278
723 268
724 277
725 282
726 272
727 275
728 275
729 277
730 277
731 274
732 275
733 276
734 281
735 270
736 278
737 277
738 277
739 269
740 279
741 269
742 272
743 269
744 277
745 269
746 270
747 271
748 270
749 259
750 268
751 277
752 272
753 273
754 281
755 269
756 268
757 273
758 277
759 280
760 278
761 279
762 284
763 277
764 275
765 277
766 281
767 271
768 275
769 267
770 272
771 278
772 288
773 288
774 272
775 272
776 281
777 270
778 275
779 279
780 277
781 275
782 276
783 276
784 281
785 286
786 284
787 283
788 287
789 283
790 277
791 286
792 283
793 286
794 285
795 280
796 282
797 278
798 279
799 279
800 277
801 275
802 278
803 279
804 273
805 278
806 279
807 276
808 266
809 275
810 278
811 277
812 270
813 279
814 277
815 281
816 277
817 273
818 278
819 278
820 281
821 284
822 282
823 283
824 271
825 275
826 270
827 274
828 274
829 274
830 267
831 286
832 285
833 274
834 275
835 289
836 284
837 286
838 279
839 282
840 290
841 283
842 284
843 282
844 285
845 276
846 284
847 277
848 286
849 285
850 285
851 279
852 286
853 283
854 276
855 280
856 277
857 281
858 284
859 280
860 282
861 279
862 274
863 267
864 273
865 271
866 264
867 263
868 261
869 267
870 260
871 270
872 265
873 266
874 266
875 263
876 266
877 258
878 263
879 267
880 275
881 274
882 273
883 269
884 274
885 261
886 272
887 275
888 272
889 269
890 262
891 271
892 260
893 270
894 272
895 269
896 276
897 271
898 269
899 267
900 268
901 268
902 276
903 277
904 274
905 271
906 279
907 286
908 282
909 277
910 270
911 289
912 287
913 286
914 283
915 287
916 270
917 281
918 271
919 271
920 292
921 287
922 285
923 274
924 264
925 284
926 276
927 273
928 271
929 268
930 274
931 269
932 280
933 274
934 273
935 270
936 267
937 279
938 273
939 259
940 265
941 287
942 277
943 282
944 278
945 280
946 281
947 269
948 282
949 276
950 288
951 289
952 278
953 277
954 285
955 279
956 272
957 280
958 289
959 288
960 286
961 275
962 276
963 276
964 273
965 271
966 278
967 288
968 286
969 284
970 284
971 280
972 268
973 274
974 268
975 265
976 269
977 263
978 266
979 265
980 259
981 269
982 274
983 270
984 270
985 267
986 263
987 262
988 265
989 269
990 269
991 273
992 268
993 270
994 266
995 274
996 276
997 270
998 264
999 271
1000 269
1001 274
1002 264
1003 281
1004 271
1005 276
1006 276
1007 266
1008 278
1009 271
1010 270
1011 282
1012 277
1013 270
1014 268
1015 272
1016 272
1017 264
1018 268
1019 273
1020 264
1021 269
1022 267
1023 263
1024 269
1025 271
1026 269
1027 261
1028 271
1029 260
1030 275
1031 257
1032 266
1033 270
1034 273
1035 259
1036 273
1037 273
1038 273
1039 265
1040 256
1041 262
1042 265
1043 263
1044 265
1045 265
1046 275
1047 266
1048 270
1049 268
1050 278
1051 268
1052 259
1053 261
1054 263
1055 258
1056 265
1057 270
1058 271
1059 260
1060 269
1061 280
1062 273
1063 266
1064 261
1065 268
1066 267
1067 270
1068 275
1069 267
1070 274
1071 262
1072 263
1073 258
1074 270
1075 266
1076 259
1077 272
1078 271
1079 263
1080 269
1081 260
1082 262
1083 261
1084 260
1085 262
1086 261
1087 272
1088 273
1089 272
1090 273
1091 270
1092 263
1093 266
1094 267
1095 260
1096 262
1097 266
1098 256
1099 262
1100 266
1101 263
1102 255
1103 268
1104 263
1105 256
1106 255
1107 251
1108 259
1109 260
1110 256
1111 256
1112 254
1113 256
1114 264
1115 259
1116 257
1117 259
1118 261
1119 249
1120 250
1121 258
1122 254
1123 263
1124 254
1125 262
1126 259
1127 270
1128 259
1129 262
1130 257
1131 250
1132 252
1133 259
1134 263
1135 263
1136 254
1137 261
1138 257
1139 260
1140 267
1141 262
1142 263
1143 260
1144 258
1145 250
1146 254
1147 262
1148 261
1149 255
1150 258
1151 257
1152 249
1153 264
1154 256
1155 261
1156 257
1157 258
1158 252
1159 257
1160 256
1161 261
1162 261
1163 260
1164 263
1165 260
1166 258
1167 251
1168 254
1169 254
1170 261
1171 258
1172 255
1173 252
1174 260
1175 259
1176 255
1177 248
1178 251
1179 251
1180 245
1181 252
1182 249
1183 251
1184 244
1185 244
1186 242
1187 240
1188 250
1189 249
1190 251
1191 250
1192 247
1193 240
1194 239
1195 247
1196 246
1197 249
1198 247
1199 246
1200 241
1201 252
1202 249
1203 248
1204 245
1205 254
1206 248
1207 244
1208 239
1209 241
1210 245
1211 241
1212 244
1213 237
1214 240
1215 237
1216 236
1217 247
1218 238
1219 247
1220 244
1221 248
1222 233
1223 249
1224 242
1225 243
1226 242
1227 238
1228 240
1229 238
1230 236
1231 236
1232 238
1233 235
1234 236
1235 231
1236 235
1237 254
1238 249
1239 239
1240 244
1241 241
1242 247
1243 239
1244 251
1245 246
1246 249
1247 253
1248 249
1249 244
1250 247
1251 248
1252 256
1253 254
1254 254
1255 256
1256 252
1257 263
1258 254
1259 248
1260 246
1261 251
1262 252
1263 251
1264 250
1265 253
1266 243
1267 252
1268 252
1269 245
1270 249
1271 243
1272 253
1273 252
1274 252
1275 249
1276 249
1277 250
1278 249
1279 246
1280 244
1281 244
1282 252
1283 250
1284 247
1285 255
1286 249
1287 256
1288 252
1289 243
1290 254
1291 248
1292 249
1293 255
1294 254
1295 255
1296 245
1297 246
1298 255
1299 252
1300 249
1301 255
1302 250
1303 251
1304 246
1305 247
1306 246
1307 242
1308 243
1309 249
1310 249
1311 246
1312 247
1313 243
1314 244
1315 249
1316 251
1317 245
1318 246
1319 244
1320 253
1321 253
1322 250
1323 253
1324 243
1325 246
1326 244
1327 253
1328 244
1329 240
1330 238
1331 240
1332 241
1333 247
1334 248
1335 245
1336 245
1337 241
1338 247
1339 247
1340 245
1341 244
1342 240
1343 241
1344 244
1345 241
1346 245
1347 250
1348 247
1349 247
1350 247
1351 250
1352 245
1353 246
1354 240
1355 246
1356 257
1357 250
1358 256
1359 255
1360 249
1361 252
1362 243
1363 245
1364 252
1365 251
1366 249
1367 251
1368 252
1369 256
1370 253
1371 256
1372 254
1373 249
1374 253
1375 247
1376 243
1377 246
1378 244
1379 244
1380 239
1381 249
1382 242
1383 255
1384 243
1385 245
1386 250
1387 252
1388 253
1389 253
1390 259
1391 246
1392 243
1393 248
1394 246
1395 253
1396 249
1397 242
1398 252
1399 258
1400 253
1401 247
1402 246
1403 241
1404 241
1405 241
1406 248
1407 245
1408 247
1409 248
1410 246
1411 242
1412 234
1413 247
1414 247
1415 247
1416 242
1417 251
1418 239
1419 252
1420 249
1421 253
1422 264
1423 253
1424 259
1425 264
1426 249
1427 254
1428 251
1429 245
1430 254
1431 253
1432 251
1433 250
1434 257
1435 260
1436 256
1437 258
1438 245
1439 260
1440 262
1441 258
1442 258
1443 258
1444 259
1445 250
1446 252
1447 248
1448 255
1449 256
1450 251
1451 256
1452 250
1453 250
1454 253
1455 255
1456 252
1457 258
1458 255
1459 254
1460 254
1461 250
1462 255
1463 257
1464 255
1465 260
1466 259
1467 259
1468 255
1469 255
1470 254
1471 260
1472 250
1473 256
1474 255
1475 256
1476 249
1477 254
1478 251
1479 252
1480 249
1481 254
1482 249
1483 258
1484 251
1485 251
1486 250
1487 254
1488 251
1489 238
1490 250
1491 246
1492 251
1493 247
1494 246
1495 245
1496 244
1497 247
1498 240
1499 249
1500 252
1501 247
1502 246
1503 248
1504 250
1505 251
1506 245
1507 249
1508 252
1509 261
1510 256
1511 249
1512 251
1513 252
1514 247
1515 244
1516 247
1517 246
1518 249
1519 248
1520 245
1521 250
1522 252
1523 241
1524 243
1525 249
1526 241
1527 251
1528 242
1529 244
1530 239
1531 243
1532 252
1533 246
1534 244
1535 248
1536 241
1537 240
1538 236
1539 239
1540 245
1541 242
1542 242
1543 246
1544 240
1545 245
1546 244
1547 238
1548 243
1549 253
1550 249
1551 248
1552 239
1553 241
1554 242
1555 245
1556 241
1557 244
1558 240
1559 242
1560 243
1561 243
1562 241
1563 245
1564 236
1565 249
1566 246
1567 247
1568 246
1569 251
1570 239
1571 245
1572 239
1573 241
1574 252
1575 251
1576 250
1577 246
1578 246
1579 252
1580 251
1581 253
1582 251
1583 255
1584 254
1585 255
1586 251
1587 256
1588 252
1589 248
1590 252
1591 244
1592 248
1593 246
1594 247
1595 245
1596 251
1597 250
1598 252
1599 249
1600 251
1601 250
1602 242
1603 246
1604 242
1605 261
1606 254
1607 249
1608 259
1609 253
1610 253
1611 253
1612 253
1613 243
1614 252
1615 254
1616 257
1617 261
1618 257
1619 256
1620 256
1621 252
1622 254
1623 258
1624 250
1625 257
1626 261
1627 257
1628 252
1629 248
1630 240
1631 251
1632 250
1633 254
1634 257
1635 255
1636 258
1637 248
1638 251
1639 253
1640 252
1641 247
1642 247
1643 248
1644 252
1645 254
1646 257
1647 253
1648 255
1649 250
1650 250
1651 255
1652 254
1653 247
1654 255
1655 256
1656 257
1657 251
1658 261
1659 258
1660 248
1661 250
1662 253
1663 246
1664 257
1665 246
1666 252
1667 256
1668 257
1669 257
1670 249
1671 252
1672 247
1673 258
1674 254
1675 253
1676 252
1677 250
1678 246
1679 249
1680 248
1681 246
1682 247
1683 250
1684 247
1685 241
1686 239
1687 242
1688 245
1689 253
1690 250
1691 247
1692 247
1693 250
1694 254
1695 252
1696 250
1697 249
1698 248
1699 240
1700 245
1701 245
1702 247
1703 246
1704 250
1705 245
1706 240
1707 241
1708 248
1709 244
1710 245
1711 252
1712 243
1713 243
1714 248
1715 254
1716 244
1717 247
1718 251
1719 254
1720 246
1721 260
1722 255
1723 257
1724 260
1725 252
1726 258
1727 260
1728 256
1729 252
1730 250
1731 251
1732 250
1733 252
1734 252
1735 246
1736 251
1737 253
1738 250
1739 249
1740 248
1741 249
1742 251
1743 254
1744 259
1745 254
1746 252
1747 253
1748 257
1749 252
1750 255
1751 254
1752 258
1753 256
1754 252
1755 250
1756 245
1757 253
1758 243
1759 254
1760 247
1761 254
1762 251
1763 245
1764 252
1765 250
1766 252
1767 255
1768 250
1769 246
1770 252
1771 245
1772 247
1773 251
1774 238
1775 239
1776 248
1777 252
1778 243
1779 242
1780 247
1781 254
1782 253
1783 253
1784 257
1785 259
1786 261
1787 254
1788 256
1789 259
1790 261
1791 255
1792 256
1793 250
1794 259
1795 245
1796 250
1797 249
1798 256
1799 253
1800 248
1801 249
1802 256
1803 252
1804 246
1805 246
1806 249
1807 245
1808 242
1809 255
1810 248
1811 242
1812 247
1813 246
1814 243
1815 245
1816 248
1817 248
1818 250
1819 246
1820 253
1821 258
1822 254
1823 248
1824 254
1825 253
1826 249
1827 255
1828 249
1829 248
1830 249
1831 249
1832 248
1833 256
1834 253
1835 255
1836 258
1837 249
1838 252
1839 253
1840 250
1841 253
1842 248
1843 252
1844 254
1845 257
1846 260
1847 261
1848 259
1849 263
1850 259
1851 262
1852 258
1853 253
1854 258
1855 258
1856 258
1857 253
1858 254
1859 244
1860 260
1861 261
1862 259
1863 256
1864 246
1865 248
1866 251
1867 245
1868 243
1869 247
1870 248
1871 256
1872 252
1873 247
1874 253
1875 252
1876 253
1877 256
1878 253
1879 256
1880 255
1881 253
1882 258
1883 258
1884 251
1885 258
1886 245
1887 255
1888 249
1889 248
1890 254
1891 249
1892 251
1893 248
1894 251
1895 251
1896 252
1897 258
1898 253
1899 251
1900 249
1901 258
1902 250
1903 254
1904 260
1905 257
1906 256
1907 258
1908 249
1909 256
1910 250
1911 257
1912 259
1913 258
1914 260
1915 253
1916 261
1917 255
1918 248
1919 255
1920 254
1921 256
1922 246
1923 254
1924 259
1925 247
1926 250
1927 253
1928 247
1929 246
1930 247
1931 247
1932 245
1933 252
1934 241
1935 248
1936 252
1937 255
1938 253
1939 258
1940 252
1941 257
1942 240
1943 247
1944 251
1945 245
1946 251
1947 251
1948 254
1949 257
1950 249
1951 254
1952 252
1953 253
1954 259
1955 249
1956 248
1957 249
1958 252
1959 250
1960 259
1961 253
1962 253
1963 247
1964 257
1965 258
1966 260
1967 255
1968 256
1969 256
1970 254
1971 254
1972 256
1973 260
1974 257
1975 263
1976 259
1977 256
1978 250
1979 260
1980 255
1981 262
1982 258
1983 256
1984 256
1985 259
1986 261
1987 258
1988 256
1989 260
1990 256
1991 255
1992 258
1993 258
1994 251
1995 257
1996 254
1997 257
1998 261
1999 253
2000 250
2001 255
2002 251
2003 243
2004 254
2005 255
2006 249
2007 243
2008 249
2009 252
2010 250
2011 260
2012 254
2013 250
2014 252
2015 250
2016 252
2017 251
2018 254
2019 253
2020 257
2021 253
2022 253
2023 248
2024 253
2025 254
2026 257
2027 254
2028 257
2029 252
2030 256
2031 252
2032 251
2033 256
2034 249
2035 251
2036 248
2037 254
2038 256
2039 256
2040 249
2041 247
2042 250
2043 249
2044 248
2045 254
2046 254
2047 254
2048 253
2049 247
2050 247
2051 252
2052 251
2053 260
2054 252
2055 253
2056 254
2057 257
2058 253
2059 252
2060 252
2061 250
2062 257
2063 259
2064 264
2065 262
2066 253
2067 257
2068 264
2069 253
2070 251
2071 257
2072 260
2073 262
2074 252
2075 257
2076 254
2077 248
2078 260
2079 251
2080 256
2081 258
2082 263
2083 261
2084 261
2085 264
2086 265
2087 259
2088 249
2089 257
2090 258
2091 247
2092 253
2093 259
2094 250
2095 252
2096 250
2097 253
2098 258
2099 255
2100 254
2101 256
2102 252
2103 257
2104 260
2105 259
2106 259
2107 255
2108 257
2109 248
2110 250
2111 253
2112 253
2113 252
2114 255
2115 249
2116 260
2117 257
2118 253
2119 252
2120 256
2121 255
2122 253
2123 259
2124 258
2125 252
2126 257
2127 256
2128 244
2129 250
2130 258
2131 261
2132 258
2133 255
2134 264
2135 263
2136 243
2137 251
2138 254
2139 248
2140 250
2141 250
2142 259
2143 250
2144 260
2145 254
2146 259
2147 251
2148 258
2149 252
2150 259
2151 260
2152 263
2153 251
2154 260
2155 256
2156 255
2157 254
2158 250
2159 254
2160 256
2161 257
2162 263
2163 258
2164 264
2165 264
2166 261
2167 260
2168 265
2169 258
2170 257
2171 265
2172 262
2173 262
2174 261
2175 258
2176 270
2177 264
2178 259
2179 264
2180 259
2181 254
2182 263
2183 255
2184 265
2185 256
2186 262
2187 258
2188 254
2189 251
2190 253
2191 251
2192 262
2193 259
2194 265
2195 262
2196 260
2197 261
2198 265
2199 268
2200 255
2201 260
2202 259
2203 261
2204 255
2205 258
2206 256
2207 260
2208 261
2209 259
2210 262
2211 255
2212 260
2213 264
2214 261
2215 259
2216 259
2217 260
2218 260
2219 257
2220 261
2221 265
2222 254
2223 252
2224 268
2225 255
2226 254
2227 257
2228 256
2229 259
2230 254
2231 257
2232 265
2233 261
2234 259
2235 262
2236 268
2237 266
2238 256
2239 259
2240 255
2241 259
2242 255
2243 260
2244 258
2245 262
2246 263
2247 262
2248 255
2249 257
2250 255
2251 253
2252 253
2253 257
2254 257
2255 259
2256 256
2257 258
2258 259
2259 258
2260 258
2261 258
2262 258
2263 257
2264 262
2265 256
2266 263
2267 256
2268 258
2269 260
2270 258
2271 257
2272 249
2273 253
2274 259
2275 256
2276 259
2277 257
2278 262
2279 250
2280 254
2281 258
2282 259
2283 259
2284 251
2285 260
2286 260
2287 260
2288 256
2289 258
2290 263
2291 258
2292 260
2293 255
2294 256
2295 252
2296 256
2297 255
2298 254
2299 256
2300 256
2301 247
2302 263
2303 260
2304 255
2305 253
2306 262
2307 259
2308 255
2309 252
2310 260
2311 256
2312 262
2313 263
2314 250
2315 245
2316 252
2317 257
2318 251
2319 249
2320 251
2321 253
2322 250
2323 250
2324 252
2325 249
2326 248
2327 254
2328 247
2329 248
2330 250
2331 256
2332 249
2333 252
2334 249
2335 253
2336 245
2337 247
2338 252
2339 252
2340 248
2341 253
2342 242
2343 256
2344 252
2345 249
2346 255
2347 246
2348 258
2349 248
2350 251
2351 248
2352 249
2353 247
2354 242
2355 246
2356 257
2357 254
2358 255
2359 252
2360 260
2361 255
2362 258
2363 251
2364 251
2365 251
2366 255
2367 249
2368 254
2369 250
2370 250
2371 252
2372 254
2373 251
2374 249
2375 254
2376 251
2377 254
2378 253
2379 247
2380 252
2381 252
2382 244
2383 256
2384 250
2385 253
2386 255
2387 251
2388 251
2389 248
2390 256
2391 259
2392 258
2393 259
2394 258
2395 260
2396 260
2397 258
2398 252
2399 257
2400 258
2401 255
2402 256
2403 252
2404 255
2405 251
2406 252
2407 251
2408 250
2409 249
2410 254
2411 249
2412 249
2413 252
2414 250
2415 251
2416 249
2417 249
2418 252
2419 248
2420 258
2421 255
2422 253
2423 247
2424 250
2425 248
2426 245
2427 249
2428 251
2429 238
2430 253
2431 248
2432 248
2433 241
2434 248
2435 248
2436 252
2437 250
2438 246
2439 254
2440 246
2441 255
2442 253
2443 251
2444 261
2445 248
2446 246
2447 251
2448 247
2449 247
2450 250
2451 257
2452 249
2453 250
2454 246
2455 251
2456 252
2457 244
2458 248
2459 253
2460 246
2461 249
2462 253
2463 244
2464 250
2465 248
2466 245
2467 249
2468 253
2469 253
2470 250
2471 247
2472 249
2473 253
2474 246
2475 248
2476 249
2477 247
2478 252
2479 255
2480 245
2481 241
2482 245
2483 244
2484 246
2485 255
2486 246
2487 243
2488 252
2489 236
2490 246
2491 248
2492 251
2493 252
2494 251
2495 257
2496 247
2497 254
2498 258
2499 249
2500 257
2501 256
2502 252
2503 250
2504 251
2505 250
2506 258
2507 256
2508 253
2509 248
2510 254
2511 258
2512 256
2513 253
2514 252
2515 247
2516 250
2517 249
2518 249
2519 250
2520 243
2521 249
2522 255
2523 245
2524 249
2525 240
2526 244
2527 250
2528 245
2529 249
2530 252
2531 254
2532 243
2533 250
2534 249
2535 248
2536 249
2537 252
2538 251
2539 247
2540 249
2541 250
2542 256
2543 249
2544 258
2545 259
2546 252
2547 252
2548 249
2549 259
2550 251
2551 261
2552 257
2553 262
2554 245
2555 254
2556 258
2557 258
2558 255
2559 249
2560 259
2561 251
2562 247
2563 256
2564 244
2565 246
2566 245
2567 253
2568 243
2569 247
2570 244
2571 254
2572 246
2573 246
2574 241
2575 240
2576 245
2577 246
2578 245
2579 258
2580 250
2581 247
2582 251
2583 245
2584 246
2585 248
2586 249
2587 249
2588 248
2589 253
2590 255
2591 248
2592 249
2593 249
2594 241
2595 242
2596 248
2597 240
2598 247
2599 246
2600 247
2601 250
2602 250
2603 254
2604 251
2605 242
2606 250
2607 250
2608 253
2609 246
2610 243
2611 245
2612 238
2613 246
2614 241
2615 242
2616 242
2617 237
2618 241
2619 241
2620 243
2621 240
2622 235
2623 249
2624 241
2625 241
2626 247
2627 249
2628 233
2629 231
2630 250
2631 246
2632 229
2633 242
2634 234
2635 241
2636 246
2637 243
2638 233
2639 231
2640 232
2641 240
2642 229
2643 238
2644 240
2645 231
2646 237
2647 244
2648 240
2649 238
2650 238
2651 232
2652 240
2653 238
2654 239
2655 238
2656 232
2657 234
2658 239
2659 239
2660 239
2661 246
2662 239
2663 237
2664 242
2665 240
2666 240
2667 248
2668 244
2669 236
2670 231
2671 233
2672 246
2673 241
2674 236
2675 235
2676 238
2677 234
2678 235
2679 244
2680 231
2681 230
2682 238
2683 239
2684 235
2685 237
2686 240
2687 237
2688 236
2689 236
2690 234
2691 234
2692 246
2693 236
2694 233
2695 237
2696 235
2697 232
2698 237
2699 235
2700 226
2701 232
2702 224
2703 231
2704 234
2705 235
2706 235
2707 239
2708 237
2709 230
2710 232
2711 234
2712 238
2713 233
2714 231
2715 236
2716 230
2717 225
2718 219
2719 225
2720 233
2721 234
2722 229
2723 235
2724 229
2725 235
2726 237
2727 243
2728 238
2729 235
2730 239
2731 237
2732 232
2733 231
2734 238
2735 240
2736 240
2737 236
2738 235
2739 235
2740 233
2741 238
2742 238
2743 241
2744 241
2745 241
2746 247
2747 235
2748 234
2749 238
2750 242
2751 241
2752 240
2753 243
2754 233
2755 243
2756 238
2757 238
2758 240
2759 238
2760 241
2761 241
2762 241
2763 237
2764 243
2765 240
2766 231
2767 247
2768 246
2769 241
2770 234
2771 235
2772 243
2773 238
2774 244
2775 241
2776 241
2777 242
2778 242
2779 245
2780 236
2781 239
2782 236
2783 241
2784 234
2785 238
2786 229
2787 234
2788 237
2789 240
2790 238
2791 246
2792 245
2793 242
2794 236
2795 237
2796 234
2797 229
2798 240
2799 237
2800 248
2801 238
2802 239
2803 233
2804 233
2805 232
2806 233
2807 232
2808 239
2809 232
2810 234
2811 233
2812 241
2813 243
2814 237
2815 235
2816 237
2817 227
2818 232
2819 232
2820 242
2821 236
2822 234
2823 234
2824 241
2825 232
2826 229
2827 238
2828 243
2829 238
2830 234
2831 234
2832 233
2833 235
2834 244
2835 243
2836 242
2837 247
2838 242
2839 233
2840 244
2841 236
2842 226
2843 243
2844 238
2845 240
2846 241
2847 243
2848 238
2849 246
2850 239
2851 238
2852 246
2853 243
2854 239
2855 240
2856 235
2857 240
2858 243
2859 239
2860 244
2861 240
2862 237
2863 235
2864 245
2865 252
2866 247
2867 249
2868 244
2869 240
2870 243
2871 236
2872 234
2873 240
2874 232
2875 238
2876 241
2877 242
2878 242
2879 246
2880 242
2881 236
2882 235
2883 236
2884 241
2885 239
2886 241
2887 242
2888 244
2889 243
2890 240
2891 241
2892 236
2893 234
2894 244
2895 237
2896 240
2897 238
2898 239
2899 238
2900 241
2901 241
2902 236
2903 246
2904 237
2905 241
2906 240
2907 239
2908 239
2909 236
2910 242
2911 238
2912 241
2913 240
2914 239
2915 235
2916 238
2917 245
2918 246
2919 242
2920 237
2921 242
2922 241
2923 244
2924 239
2925 248
2926 242
2927 253
2928 241
2929 246
2930 243
2931 245
2932 238
2933 242
2934 240
2935 243
2936 245
2937 244
2938 241
2939 246
2940 241
2941 241
2942 244
2943 245
2944 235
2945 237
2946 236
2947 231
2948 241
2949 237
2950 237
2951 234
2952 238
2953 234
2954 232
2955 229
2956 230
2957 228
2958 233
2959 229
2960 236
2961 234
2962 232
2963 231
2964 234
2965 234
2966 234
2967 236
2968 230
2969 227
2970 230
2971 228
2972 231
2973 237
2974 237
2975 234
2976 238
2977 236
2978 235
2979 229
2980 231
2981 227
2982 231
2983 241
2984 234
2985 232
2986 234
2987 231
2988 239
2989 234
2990 243
2991 244
2992 232
2993 238
2994 239
2995 240
2996 232
2997 238
2998 237
2999 232
3000 231
3001 237
3002 228
3003 231
3004 233
3005 231
3006 243
3007 236
3008 239
3009 240
3010 237
3011 231
3012 235
3013 235
3014 235
3015 234
3016 235
3017 237
3018 244
3019 242
3020 238
3021 237
3022 244
3023 232
3024 237
3025 246
3026 237
3027 239
3028 237
3029 237
3030 246
3031 238
3032 241
3033 246
3034 247
3035 241
3036 247
3037 243
3038 239
3039 244
3040 245
3041 238
3042 239
3043 240
3044 240
3045 239
3046 235
3047 246
3048 251
3049 239
3050 240
3051 245
3052 249
3053 245
3054 249
3055 239
3056 239
3057 248
3058 238
3059 235
3060 241
3061 244
3062 242
3063 239
3064 239
3065 239
3066 233
3067 238
3068 247
3069 237
3070 236
3071 238
3072 244
3073 233
3074 242
3075 243
3076 238
3077 242
3078 245
3079 245
3080 242
3081 239
3082 244
3083 248
3084 234
3085 243
3086 248
3087 241
3088 246
3089 249
3090 248
3091 243
3092 242
3093 245
3094 243
3095 239
3096 240
3097 250
3098 246
3099 244
3100 244
3101 239
3102 239
3103 239
3104 243
3105 238
3106 242
3107 245
3108 244
3109 246
3110 245
3111 247
3112 240
3113 247
3114 240
3115 246
3116 246
3117 233
3118 237
3119 242
3120 241
3121 246
3122 247
3123 239
3124 248
3125 245
3126 240
3127 239
3128 238
3129 242
3130 235
3131 240
3132 236
3133 244
3134 241
3135 243
3136 232
3137 239
3138 244
3139 241
3140 242
3141 238
3142 246
3143 240
3144 245
3145 244
3146 238
3147 238
3148 235
3149 240
3150 246
3151 242
3152 238
3153 243
3154 232
3155 238
3156 238
3157 241
3158 244
3159 247
3160 240
3161 244
3162 236
3163 240
3164 237
3165 245
3166 234
3167 243
3168 236
3169 237
3170 235
3171 240
3172 240
3173 235
3174 238
3175 242
3176 238
3177 236
3178 241
3179 237
3180 239
3181 239
3182 238
3183 240
3184 238
3185 239
3186 242
3187 237
3188 238
3189 244
3190 245
3191 238
3192 244
3193 241
3194 242
3195 240
3196 244
3197 247
3198 240
3199 252
3200 244
3201 250
3202 244
3203 244
3204 246
3205 249
3206 251
3207 246
3208 248
3209 240
3210 238
3211 244
3212 247
3213 246
3214 242
3215 244
3216 244
3217 250
3218 250
3219 245
3220 247
3221 250
3222 244
3223 250
3224 243
3225 243
3226 250
3227 244
3228 248
3229 251
3230 240
3231 253
3232 244
3233 252
3234 255
3235 254
3236 252
3237 254
3238 255
3239 259
3240 266
3241 262
3242 257
3243 251
3244 255
3245 255
3246 253
3247 249
3248 257
3249 248
3250 251
3251 253
3252 253
3253 242
3254 248
3255 248
3256 255
3257 250
3258 244
3259 239
3260 240
3261 245
3262 253
3263 238
3264 239
3265 252
3266 244
3267 248
3268 248
3269 255
3270 246
3271 253
3272 255
3273 257
3274 260
3275 251
3276 258
3277 255
3278 258
3279 252
3280 254
3281 249
3282 255
3283 249
3284 252
3285 250
3286 255
3287 249
3288 262
3289 242
3290 253
3291 258
3292 255
3293 253
3294 253
3295 253
3296 248
3297 244
3298 247
3299 252
3300 256
3301 255
3302 261
3303 262
3304 259
3305 254
3306 256
3307 259
3308 259
3309 259
3310 260
3311 254
3312 262
3313 254
3314 260
3315 253
3316 251
3317 250
3318 252
3319 252
3320 250
3321 252
3322 257
3323 258
3324 255
3325 249
3326 252
3327 256
3328 255
3329 256
3330 254
3331 252
3332 255
3333 256
3334 259
3335 260
3336 259
3337 253
3338 262
3339 255
3340 257
3341 259
3342 255
3343 255
3344 254
3345 254
3346 254
3347 254
3348 253
3349 252
3350 251
3351 249
3352 255
3353 250
3354 242
3355 243
3356 239
3357 246
3358 246
3359 244
3360 246
3361 248
3362 251
3363 253
3364 254
3365 257
3366 240
3367 240
3368 249
3369 242
3370 232
3371 238
3372 250
3373 235
3374 238
3375 242
3376 244
3377 239
3378 237
3379 237
3380 248
3381 254
3382 241
3383 241
3384 240
3385 248
3386 246
3387 244
3388 239
3389 242
3390 243
3391 243
3392 245
3393 240
3394 239
3395 242
3396 238
3397 243
3398 237
3399 251
3400 253
3401 244
3402 244
3403 243
3404 245
3405 244
3406 240
3407 241
3408 240
3409 242
3410 238
3411 235
3412 238
3413 246
3414 246
3415 241
3416 242
3417 228
3418 247
3419 244
3420 245
3421 238
3422 241
3423 234
3424 235
3425 234
3426 241
3427 249
3428 247
3429 238
3430 241
3431 249
3432 254
3433 248
3434 246
3435 243
3436 241
3437 251
3438 244
3439 245
3440 252
3441 240
3442 245
3443 245
3444 248
3445 241
3446 245
3447 248
3448 247
3449 243
3450 246
3451 253
3452 240
3453 237
3454 246
3455 242
3456 247
3457 242
3458 241
3459 243
3460 251
3461 240
3462 239
3463 245
3464 245
3465 245
3466 246
3467 239
3468 242
3469 254
3470 246
3471 245
3472 242
3473 251
3474 243
3475 243
3476 242
3477 249
3478 241
3479 237
3480 242
3481 249
3482 242
3483 244
3484 240
3485 250
3486 247
3487 245
3488 247
3489 250
3490 243
3491 257
3492 259
3493 253
3494 252
3495 253
3496 258
3497 251
3498 252
3499 248
3500 252
3501 251
3502 248
3503 254
3504 249
3505 250
3506 251
3507 250
3508 253
3509 250
3510 252
3511 254
3512 242
3513 250
3514 246
3515 248
3516 245
3517 249
3518 244
3519 244
3520 242
3521 251
3522 245
3523 249
3524 253
3525 239
3526 247
3527 245
3528 242
3529 246
3530 248
3531 247
3532 246
3533 241
3534 246
3535 243
3536 239
3537 247
3538 250
3539 248
3540 242
3541 248
3542 239
3543 237
3544 240
3545 242
3546 251
3547 249
3548 247
3549 250
3550 246
3551 241
3552 248
3553 243
3554 250
3555 253
3556 247
3557 243
3558 247
3559 243
3560 239
3561 246
3562 243
3563 246
3564 246
3565 245
3566 249
3567 252
3568 252
3569 246
3570 244
3571 250
3572 253
3573 255
3574 256
3575 246
3576 252
3577 250
3578 250
3579 247
3580 254
3581 251
3582 254
3583 259
3584 248
3585 251
3586 252
3587 254
3588 250
3589 253
3590 257
3591 256
3592 252
3593 251
3594 254
3595 254
3596 252
3597 251
3598 247
3599 250
3600 251
3601 249
3602 247
3603 253
3604 259
3605 253
3606 255
3607 254
3608 249
3609 252
3610 244
3611 252
3612 255
3613 253
3614 252
3615 255
3616 255
3617 252
3618 249
3619 248
3620 253
3621 252
3622 253
3623 248
3624 246
3625 250
3626 254
3627 248
3628 254
3629 259
3630 250
3631 252
3632 257
3633 257
3634 258
3635 266
3636 252
3637 253
3638 251
3639 252
3640 253
3641 254
3642 254
3643 254
3644 255
3645 249
3646 252
3647 253
3648 250
3649 256
3650 248
3651 250
3652 253
3653 249
3654 251
3655 245
3656 248
3657 250
3658 243
3659 249
3660 250
3661 248
3662 249
3663 254
3664 249
3665 252
3666 243
3667 248
3668 250
3669 237
3670 252
3671 250
3672 259
3673 254
3674 248
3675 249
3676 244
3677 249
3678 238
3679 239
3680 248
3681 240
3682 240
3683 245
3684 246
3685 250
3686 251
3687 245
3688 242
3689 243
3690 238
3691 241
3692 244
3693 233
3694 234
3695 244
3696 247
3697 246
3698 243
3699 239
3700 242
3701 238
3702 240
3703 240
3704 240
3705 237
3706 229
3707 239
3708 235
3709 237
3710 239
3711 239
3712 237
3713 241
3714 244
3715 245
3716 245
3717 239
3718 239
3719 245
3720 230
3721 239
3722 242
3723 240
3724 234
3725 245
3726 240
3727 240
3728 245
3729 245
3730 238
3731 244
3732 247
3733 243
3734 250
3735 248
3736 234
3737 248
3738 247
3739 241
3740 243
3741 243
3742 241
3743 242
3744 238
3745 251
3746 238
3747 242
3748 243
3749 245
3750 252
3751 250
3752 246
3753 246
3754 251
3755 245
3756 244
3757 244
3758 241
3759 237
3760 241
3761 243
3762 240
3763 240
3764 243
3765 248
3766 241
3767 247
3768 246
3769 244
3770 235
3771 239
3772 239
3773 239
3774 242
3775 243
3776 241
3777 246
3778 238
3779 247
3780 241
3781 243
3782 245
3783 239
3784 247
3785 244
3786 248
3787 244
3788 244
3789 245
3790 252
3791 244
3792 249
3793 252
3794 247
3795 248
3796 239
3797 232
3798 240
3799 243
3800 246
3801 243
3802 245
3803 250
3804 242
3805 243
3806 245
3807 249
3808 252
3809 245
3810 254
3811 251
3812 242
3813 245
3814 251
3815 246
3816 251
3817 247
3818 248
3819 253
3820 250
3821 249
3822 248
3823 243
3824 246
3825 244
3826 248
3827 242
3828 240
3829 242
3830 247
3831 235
3832 247
3833 250
3834 252
3835 249
3836 247
3837 243
3838 240
3839 246
3840 245
3841 257
3842 252
3843 249
3844 252
3845 252
3846 249
3847 247
3848 252
3849 239
3850 245
3851 245
3852 249
3853 251
3854 239
3855 250
3856 260
3857 247
3858 248
3859 242
3860 246
3861 241
3862 229
3863 233
3864 236
3865 237
3866 241
3867 242
3868 244
3869 235
3870 234
3871 244
3872 245
3873 239
3874 245
3875 239
3876 246
3877 244
3878 246
3879 249
3880 250
3881 248
3882 248
3883 246
3884 241
3885 246
3886 251
3887 246
3888 247
3889 241
3890 235
3891 244
3892 248
3893 248
3894 248
3895 245
3896 253
3897 245
3898 245
3899 249
3900 244
3901 244
3902 246
3903 254
3904 243
3905 253
3906 254
3907 246
3908 241
3909 252
3910 242
3911 244
3912 243
3913 245
3914 240
3915 241
3916 242
3917 244
3918 251
3919 246
3920 248
3921 247
3922 232
3923 232
3924 242
3925 235
3926 244
3927 242
3928 239
3929 246
3930 237
3931 245
3932 242
3933 238
3934 242
3935 232
3936 238
3937 240
3938 238
3939 233
3940 241
3941 239
3942 240
3943 245
3944 240
3945 243
3946 235
3947 233
3948 234
3949 240
3950 232
3951 236
3952 252
3953 240
3954 240
3955 254
3956 250
3957 247
3958 246
3959 235
3960 250
3961 248
3962 251
3963 255
3964 245
3965 247
3966 230
3967 237
3968 243
3969 244
3970 250
3971 247
3972 252
3973 254
3974 245
3975 253
3976 250
3977 253
3978 249
3979 244
3980 247
3981 244
3982 250
3983 245
3984 249
3985 245
3986 247
3987 249
3988 247
