200.00000000000000000000   18
200.10000000000000000000   20
200.20000000000000000000   19
200.30000000000000000000   22
200.40000000000000000000   15
200.50000000000000000000   15
200.60000000000000000000   19
200.70000000000000000000   16
200.80000000000000000000   15
200.90000000000000000000   16
201.00000000000000000000   17
201.10000000000000000000   17
201.20000000000000000000   17
201.30000000000000000000   17
201.40000000000000000000   16
201.50000000000000000000   18
201.60000000000000000000   18
201.70000000000000000000   18
201.80000000000000000000   20
201.90000000000000000000   18
202.00000000000000000000   15
202.10000000000000000000   18
202.20000000000000000000   16
202.30000000000000000000   15
202.40000000000000000000   17
202.50000000000000000000   20
202.60000000000000000000   17
202.70000000000000000000   19
202.80000000000000000000   20
202.90000000000000000000   14
203.00000000000000000000   18
203.10000000000000000000   16
203.20000000000000000000   17
203.30000000000000000000   16
203.40000000000000000000   18
203.50000000000000000000   20
203.60000000000000000000   24
203.70000000000000000000   23
203.80000000000000000000   26
203.90000000000000000000   25
204.00000000000000000000   26
204.10000000000000000000   26
204.20000000000000000000   18
204.30000000000000000000   17
204.40000000000000000000   17
204.50000000000000000000   20
204.60000000000000000000   21
204.70000000000000000000   18
204.80000000000000000000   19
204.90000000000000000000   18
205.00000000000000000000   23
205.10000000000000000000   19
205.20000000000000000000   17
205.30000000000000000000   16
205.40000000000000000000   21
205.50000000000000000000   12
205.60000000000000000000   12
205.70000000000000000000   17
205.80000000000000000000   17
205.90000000000000000000   16
206.00000000000000000000   21
206.10000000000000000000   20
206.20000000000000000000   20
206.30000000000000000000   23
206.40000000000000000000   23
206.50000000000000000000   20
206.60000000000000000000   16
206.70000000000000000000   18
206.80000000000000000000   16
206.90000000000000000000   19
207.00000000000000000000   22
207.10000000000000000000   18
207.20000000000000000000   23
207.30000000000000000000   18
207.40000000000000000000   15
207.50000000000000000000   19
207.60000000000000000000   19
207.70000000000000000000   21
207.80000000000000000000   14
207.90000000000000000000   20
208.00000000000000000000   19
208.10000000000000000000   24
208.20000000000000000000   23
208.30000000000000000000   22
208.40000000000000000000   22
208.50000000000000000000   23
208.60000000000000000000   23
208.70000000000000000000   23
208.80000000000000000000   24
208.90000000000000000000   24
209.00000000000000000000   21
209.10000000000000000000   23
209.20000000000000000000   20
209.30000000000000000000   23
209.40000000000000000000   23
209.50000000000000000000   20
209.60000000000000000000   17
209.70000000000000000000   20
209.80000000000000000000   18
209.90000000000000000000   18
210.00000000000000000000   18
210.10000000000000000000   19
210.20000000000000000000   18
210.30000000000000000000   17
210.40000000000000000000   16
210.50000000000000000000   17
210.60000000000000000000   18
210.70000000000000000000   15
210.80000000000000000000   20
210.90000000000000000000   22
211.00000000000000000000   24
211.10000000000000000000   20
211.20000000000000000000   20
211.30000000000000000000   18
211.40000000000000000000   18
211.50000000000000000000   20
211.60000000000000000000   21
211.70000000000000000000   21
211.80000000000000000000   18
211.90000000000000000000   19
212.00000000000000000000   20
212.10000000000000000000   17
212.20000000000000000000   13
212.30000000000000000000   12
212.40000000000000000000   13
212.50000000000000000000   11
212.60000000000000000000   10
212.70000000000000000000   14
212.80000000000000000000   15
212.90000000000000000000   18
213.00000000000000000000   16
213.10000000000000000000   19
213.20000000000000000000   24
213.30000000000000000000   20
213.40000000000000000000   20
213.50000000000000000000   20
213.60000000000000000000   21
213.70000000000000000000   21
213.80000000000000000000   20
213.90000000000000000000   22
214.00000000000000000000   19
214.10000000000000000000   16
214.20000000000000000000   20
214.30000000000000000000   21
214.40000000000000000000   17
214.50000000000000000000   18
214.60000000000000000000   19
214.70000000000000000000   20
214.80000000000000000000   23
214.90000000000000000000   24
215.00000000000000000000   22
215.10000000000000000000   20
215.20000000000000000000   17
215.30000000000000000000   16
215.40000000000000000000   15
215.50000000000000000000   18
215.60000000000000000000   14
215.70000000000000000000   17
215.80000000000000000000   25
215.90000000000000000000   17
216.00000000000000000000   14
216.10000000000000000000   10
216.20000000000000000000   14
216.30000000000000000000   9
216.40000000000000000000   17
216.50000000000000000000   13
216.60000000000000000000   19
216.70000000000000000000   18
216.80000000000000000000   17
216.90000000000000000000   19
217.00000000000000000000   14
217.10000000000000000000   18
217.20000000000000000000   20
217.30000000000000000000   17
217.40000000000000000000   16
217.50000000000000000000   15
217.60000000000000000000   17
217.70000000000000000000   16
217.80000000000000000000   14
217.90000000000000000000   17
218.00000000000000000000   18
218.10000000000000000000   17
218.20000000000000000000   14
218.30000000000000000000   15
218.40000000000000000000   14
218.50000000000000000000   16
218.60000000000000000000   16
218.70000000000000000000   16
218.80000000000000000000   15
218.90000000000000000000   14
219.00000000000000000000   17
219.10000000000000000000   17
219.20000000000000000000   14
219.30000000000000000000   13
219.40000000000000000000   15
219.50000000000000000000   13
219.60000000000000000000   14
219.70000000000000000000   15
219.80000000000000000000   14
219.90000000000000000000   16
220.00000000000000000000   14
220.10000000000000000000   14
220.20000000000000000000   15
220.30000000000000000000   15
220.40000000000000000000   17
220.50000000000000000000   14
220.60000000000000000000   13
220.70000000000000000000   13
220.80000000000000000000   15
220.90000000000000000000   12
221.00000000000000000000   16
221.10000000000000000000   13
221.20000000000000000000   17
221.30000000000000000000   13
221.40000000000000000000   14
221.50000000000000000000   15
221.60000000000000000000   16
221.70000000000000000000   17
221.80000000000000000000   15
221.90000000000000000000   14
222.00000000000000000000   16
222.10000000000000000000   14
222.20000000000000000000   13
222.30000000000000000000   15
222.40000000000000000000   17
222.50000000000000000000   18
222.60000000000000000000   15
222.70000000000000000000   17
222.80000000000000000000   17
222.90000000000000000000   18
223.00000000000000000000   19
223.10000000000000000000   16
223.20000000000000000000   15
223.30000000000000000000   16
223.40000000000000000000   10
223.50000000000000000000   10
223.60000000000000000000   13
223.70000000000000000000   15
223.80000000000000000000   16
223.90000000000000000000   16
224.00000000000000000000   15
224.10000000000000000000   18
224.20000000000000000000   16
224.30000000000000000000   14
224.40000000000000000000   14
224.50000000000000000000   16
224.60000000000000000000   14
224.70000000000000000000   14
224.80000000000000000000   15
224.90000000000000000000   15
225.00000000000000000000   16
225.10000000000000000000   17
225.20000000000000000000   15
225.30000000000000000000   19
225.40000000000000000000   21
225.50000000000000000000   20
225.60000000000000000000   19
225.70000000000000000000   18
225.80000000000000000000   17
225.90000000000000000000   19
226.00000000000000000000   18
226.10000000000000000000   16
226.20000000000000000000   19
226.30000000000000000000   16
226.40000000000000000000   17
226.50000000000000000000   15
226.60000000000000000000   17
226.70000000000000000000   20
226.80000000000000000000   17
226.90000000000000000000   11
227.00000000000000000000   17
227.10000000000000000000   15
227.20000000000000000000   17
227.30000000000000000000   16
227.40000000000000000000   16
227.50000000000000000000   17
227.60000000000000000000   18
227.70000000000000000000   13
227.80000000000000000000   18
227.90000000000000000000   18
228.00000000000000000000   18
228.10000000000000000000   17
228.20000000000000000000   19
228.30000000000000000000   18
228.40000000000000000000   17
228.50000000000000000000   16
228.60000000000000000000   17
228.70000000000000000000   17
228.80000000000000000000   16
228.90000000000000000000   17
229.00000000000000000000   16
229.10000000000000000000   16
229.20000000000000000000   16
229.30000000000000000000   17
229.40000000000000000000   17
229.50000000000000000000   18
229.60000000000000000000   17
229.70000000000000000000   16
229.80000000000000000000   17
229.90000000000000000000   13
230.00000000000000000000   13
230.10000000000000000000   11
230.20000000000000000000   9
230.30000000000000000000   14
230.40000000000000000000   14
230.50000000000000000000   11
230.60000000000000000000   9
230.70000000000000000000   9
230.80000000000000000000   9
230.90000000000000000000   10
231.00000000000000000000   14
231.10000000000000000000   8
231.20000000000000000000   11
231.30000000000000000000   10
231.40000000000000000000   12
231.50000000000000000000   15
231.60000000000000000000   14
231.70000000000000000000   14
231.80000000000000000000   16
231.90000000000000000000   14
232.00000000000000000000   16
232.10000000000000000000   17
232.20000000000000000000   13
232.30000000000000000000   15
232.40000000000000000000   18
232.50000000000000000000   15
232.60000000000000000000   15
232.70000000000000000000   16
232.80000000000000000000   16
232.90000000000000000000   15
233.00000000000000000000   16
233.10000000000000000000   10
233.20000000000000000000   15
233.30000000000000000000   13
233.40000000000000000000   14
233.50000000000000000000   13
233.60000000000000000000   7
233.70000000000000000000   9
233.80000000000000000000   8
233.90000000000000000000   11
234.00000000000000000000   10
234.10000000000000000000   16
234.20000000000000000000   8
234.30000000000000000000   12
234.40000000000000000000   13
234.50000000000000000000   12
234.60000000000000000000   13
234.70000000000000000000   15
234.80000000000000000000   14
234.90000000000000000000   14
235.00000000000000000000   15
235.10000000000000000000   13
235.20000000000000000000   16
235.30000000000000000000   15
235.40000000000000000000   15
235.50000000000000000000   14
235.60000000000000000000   12
235.70000000000000000000   14
235.80000000000000000000   15
235.90000000000000000000   14
236.00000000000000000000   16
236.10000000000000000000   14
236.20000000000000000000   17
236.30000000000000000000   15
236.40000000000000000000   13
236.50000000000000000000   14
236.60000000000000000000   14
236.70000000000000000000   14
236.80000000000000000000   13
236.90000000000000000000   12
237.00000000000000000000   15
237.10000000000000000000   12
237.20000000000000000000   11
237.30000000000000000000   10
237.40000000000000000000   10
237.50000000000000000000   11
237.60000000000000000000   14
237.70000000000000000000   13
237.80000000000000000000   15
237.90000000000000000000   16
238.00000000000000000000   16
238.10000000000000000000   12
238.20000000000000000000   14
238.30000000000000000000   13
238.40000000000000000000   13
238.50000000000000000000   13
238.60000000000000000000   16
238.70000000000000000000   15
238.80000000000000000000   15
238.90000000000000000000   13
239.00000000000000000000   15
239.10000000000000000000   12
239.20000000000000000000   14
239.30000000000000000000   14
239.40000000000000000000   14
239.50000000000000000000   13
239.60000000000000000000   14
239.70000000000000000000   14
239.80000000000000000000   12
239.90000000000000000000   15
240.00000000000000000000   14
240.10000000000000000000   13
240.20000000000000000000   15
240.30000000000000000000   14
240.40000000000000000000   13
240.50000000000000000000   12
240.60000000000000000000   16
240.70000000000000000000   17
240.80000000000000000000   17
240.90000000000000000000   18
241.00000000000000000000   14
241.10000000000000000000   15
241.20000000000000000000   15
241.30000000000000000000   16
241.40000000000000000000   18
241.50000000000000000000   14
241.60000000000000000000   18
241.70000000000000000000   16
241.80000000000000000000   15
241.90000000000000000000   17
242.00000000000000000000   15
242.10000000000000000000   15
242.20000000000000000000   14
242.30000000000000000000   12
242.40000000000000000000   15
242.50000000000000000000   16
242.60000000000000000000   14
242.70000000000000000000   14
242.80000000000000000000   17
242.90000000000000000000   18
243.00000000000000000000   17
243.10000000000000000000   16
243.20000000000000000000   13
243.30000000000000000000   13
243.40000000000000000000   14
243.50000000000000000000   14
243.60000000000000000000   13
243.70000000000000000000   12
243.80000000000000000000   10
243.90000000000000000000   17
244.00000000000000000000   14
244.10000000000000000000   13
244.20000000000000000000   11
244.30000000000000000000   8
244.40000000000000000000   9
244.50000000000000000000   10
244.60000000000000000000   12
244.70000000000000000000   9
244.80000000000000000000   11
244.90000000000000000000   15
245.00000000000000000000   10
245.10000000000000000000   13
245.20000000000000000000   15
245.30000000000000000000   18
245.40000000000000000000   15
245.50000000000000000000   13
245.60000000000000000000   15
245.70000000000000000000   12
245.80000000000000000000   17
245.90000000000000000000   14
246.00000000000000000000   16
246.10000000000000000000   13
246.20000000000000000000   16
246.30000000000000000000   14
246.40000000000000000000   13
246.50000000000000000000   14
246.60000000000000000000   12
246.70000000000000000000   13
246.80000000000000000000   9
246.90000000000000000000   9
247.00000000000000000000   11
247.10000000000000000000   9
247.20000000000000000000   11
247.30000000000000000000   12
247.40000000000000000000   10
247.50000000000000000000   12
247.60000000000000000000   14
247.70000000000000000000   9
247.80000000000000000000   13
247.90000000000000000000   8
248.00000000000000000000   9
248.10000000000000000000   13
248.20000000000000000000   14
248.30000000000000000000   11
248.40000000000000000000   10
248.50000000000000000000   16
248.60000000000000000000   15
248.70000000000000000000   16
248.80000000000000000000   17
248.90000000000000000000   14
249.00000000000000000000   10
249.10000000000000000000   10
249.20000000000000000000   11
249.30000000000000000000   16
249.40000000000000000000   13
249.50000000000000000000   12
249.60000000000000000000   12
249.70000000000000000000   11
249.80000000000000000000   10
249.90000000000000000000   9
250.00000000000000000000   10
250.10000000000000000000   15
250.20000000000000000000   14
250.30000000000000000000   16
250.40000000000000000000   12
250.50000000000000000000   15
250.60000000000000000000   14
250.70000000000000000000   15
250.80000000000000000000   16
250.90000000000000000000   9
251.00000000000000000000   13
251.10000000000000000000   13
251.20000000000000000000   14
251.30000000000000000000   13
251.40000000000000000000   16
251.50000000000000000000   11
251.60000000000000000000   13
251.70000000000000000000   14
251.80000000000000000000   13
251.90000000000000000000   13
252.00000000000000000000   11
252.10000000000000000000   15
252.20000000000000000000   14
252.30000000000000000000   16
252.40000000000000000000   10
252.50000000000000000000   9
252.60000000000000000000   12
252.70000000000000000000   14
252.80000000000000000000   12
252.90000000000000000000   14
253.00000000000000000000   12
253.10000000000000000000   13
253.20000000000000000000   12
253.30000000000000000000   13
253.40000000000000000000   14
253.50000000000000000000   15
253.60000000000000000000   14
253.70000000000000000000   10
253.80000000000000000000   10
253.90000000000000000000   10
254.00000000000000000000   14
254.10000000000000000000   13
254.20000000000000000000   14
254.30000000000000000000   15
254.40000000000000000000   15
254.50000000000000000000   11
254.60000000000000000000   11
254.70000000000000000000   9
254.80000000000000000000   13
254.90000000000000000000   12
255.00000000000000000000   14
255.10000000000000000000   12
255.20000000000000000000   12
255.30000000000000000000   11
255.40000000000000000000   8
255.50000000000000000000   8
255.60000000000000000000   11
255.70000000000000000000   10
255.80000000000000000000   10
255.90000000000000000000   13
256.00000000000000000000   13
256.10000000000000000000   10
256.20000000000000000000   11
256.30000000000000000000   13
256.40000000000000000000   13
256.50000000000000000000   13
256.60000000000000000000   11
256.70000000000000000000   12
256.80000000000000000000   11
256.90000000000000000000   12
257.00000000000000000000   12
257.10000000000000000000   11
257.20000000000000000000   10
257.30000000000000000000   14
257.40000000000000000000   12
257.50000000000000000000   14
257.60000000000000000000   14
257.70000000000000000000   14
257.80000000000000000000   14
257.90000000000000000000   15
258.00000000000000000000   17
258.10000000000000000000   14
258.20000000000000000000   13
258.30000000000000000000   16
258.40000000000000000000   12
258.50000000000000000000   13
258.60000000000000000000   15
258.70000000000000000000   18
258.80000000000000000000   16
258.90000000000000000000   15
259.00000000000000000000   15
259.10000000000000000000   13
259.20000000000000000000   19
259.30000000000000000000   12
259.40000000000000000000   14
259.50000000000000000000   14
259.60000000000000000000   11
259.70000000000000000000   14
259.80000000000000000000   12
259.90000000000000000000   12
260.00000000000000000000   13
260.10000000000000000000   15
260.20000000000000000000   15
260.30000000000000000000   15
260.40000000000000000000   12
260.50000000000000000000   13
260.60000000000000000000   10
260.70000000000000000000   13
260.80000000000000000000   13
260.90000000000000000000   19
261.00000000000000000000   19
261.10000000000000000000   14
261.20000000000000000000   13
261.30000000000000000000   15
261.40000000000000000000   12
261.50000000000000000000   14
261.60000000000000000000   10
261.70000000000000000000   12
261.80000000000000000000   13
261.90000000000000000000   13
262.00000000000000000000   12
262.10000000000000000000   11
262.20000000000000000000   11
262.30000000000000000000   11
262.40000000000000000000   11
262.50000000000000000000   12
262.60000000000000000000   15
262.70000000000000000000   11
262.80000000000000000000   15
262.90000000000000000000   14
263.00000000000000000000   15
263.10000000000000000000   15
263.20000000000000000000   16
263.30000000000000000000   16
263.40000000000000000000   17
263.50000000000000000000   15
263.60000000000000000000   14
263.70000000000000000000   15
263.80000000000000000000   17
263.90000000000000000000   12
264.00000000000000000000   13
264.10000000000000000000   11
264.20000000000000000000   14
264.30000000000000000000   15
264.40000000000000000000   14
264.50000000000000000000   15
264.60000000000000000000   15
264.70000000000000000000   15
264.80000000000000000000   14
264.90000000000000000000   13
265.00000000000000000000   14
265.10000000000000000000   15
265.20000000000000000000   14
265.30000000000000000000   14
265.40000000000000000000   16
265.50000000000000000000   14
265.60000000000000000000   13
265.70000000000000000000   16
265.80000000000000000000   17
265.90000000000000000000   14
266.00000000000000000000   17
266.10000000000000000000   17
266.20000000000000000000   19
266.30000000000000000000   19
266.40000000000000000000   19
266.50000000000000000000   19
266.60000000000000000000   21
266.70000000000000000000   21
266.80000000000000000000   20
266.90000000000000000000   23
267.00000000000000000000   19
267.10000000000000000000   21
267.20000000000000000000   20
267.30000000000000000000   15
267.40000000000000000000   16
267.50000000000000000000   20
267.60000000000000000000   23
267.70000000000000000000   23
267.80000000000000000000   19
267.90000000000000000000   23
268.00000000000000000000   21
268.10000000000000000000   19
268.20000000000000000000   22
268.30000000000000000000   21
268.40000000000000000000   23
268.50000000000000000000   21
268.60000000000000000000   23
268.70000000000000000000   20
268.80000000000000000000   22
268.90000000000000000000   21
269.00000000000000000000   21
269.10000000000000000000   23
269.20000000000000000000   24
269.30000000000000000000   22
269.40000000000000000000   22
269.50000000000000000000   21
269.60000000000000000000   23
269.70000000000000000000   22
269.80000000000000000000   21
269.90000000000000000000   21
270.00000000000000000000   20
270.10000000000000000000   24
270.20000000000000000000   19
270.30000000000000000000   21
270.40000000000000000000   23
270.50000000000000000000   23
270.60000000000000000000   20
270.70000000000000000000   20
270.80000000000000000000   21
270.90000000000000000000   22
271.00000000000000000000   22
271.10000000000000000000   22
271.20000000000000000000   17
271.30000000000000000000   21
271.40000000000000000000   23
271.50000000000000000000   22
271.60000000000000000000   21
271.70000000000000000000   21
271.80000000000000000000   22
271.90000000000000000000   20
272.00000000000000000000   17
272.10000000000000000000   19
272.20000000000000000000   19
272.30000000000000000000   19
272.40000000000000000000   17
272.50000000000000000000   19
272.60000000000000000000   19
272.70000000000000000000   19
272.80000000000000000000   19
272.90000000000000000000   19
273.00000000000000000000   19
273.10000000000000000000   18
273.20000000000000000000   16
273.30000000000000000000   16
273.40000000000000000000   12
273.50000000000000000000   12
273.60000000000000000000   11
273.70000000000000000000   11
273.80000000000000000000   11
273.90000000000000000000   11
274.00000000000000000000   13
274.10000000000000000000   12
274.20000000000000000000   13
274.30000000000000000000   12
274.40000000000000000000   14
274.50000000000000000000   12
274.60000000000000000000   14
274.70000000000000000000   13
274.80000000000000000000   13
274.90000000000000000000   11
275.00000000000000000000   13
275.10000000000000000000   16
275.20000000000000000000   13
275.30000000000000000000   12
275.40000000000000000000   11
275.50000000000000000000   14
275.60000000000000000000   14
275.70000000000000000000   14
275.80000000000000000000   12
275.90000000000000000000   12
276.00000000000000000000   11
276.10000000000000000000   12
276.20000000000000000000   11
276.30000000000000000000   14
276.40000000000000000000   11
276.50000000000000000000   11
276.60000000000000000000   13
276.70000000000000000000   12
276.80000000000000000000   13
276.90000000000000000000   12
277.00000000000000000000   11
277.10000000000000000000   13
277.20000000000000000000   13
277.30000000000000000000   10
277.40000000000000000000   11
277.50000000000000000000   11
277.60000000000000000000   14
277.70000000000000000000   13
277.80000000000000000000   11
277.90000000000000000000   12
278.00000000000000000000   12
278.10000000000000000000   10
278.20000000000000000000   13
278.30000000000000000000   11
278.40000000000000000000   14
278.50000000000000000000   9
278.60000000000000000000   13
278.70000000000000000000   12
278.80000000000000000000   10
278.90000000000000000000   11
279.00000000000000000000   14
279.10000000000000000000   12
279.20000000000000000000   14
279.30000000000000000000   15
279.40000000000000000000   12
279.50000000000000000000   11
279.60000000000000000000   12
279.70000000000000000000   10
279.80000000000000000000   13
279.90000000000000000000   12
280.00000000000000000000   10
280.10000000000000000000   12
280.20000000000000000000   11
280.30000000000000000000   12
280.40000000000000000000   12
280.50000000000000000000   12
280.60000000000000000000   10
280.70000000000000000000   10
280.80000000000000000000   13
280.90000000000000000000   14
281.00000000000000000000   14
281.10000000000000000000   15
281.20000000000000000000   15
281.30000000000000000000   15
281.40000000000000000000   16
281.50000000000000000000   15
281.60000000000000000000   15
281.70000000000000000000   16
281.80000000000000000000   11
281.90000000000000000000   14
282.00000000000000000000   16
282.10000000000000000000   15
282.20000000000000000000   13
282.30000000000000000000   15
282.40000000000000000000   14
282.50000000000000000000   13
282.60000000000000000000   12
282.70000000000000000000   13
282.80000000000000000000   15
282.90000000000000000000   12
283.00000000000000000000   12
283.10000000000000000000   12
283.20000000000000000000   12
283.30000000000000000000   12
283.40000000000000000000   14
283.50000000000000000000   13
283.60000000000000000000   14
283.70000000000000000000   14
283.80000000000000000000   9
283.90000000000000000000   13
284.00000000000000000000   9
284.10000000000000000000   13
284.20000000000000000000   14
284.30000000000000000000   12
284.40000000000000000000   12
284.50000000000000000000   9
284.60000000000000000000   15
284.70000000000000000000   11
284.80000000000000000000   13
284.90000000000000000000   13
285.00000000000000000000   14
285.10000000000000000000   14
285.20000000000000000000   18
285.30000000000000000000   9
285.40000000000000000000   15
285.50000000000000000000   14
285.60000000000000000000   12
285.70000000000000000000   13
285.80000000000000000000   11
285.90000000000000000000   15
286.00000000000000000000   16
286.10000000000000000000   13
286.20000000000000000000   11
286.30000000000000000000   12
286.40000000000000000000   13
286.50000000000000000000   10
286.60000000000000000000   12
286.70000000000000000000   13
286.80000000000000000000   10
286.90000000000000000000   12
287.00000000000000000000   12
287.10000000000000000000   9
287.20000000000000000000   11
287.30000000000000000000   11
287.40000000000000000000   13
287.50000000000000000000   12
287.60000000000000000000   10
287.70000000000000000000   11
287.80000000000000000000   12
287.90000000000000000000   12
288.00000000000000000000   12
288.10000000000000000000   12
288.20000000000000000000   10
288.30000000000000000000   12
288.40000000000000000000   10
288.50000000000000000000   12
288.60000000000000000000   9
288.70000000000000000000   14
288.80000000000000000000   19
288.90000000000000000000   21
289.00000000000000000000   15
289.10000000000000000000   17
289.20000000000000000000   16
289.30000000000000000000   18
289.40000000000000000000   18
289.50000000000000000000   18
289.60000000000000000000   20
289.70000000000000000000   21
289.80000000000000000000   21
289.90000000000000000000   18
290.00000000000000000000   18
290.10000000000000000000   18
290.20000000000000000000   23
290.30000000000000000000   20
290.40000000000000000000   19
290.50000000000000000000   17
290.60000000000000000000   16
290.70000000000000000000   18
290.80000000000000000000   18
290.90000000000000000000   19
291.00000000000000000000   16
291.10000000000000000000   22
291.20000000000000000000   19
291.30000000000000000000   19
291.40000000000000000000   22
291.50000000000000000000   21
291.60000000000000000000   18
291.70000000000000000000   20
291.80000000000000000000   19
291.90000000000000000000   18
292.00000000000000000000   19
292.10000000000000000000   21
292.20000000000000000000   25
292.30000000000000000000   22
292.40000000000000000000   20
292.50000000000000000000   17
292.60000000000000000000   17
292.70000000000000000000   18
292.80000000000000000000   20
292.90000000000000000000   21
293.00000000000000000000   18
293.10000000000000000000   20
293.20000000000000000000   19
293.30000000000000000000   18
293.40000000000000000000   16
293.50000000000000000000   20
293.60000000000000000000   23
293.70000000000000000000   16
293.80000000000000000000   18
293.90000000000000000000   18
294.00000000000000000000   12
294.10000000000000000000   13
294.20000000000000000000   19
294.30000000000000000000   13
294.40000000000000000000   20
294.50000000000000000000   17
294.60000000000000000000   19
294.70000000000000000000   22
294.80000000000000000000   21
294.90000000000000000000   18
295.00000000000000000000   22
295.10000000000000000000   16
295.20000000000000000000   16
295.30000000000000000000   19
295.40000000000000000000   17
295.50000000000000000000   17
295.60000000000000000000   19
295.70000000000000000000   19
295.80000000000000000000   18
295.90000000000000000000   17
296.00000000000000000000   17
296.10000000000000000000   17
296.20000000000000000000   20
296.30000000000000000000   22
296.40000000000000000000   18
296.50000000000000000000   20
296.60000000000000000000   20
296.70000000000000000000   18
296.80000000000000000000   21
296.90000000000000000000   17
297.00000000000000000000   21
297.10000000000000000000   18
297.20000000000000000000   18
297.30000000000000000000   19
297.40000000000000000000   18
297.50000000000000000000   19
297.60000000000000000000   19
297.70000000000000000000   18
297.80000000000000000000   19
297.90000000000000000000   18
298.00000000000000000000   18
298.10000000000000000000   19
298.20000000000000000000   20
298.30000000000000000000   21
298.40000000000000000000   18
298.50000000000000000000   19
298.60000000000000000000   20
298.70000000000000000000   20
298.80000000000000000000   22
298.90000000000000000000   19
299.00000000000000000000   21
299.10000000000000000000   22
299.20000000000000000000   21
299.30000000000000000000   21
299.40000000000000000000   22
299.50000000000000000000   23
299.60000000000000000000   21
299.70000000000000000000   21
299.80000000000000000000   22
299.90000000000000000000   19
300.00000000000000000000   22
300.10000000000000000000   22
300.20000000000000000000   24
300.30000000000000000000   18
300.40000000000000000000   18
300.50000000000000000000   23
300.60000000000000000000   22
300.70000000000000000000   19
300.80000000000000000000   20
300.90000000000000000000   20
301.00000000000000000000   23
301.10000000000000000000   23
301.20000000000000000000   25
301.30000000000000000000   25
301.40000000000000000000   24
301.50000000000000000000   27
301.60000000000000000000   20
301.70000000000000000000   22
301.80000000000000000000   23
301.90000000000000000000   25
302.00000000000000000000   20
302.10000000000000000000   26
302.20000000000000000000   22
302.30000000000000000000   22
302.40000000000000000000   20
302.50000000000000000000   19
302.60000000000000000000   21
302.70000000000000000000   21
302.80000000000000000000   23
302.90000000000000000000   23
303.00000000000000000000   21
303.10000000000000000000   24
303.20000000000000000000   19
303.30000000000000000000   19
303.40000000000000000000   21
303.50000000000000000000   21
303.60000000000000000000   20
303.70000000000000000000   20
303.80000000000000000000   25
303.90000000000000000000   27
304.00000000000000000000   24
304.10000000000000000000   26
304.20000000000000000000   23
304.30000000000000000000   22
304.40000000000000000000   25
304.50000000000000000000   24
304.60000000000000000000   25
304.70000000000000000000   23
304.80000000000000000000   24
304.90000000000000000000   21
305.00000000000000000000   23
305.10000000000000000000   22
305.20000000000000000000   23
305.30000000000000000000   24
305.40000000000000000000   18
305.50000000000000000000   22
305.60000000000000000000   21
305.70000000000000000000   19
305.80000000000000000000   20
305.90000000000000000000   19
306.00000000000000000000   19
306.10000000000000000000   21
306.20000000000000000000   24
306.30000000000000000000   26
306.40000000000000000000   22
306.50000000000000000000   19
306.60000000000000000000   21
306.70000000000000000000   22
306.80000000000000000000   22
306.90000000000000000000   21
307.00000000000000000000   22
307.10000000000000000000   22
307.20000000000000000000   21
307.30000000000000000000   23
307.40000000000000000000   25
307.50000000000000000000   23
307.60000000000000000000   22
307.70000000000000000000   21
307.80000000000000000000   19
307.90000000000000000000   19
308.00000000000000000000   21
308.10000000000000000000   23
308.20000000000000000000   22
308.30000000000000000000   23
308.40000000000000000000   24
308.50000000000000000000   21
308.60000000000000000000   21
308.70000000000000000000   21
308.80000000000000000000   21
308.90000000000000000000   20
309.00000000000000000000   21
309.10000000000000000000   23
309.20000000000000000000   25
309.30000000000000000000   23
309.40000000000000000000   21
309.50000000000000000000   22
309.60000000000000000000   16
309.70000000000000000000   18
309.80000000000000000000   20
309.90000000000000000000   18
310.00000000000000000000   19
310.10000000000000000000   18
310.20000000000000000000   18
310.30000000000000000000   18
310.40000000000000000000   19
310.50000000000000000000   19
310.60000000000000000000   18
310.70000000000000000000   19
310.80000000000000000000   18
310.90000000000000000000   16
311.00000000000000000000   18
311.10000000000000000000   17
311.20000000000000000000   19
311.30000000000000000000   18
311.40000000000000000000   23
311.50000000000000000000   21
311.60000000000000000000   21
311.70000000000000000000   22
311.80000000000000000000   21
311.90000000000000000000   21
312.00000000000000000000   23
312.10000000000000000000   26
312.20000000000000000000   22
312.30000000000000000000   22
312.40000000000000000000   22
312.50000000000000000000   21
312.60000000000000000000   21
312.70000000000000000000   25
312.80000000000000000000   23
312.90000000000000000000   22
313.00000000000000000000   21
313.10000000000000000000   20
313.20000000000000000000   21
313.30000000000000000000   22
313.40000000000000000000   23
313.50000000000000000000   27
313.60000000000000000000   24
313.70000000000000000000   22
313.80000000000000000000   24
313.90000000000000000000   24
314.00000000000000000000   21
314.10000000000000000000   21
314.20000000000000000000   22
314.30000000000000000000   22
314.40000000000000000000   22
314.50000000000000000000   20
314.60000000000000000000   21
314.70000000000000000000   18
314.80000000000000000000   21
314.90000000000000000000   19
315.00000000000000000000   20
315.10000000000000000000   23
315.20000000000000000000   24
315.30000000000000000000   19
315.40000000000000000000   20
315.50000000000000000000   21
315.60000000000000000000   21
315.70000000000000000000   23
315.80000000000000000000   24
315.90000000000000000000   21
316.00000000000000000000   19
316.10000000000000000000   24
316.20000000000000000000   26
316.30000000000000000000   25
316.40000000000000000000   23
316.50000000000000000000   23
316.60000000000000000000   24
316.70000000000000000000   24
316.80000000000000000000   21
316.90000000000000000000   20
317.00000000000000000000   22
317.10000000000000000000   21
317.20000000000000000000   22
317.30000000000000000000   20
317.40000000000000000000   20
317.50000000000000000000   22
317.60000000000000000000   22
317.70000000000000000000   23
317.80000000000000000000   21
317.90000000000000000000   23
318.00000000000000000000   21
318.10000000000000000000   22
318.20000000000000000000   21
318.30000000000000000000   21
318.40000000000000000000   21
318.50000000000000000000   21
318.60000000000000000000   23
318.70000000000000000000   22
318.80000000000000000000   20
318.90000000000000000000   21
319.00000000000000000000   21
319.10000000000000000000   21
319.20000000000000000000   19
319.30000000000000000000   22
319.40000000000000000000   21
319.50000000000000000000   23
319.60000000000000000000   20
319.70000000000000000000   22
319.80000000000000000000   24
319.90000000000000000000   23
320.00000000000000000000   23
320.10000000000000000000   22
320.20000000000000000000   24
320.30000000000000000000   24
320.40000000000000000000   22
320.50000000000000000000   19
320.60000000000000000000   22
320.70000000000000000000   22
320.80000000000000000000   21
320.90000000000000000000   23
321.00000000000000000000   24
321.10000000000000000000   21
321.20000000000000000000   22
321.30000000000000000000   24
321.40000000000000000000   23
321.50000000000000000000   22
321.60000000000000000000   22
321.70000000000000000000   21
321.80000000000000000000   20
321.90000000000000000000   23
322.00000000000000000000   23
322.10000000000000000000   22
322.20000000000000000000   22
322.30000000000000000000   21
322.40000000000000000000   24
322.50000000000000000000   21
322.60000000000000000000   24
322.70000000000000000000   20
322.80000000000000000000   22
322.90000000000000000000   19
323.00000000000000000000   20
323.10000000000000000000   20
323.20000000000000000000   20
323.30000000000000000000   20
323.40000000000000000000   19
323.50000000000000000000   22
323.60000000000000000000   21
323.70000000000000000000   21
323.80000000000000000000   20
323.90000000000000000000   20
324.00000000000000000000   20
324.10000000000000000000   20
324.20000000000000000000   19
324.30000000000000000000   20
324.40000000000000000000   23
324.50000000000000000000   22
324.60000000000000000000   25
324.70000000000000000000   25
324.80000000000000000000   24
324.90000000000000000000   25
325.00000000000000000000   23
325.10000000000000000000   26
325.20000000000000000000   28
325.30000000000000000000   27
325.40000000000000000000   27
325.50000000000000000000   25
325.60000000000000000000   25
325.70000000000000000000   28
325.80000000000000000000   26
325.90000000000000000000   23
326.00000000000000000000   26
326.10000000000000000000   27
326.20000000000000000000   26
326.30000000000000000000   25
326.40000000000000000000   26
326.50000000000000000000   27
326.60000000000000000000   23
326.70000000000000000000   23
326.80000000000000000000   28
326.90000000000000000000   27
327.00000000000000000000   26
327.10000000000000000000   25
327.20000000000000000000   23
327.30000000000000000000   24
327.40000000000000000000   26
327.50000000000000000000   26
327.60000000000000000000   27
327.70000000000000000000   24
327.80000000000000000000   28
327.90000000000000000000   26
328.00000000000000000000   26
328.10000000000000000000   26
328.20000000000000000000   28
328.30000000000000000000   26
328.40000000000000000000   20
328.50000000000000000000   22
328.60000000000000000000   22
328.70000000000000000000   21
328.80000000000000000000   21
328.90000000000000000000   21
329.00000000000000000000   20
329.10000000000000000000   20
329.20000000000000000000   20
329.30000000000000000000   19
329.40000000000000000000   21
329.50000000000000000000   21
329.60000000000000000000   21
329.70000000000000000000   24
329.80000000000000000000   25
329.90000000000000000000   17
330.00000000000000000000   22
330.10000000000000000000   20
330.20000000000000000000   22
330.30000000000000000000   23
330.40000000000000000000   27
330.50000000000000000000   23
330.60000000000000000000   23
330.70000000000000000000   22
330.80000000000000000000   21
330.90000000000000000000   23
331.00000000000000000000   22
331.10000000000000000000   22
331.20000000000000000000   18
331.30000000000000000000   18
331.40000000000000000000   19
331.50000000000000000000   17
331.60000000000000000000   18
331.70000000000000000000   19
331.80000000000000000000   19
331.90000000000000000000   17
332.00000000000000000000   20
332.10000000000000000000   22
332.20000000000000000000   24
332.30000000000000000000   21
332.40000000000000000000   21
332.50000000000000000000   21
332.60000000000000000000   23
332.70000000000000000000   27
332.80000000000000000000   23
332.90000000000000000000   22
333.00000000000000000000   19
333.10000000000000000000   22
333.20000000000000000000   25
333.30000000000000000000   27
333.40000000000000000000   24
333.50000000000000000000   23
333.60000000000000000000   23
333.70000000000000000000   19
333.80000000000000000000   23
333.90000000000000000000   24
334.00000000000000000000   22
334.10000000000000000000   26
334.20000000000000000000   21
334.30000000000000000000   23
334.40000000000000000000   23
334.50000000000000000000   24
334.60000000000000000000   22
334.70000000000000000000   26
334.80000000000000000000   24
334.90000000000000000000   23
335.00000000000000000000   22
335.10000000000000000000   25
335.20000000000000000000   22
335.30000000000000000000   22
335.40000000000000000000   21
335.50000000000000000000   26
335.60000000000000000000   23
335.70000000000000000000   23
335.80000000000000000000   24
335.90000000000000000000   23
336.00000000000000000000   26
336.10000000000000000000   27
336.20000000000000000000   27
336.30000000000000000000   30
336.40000000000000000000   25
336.50000000000000000000   27
336.60000000000000000000   24
336.70000000000000000000   26
336.80000000000000000000   25
336.90000000000000000000   23
337.00000000000000000000   24
337.10000000000000000000   23
337.20000000000000000000   20
337.30000000000000000000   22
337.40000000000000000000   23
337.50000000000000000000   24
337.60000000000000000000   23
337.70000000000000000000   25
337.80000000000000000000   24
337.90000000000000000000   24
338.00000000000000000000   24
338.10000000000000000000   22
338.20000000000000000000   20
338.30000000000000000000   27
338.40000000000000000000   24
338.50000000000000000000   24
338.60000000000000000000   22
338.70000000000000000000   23
338.80000000000000000000   21
338.90000000000000000000   21
339.00000000000000000000   24
339.10000000000000000000   25
339.20000000000000000000   26
339.30000000000000000000   24
339.40000000000000000000   27
339.50000000000000000000   26
339.60000000000000000000   26
339.70000000000000000000   23
339.80000000000000000000   22
339.90000000000000000000   20
340.00000000000000000000   23
340.10000000000000000000   20
340.20000000000000000000   24
340.30000000000000000000   21
340.40000000000000000000   25
340.50000000000000000000   21
340.60000000000000000000   21
340.70000000000000000000   25
340.80000000000000000000   22
340.90000000000000000000   24
341.00000000000000000000   20
341.10000000000000000000   22
341.20000000000000000000   24
341.30000000000000000000   22
341.40000000000000000000   18
341.50000000000000000000   23
341.60000000000000000000   26
341.70000000000000000000   19
341.80000000000000000000   21
341.90000000000000000000   21
342.00000000000000000000   21
342.10000000000000000000   24
342.20000000000000000000   26
342.30000000000000000000   23
342.40000000000000000000   20
342.50000000000000000000   20
342.60000000000000000000   23
342.70000000000000000000   24
342.80000000000000000000   26
342.90000000000000000000   27
343.00000000000000000000   24
343.10000000000000000000   24
343.20000000000000000000   26
343.30000000000000000000   26
343.40000000000000000000   26
343.50000000000000000000   23
343.60000000000000000000   24
343.70000000000000000000   22
343.80000000000000000000   22
343.90000000000000000000   22
344.00000000000000000000   22
344.10000000000000000000   24
344.20000000000000000000   26
344.30000000000000000000   24
344.40000000000000000000   22
344.50000000000000000000   21
344.60000000000000000000   24
344.70000000000000000000   24
344.80000000000000000000   24
344.90000000000000000000   26
345.00000000000000000000   28
345.10000000000000000000   27
345.20000000000000000000   24
345.30000000000000000000   23
345.40000000000000000000   24
345.50000000000000000000   26
345.60000000000000000000   24
345.70000000000000000000   24
345.80000000000000000000   24
345.90000000000000000000   24
346.00000000000000000000   25
346.10000000000000000000   23
346.20000000000000000000   23
346.30000000000000000000   20
346.40000000000000000000   23
346.50000000000000000000   25
346.60000000000000000000   22
346.70000000000000000000   21
346.80000000000000000000   24
346.90000000000000000000   24
347.00000000000000000000   23
347.10000000000000000000   21
347.20000000000000000000   25
347.30000000000000000000   26
347.40000000000000000000   22
347.50000000000000000000   22
347.60000000000000000000   23
347.70000000000000000000   22
347.80000000000000000000   22
347.90000000000000000000   21
348.00000000000000000000   22
348.10000000000000000000   22
348.20000000000000000000   26
348.30000000000000000000   21
348.40000000000000000000   24
348.50000000000000000000   27
348.60000000000000000000   26
348.70000000000000000000   24
348.80000000000000000000   25
348.90000000000000000000   24
349.00000000000000000000   26
349.10000000000000000000   26
349.20000000000000000000   23
349.30000000000000000000   24
349.40000000000000000000   25
349.50000000000000000000   23
349.60000000000000000000   21
349.70000000000000000000   26
349.80000000000000000000   23
349.90000000000000000000   25
350.00000000000000000000   22
350.10000000000000000000   22
350.20000000000000000000   19
350.30000000000000000000   24
350.40000000000000000000   26
350.50000000000000000000   19
350.60000000000000000000   24
350.70000000000000000000   24
350.80000000000000000000   26
350.90000000000000000000   25
351.00000000000000000000   28
351.10000000000000000000   20
351.20000000000000000000   21
351.30000000000000000000   19
351.40000000000000000000   21
351.50000000000000000000   22
351.60000000000000000000   15
351.70000000000000000000   19
351.80000000000000000000   23
351.90000000000000000000   21
352.00000000000000000000   18
352.10000000000000000000   16
352.20000000000000000000   18
352.30000000000000000000   17
352.40000000000000000000   16
352.50000000000000000000   16
352.60000000000000000000   17
352.70000000000000000000   19
352.80000000000000000000   17
352.90000000000000000000   16
353.00000000000000000000   17
353.10000000000000000000   19
353.20000000000000000000   18
353.30000000000000000000   18
353.40000000000000000000   16
353.50000000000000000000   16
353.60000000000000000000   17
353.70000000000000000000   18
353.80000000000000000000   17
353.90000000000000000000   19
354.00000000000000000000   16
354.10000000000000000000   16
354.20000000000000000000   19
354.30000000000000000000   19
354.40000000000000000000   18
354.50000000000000000000   19
354.60000000000000000000   17
354.70000000000000000000   18
354.80000000000000000000   17
354.90000000000000000000   17
355.00000000000000000000   18
355.10000000000000000000   17
355.20000000000000000000   16
355.30000000000000000000   15
355.40000000000000000000   16
355.50000000000000000000   17
355.60000000000000000000   16
355.70000000000000000000   20
355.80000000000000000000   18
355.90000000000000000000   15
356.00000000000000000000   19
356.10000000000000000000   22
356.20000000000000000000   20
356.30000000000000000000   21
356.40000000000000000000   18
356.50000000000000000000   18
356.60000000000000000000   20
356.70000000000000000000   21
356.80000000000000000000   21
356.90000000000000000000   21
357.00000000000000000000   19
357.10000000000000000000   18
357.20000000000000000000   17
357.30000000000000000000   14
357.40000000000000000000   21
357.50000000000000000000   21
357.60000000000000000000   21
357.70000000000000000000   20
357.80000000000000000000   17
357.90000000000000000000   16
358.00000000000000000000   18
358.10000000000000000000   19
358.20000000000000000000   27
358.30000000000000000000   25
358.40000000000000000000   23
358.50000000000000000000   25
358.60000000000000000000   23
358.70000000000000000000   24
358.80000000000000000000   24
358.90000000000000000000   22
359.00000000000000000000   23
359.10000000000000000000   21
359.20000000000000000000   23
359.30000000000000000000   27
359.40000000000000000000   23
359.50000000000000000000   19
359.60000000000000000000   19
359.70000000000000000000   17
359.80000000000000000000   18
359.90000000000000000000   16
360.00000000000000000000   21
360.10000000000000000000   20
360.20000000000000000000   20
360.30000000000000000000   21
360.40000000000000000000   21
360.50000000000000000000   18
360.60000000000000000000   20
360.70000000000000000000   20
360.80000000000000000000   19
360.90000000000000000000   23
361.00000000000000000000   21
361.10000000000000000000   20
361.20000000000000000000   23
361.30000000000000000000   20
361.40000000000000000000   19
361.50000000000000000000   20
361.60000000000000000000   19
361.70000000000000000000   21
361.80000000000000000000   19
361.90000000000000000000   17
362.00000000000000000000   19
362.10000000000000000000   23
362.20000000000000000000   20
362.30000000000000000000   22
362.40000000000000000000   20
362.50000000000000000000   20
362.60000000000000000000   22
362.70000000000000000000   20
362.80000000000000000000   20
362.90000000000000000000   23
363.00000000000000000000   18
363.10000000000000000000   19
363.20000000000000000000   20
363.30000000000000000000   21
363.40000000000000000000   22
363.50000000000000000000   23
363.60000000000000000000   22
363.70000000000000000000   21
363.80000000000000000000   21
363.90000000000000000000   22
364.00000000000000000000   21
364.10000000000000000000   22
364.20000000000000000000   26
364.30000000000000000000   22
364.40000000000000000000   22
364.50000000000000000000   21
364.60000000000000000000   20
364.70000000000000000000   18
364.80000000000000000000   19
364.90000000000000000000   22
365.00000000000000000000   21
365.10000000000000000000   18
365.20000000000000000000   20
365.30000000000000000000   23
365.40000000000000000000   23
365.50000000000000000000   23
365.60000000000000000000   22
365.70000000000000000000   20
365.80000000000000000000   20
365.90000000000000000000   25
366.00000000000000000000   25
366.10000000000000000000   21
366.20000000000000000000   24
366.30000000000000000000   22
366.40000000000000000000   19
366.50000000000000000000   18
366.60000000000000000000   18
366.70000000000000000000   18
366.80000000000000000000   20
366.90000000000000000000   17
367.00000000000000000000   20
367.10000000000000000000   18
367.20000000000000000000   19
367.30000000000000000000   22
367.40000000000000000000   16
367.50000000000000000000   16
367.60000000000000000000   17
367.70000000000000000000   15
367.80000000000000000000   19
367.90000000000000000000   17
368.00000000000000000000   18
368.10000000000000000000   17
368.20000000000000000000   16
368.30000000000000000000   18
368.40000000000000000000   20
368.50000000000000000000   25
368.60000000000000000000   22
368.70000000000000000000   23
368.80000000000000000000   22
368.90000000000000000000   16
369.00000000000000000000   18
369.10000000000000000000   22
369.20000000000000000000   23
369.30000000000000000000   22
369.40000000000000000000   22
369.50000000000000000000   23
369.60000000000000000000   24
369.70000000000000000000   23
369.80000000000000000000   18
369.90000000000000000000   19
370.00000000000000000000   22
370.10000000000000000000   21
370.20000000000000000000   21
370.30000000000000000000   23
370.40000000000000000000   24
370.50000000000000000000   23
370.60000000000000000000   23
370.70000000000000000000   19
370.80000000000000000000   19
370.90000000000000000000   17
371.00000000000000000000   20
371.10000000000000000000   24
371.20000000000000000000   25
371.30000000000000000000   25
371.40000000000000000000   27
371.50000000000000000000   24
371.60000000000000000000   26
371.70000000000000000000   26
371.80000000000000000000   24
371.90000000000000000000   22
372.00000000000000000000   22
372.10000000000000000000   24
372.20000000000000000000   25
372.30000000000000000000   24
372.40000000000000000000   25
372.50000000000000000000   25
372.60000000000000000000   25
372.70000000000000000000   24
372.80000000000000000000   26
372.90000000000000000000   24
373.00000000000000000000   29
373.10000000000000000000   24
373.20000000000000000000   23
373.30000000000000000000   24
373.40000000000000000000   25
373.50000000000000000000   22
373.60000000000000000000   21
373.70000000000000000000   24
373.80000000000000000000   25
373.90000000000000000000   24
374.00000000000000000000   21
374.10000000000000000000   23
374.20000000000000000000   24
374.30000000000000000000   22
374.40000000000000000000   26
374.50000000000000000000   23
374.60000000000000000000   20
374.70000000000000000000   22
374.80000000000000000000   21
374.90000000000000000000   23
375.00000000000000000000   23
375.10000000000000000000   23
375.20000000000000000000   20
375.30000000000000000000   22
375.40000000000000000000   25
375.50000000000000000000   23
375.60000000000000000000   27
375.70000000000000000000   23
375.80000000000000000000   23
375.90000000000000000000   23
376.00000000000000000000   26
376.10000000000000000000   21
376.20000000000000000000   21
376.30000000000000000000   22
376.40000000000000000000   27
376.50000000000000000000   25
376.60000000000000000000   27
376.70000000000000000000   23
376.80000000000000000000   24
376.90000000000000000000   25
377.00000000000000000000   23
377.10000000000000000000   23
377.20000000000000000000   23
377.30000000000000000000   22
377.40000000000000000000   22
377.50000000000000000000   25
377.60000000000000000000   22
377.70000000000000000000   21
377.80000000000000000000   21
377.90000000000000000000   23
378.00000000000000000000   22
378.10000000000000000000   23
378.20000000000000000000   25
378.30000000000000000000   23
378.40000000000000000000   22
378.50000000000000000000   25
378.60000000000000000000   24
378.70000000000000000000   25
378.80000000000000000000   25
378.90000000000000000000   24
379.00000000000000000000   25
379.10000000000000000000   23
379.20000000000000000000   25
379.30000000000000000000   22
379.40000000000000000000   27
379.50000000000000000000   25
379.60000000000000000000   22
379.70000000000000000000   22
379.80000000000000000000   22
379.90000000000000000000   23
380.00000000000000000000   22
380.10000000000000000000   22
380.20000000000000000000   25
380.30000000000000000000   24
380.40000000000000000000   23
380.50000000000000000000   22
380.60000000000000000000   21
380.70000000000000000000   25
380.80000000000000000000   22
380.90000000000000000000   23
381.00000000000000000000   24
381.10000000000000000000   24
381.20000000000000000000   22
381.30000000000000000000   20
381.40000000000000000000   21
381.50000000000000000000   21
381.60000000000000000000   22
381.70000000000000000000   23
381.80000000000000000000   21
381.90000000000000000000   22
382.00000000000000000000   22
382.10000000000000000000   21
382.20000000000000000000   22
382.30000000000000000000   25
382.40000000000000000000   26
382.50000000000000000000   27
382.60000000000000000000   25
382.70000000000000000000   18
382.80000000000000000000   20
382.90000000000000000000   21
383.00000000000000000000   21
383.10000000000000000000   22
383.20000000000000000000   28
383.30000000000000000000   23
383.40000000000000000000   28
383.50000000000000000000   20
383.60000000000000000000   19
383.70000000000000000000   22
383.80000000000000000000   21
383.90000000000000000000   24
384.00000000000000000000   21
384.10000000000000000000   25
384.20000000000000000000   23
384.30000000000000000000   24
384.40000000000000000000   21
384.50000000000000000000   24
384.60000000000000000000   25
384.70000000000000000000   25
384.80000000000000000000   25
384.90000000000000000000   24
385.00000000000000000000   26
385.10000000000000000000   25
385.20000000000000000000   25
385.30000000000000000000   24
385.40000000000000000000   26
385.50000000000000000000   22
385.60000000000000000000   26
385.70000000000000000000   25
385.80000000000000000000   24
385.90000000000000000000   25
386.00000000000000000000   23
386.10000000000000000000   26
386.20000000000000000000   27
386.30000000000000000000   23
386.40000000000000000000   21
386.50000000000000000000   25
386.60000000000000000000   25
386.70000000000000000000   25
386.80000000000000000000   25
386.90000000000000000000   30
387.00000000000000000000   25
387.10000000000000000000   25
387.20000000000000000000   22
387.30000000000000000000   26
387.40000000000000000000   24
387.50000000000000000000   22
387.60000000000000000000   21
387.70000000000000000000   24
387.80000000000000000000   23
387.90000000000000000000   27
388.00000000000000000000   22
388.10000000000000000000   23
388.20000000000000000000   25
388.30000000000000000000   26
388.40000000000000000000   27
388.50000000000000000000   27
388.60000000000000000000   26
388.70000000000000000000   25
388.80000000000000000000   27
388.90000000000000000000   22
389.00000000000000000000   26
389.10000000000000000000   24
389.20000000000000000000   29
389.30000000000000000000   27
389.40000000000000000000   26
389.50000000000000000000   25
389.60000000000000000000   26
389.70000000000000000000   25
389.80000000000000000000   26
389.90000000000000000000   26
390.00000000000000000000   23
390.10000000000000000000   25
390.20000000000000000000   24
390.30000000000000000000   25
390.40000000000000000000   22
390.50000000000000000000   22
390.60000000000000000000   20
390.70000000000000000000   19
390.80000000000000000000   21
390.90000000000000000000   25
391.00000000000000000000   21
391.10000000000000000000   19
391.20000000000000000000   20
391.30000000000000000000   20
391.40000000000000000000   22
391.50000000000000000000   24
391.60000000000000000000   19
391.70000000000000000000   19
391.80000000000000000000   18
391.90000000000000000000   23
392.00000000000000000000   20
392.10000000000000000000   19
392.20000000000000000000   20
392.30000000000000000000   20
392.40000000000000000000   19
392.50000000000000000000   18
392.60000000000000000000   23
392.70000000000000000000   21
392.80000000000000000000   21
392.90000000000000000000   17
393.00000000000000000000   18
393.10000000000000000000   21
393.20000000000000000000   18
393.30000000000000000000   18
393.40000000000000000000   21
393.50000000000000000000   17
393.60000000000000000000   18
393.70000000000000000000   18
393.80000000000000000000   17
393.90000000000000000000   17
394.00000000000000000000   18
394.10000000000000000000   18
394.20000000000000000000   19
394.30000000000000000000   20
394.40000000000000000000   18
394.50000000000000000000   23
394.60000000000000000000   24
394.70000000000000000000   27
394.80000000000000000000   25
394.90000000000000000000   24
395.00000000000000000000   24
395.10000000000000000000   24
395.20000000000000000000   26
395.30000000000000000000   28
395.40000000000000000000   26
395.50000000000000000000   27
395.60000000000000000000   24
395.70000000000000000000   29
395.80000000000000000000   25
395.90000000000000000000   24
396.00000000000000000000   24
396.10000000000000000000   25
396.20000000000000000000   23
396.30000000000000000000   25
396.40000000000000000000   25
396.50000000000000000000   21
396.60000000000000000000   23
396.70000000000000000000   24
396.80000000000000000000   22
396.90000000000000000000   23
397.00000000000000000000   25
397.10000000000000000000   21
397.20000000000000000000   28
397.30000000000000000000   29
397.40000000000000000000   27
397.50000000000000000000   25
397.60000000000000000000   26
397.70000000000000000000   27
397.80000000000000000000   27
397.90000000000000000000   26
398.00000000000000000000   22
398.10000000000000000000   24
398.20000000000000000000   17
398.30000000000000000000   25
398.40000000000000000000   24
398.50000000000000000000   24
398.60000000000000000000   26
398.70000000000000000000   24
398.80000000000000000000   26
398.90000000000000000000   26
399.00000000000000000000   26
399.10000000000000000000   26
399.20000000000000000000   26
399.30000000000000000000   26
399.40000000000000000000   26
399.50000000000000000000   26
399.60000000000000000000   26
399.70000000000000000000   26
