200.00000000000000000000   12
200.10000000000000000000   9
200.20000000000000000000   10
200.30000000000000000000   14
200.40000000000000000000   9
200.50000000000000000000   8
200.60000000000000000000   7
200.70000000000000000000   7
200.80000000000000000000   12
200.90000000000000000000   14
201.00000000000000000000   12
201.10000000000000000000   16
201.20000000000000000000   10
201.30000000000000000000   16
201.40000000000000000000   11
201.50000000000000000000   16
201.60000000000000000000   15
201.70000000000000000000   14
201.80000000000000000000   13
201.90000000000000000000   13
202.00000000000000000000   10
202.10000000000000000000   7
202.20000000000000000000   11
202.30000000000000000000   13
202.40000000000000000000   8
202.50000000000000000000   9
202.60000000000000000000   7
202.70000000000000000000   7
202.80000000000000000000   8
202.90000000000000000000   14
203.00000000000000000000   11
203.10000000000000000000   13
203.20000000000000000000   15
203.30000000000000000000   14
203.40000000000000000000   15
203.50000000000000000000   15
203.60000000000000000000   14
203.70000000000000000000   17
203.80000000000000000000   17
203.90000000000000000000   14
204.00000000000000000000   14
204.10000000000000000000   14
204.20000000000000000000   13
204.30000000000000000000   15
204.40000000000000000000   15
204.50000000000000000000   13
204.60000000000000000000   12
204.70000000000000000000   14
204.80000000000000000000   11
204.90000000000000000000   11
205.00000000000000000000   12
205.10000000000000000000   12
205.20000000000000000000   11
205.30000000000000000000   12
205.40000000000000000000   13
205.50000000000000000000   12
205.60000000000000000000   12
205.70000000000000000000   13
205.80000000000000000000   11
205.90000000000000000000   12
206.00000000000000000000   9
206.10000000000000000000   14
206.20000000000000000000   15
206.30000000000000000000   20
206.40000000000000000000   18
206.50000000000000000000   17
206.60000000000000000000   17
206.70000000000000000000   19
206.80000000000000000000   20
206.90000000000000000000   18
207.00000000000000000000   22
207.10000000000000000000   18
207.20000000000000000000   14
207.30000000000000000000   14
207.40000000000000000000   13
207.50000000000000000000   12
207.60000000000000000000   17
207.70000000000000000000   16
207.80000000000000000000   13
207.90000000000000000000   14
208.00000000000000000000   13
208.10000000000000000000   13
208.20000000000000000000   14
208.30000000000000000000   14
208.40000000000000000000   15
208.50000000000000000000   14
208.60000000000000000000   14
208.70000000000000000000   18
208.80000000000000000000   16
208.90000000000000000000   12
209.00000000000000000000   16
209.10000000000000000000   12
209.20000000000000000000   10
209.30000000000000000000   10
209.40000000000000000000   13
209.50000000000000000000   15
209.60000000000000000000   12
209.70000000000000000000   10
209.80000000000000000000   10
209.90000000000000000000   10
210.00000000000000000000   10
210.10000000000000000000   12
210.20000000000000000000   10
210.30000000000000000000   4
210.40000000000000000000   8
210.50000000000000000000   11
210.60000000000000000000   10
210.70000000000000000000   13
210.80000000000000000000   13
210.90000000000000000000   14
211.00000000000000000000   10
211.10000000000000000000   10
211.20000000000000000000   9
211.30000000000000000000   10
211.40000000000000000000   7
211.50000000000000000000   9
211.60000000000000000000   7
211.70000000000000000000   7
211.80000000000000000000   9
211.90000000000000000000   10
212.00000000000000000000   11
212.10000000000000000000   7
212.20000000000000000000   8
212.30000000000000000000   7
212.40000000000000000000   9
212.50000000000000000000   8
212.60000000000000000000   9
212.70000000000000000000   1
212.80000000000000000000   12
212.90000000000000000000   7
213.00000000000000000000   17
213.10000000000000000000   17
213.20000000000000000000   15
213.30000000000000000000   13
213.40000000000000000000   16
213.50000000000000000000   12
213.60000000000000000000   4
213.70000000000000000000   8
213.80000000000000000000   8
213.90000000000000000000   8
214.00000000000000000000   9
214.10000000000000000000   9
214.20000000000000000000   9
214.30000000000000000000   7
214.40000000000000000000   4
214.50000000000000000000   7
214.60000000000000000000   7
214.70000000000000000000   3
214.80000000000000000000   5
214.90000000000000000000   4
215.00000000000000000000   3
215.10000000000000000000   5
215.20000000000000000000   8
215.30000000000000000000   4
215.40000000000000000000   4
215.50000000000000000000   5
215.60000000000000000000   5
215.70000000000000000000   6
215.80000000000000000000   7
215.90000000000000000000   6
216.00000000000000000000   6
216.10000000000000000000   7
216.20000000000000000000   5
216.30000000000000000000   7
216.40000000000000000000   9
216.50000000000000000000   7
216.60000000000000000000   8
216.70000000000000000000   7
216.80000000000000000000   7
216.90000000000000000000   7
217.00000000000000000000   8
217.10000000000000000000   10
217.20000000000000000000   9
217.30000000000000000000   6
217.40000000000000000000   10
217.50000000000000000000   6
217.60000000000000000000   5
217.70000000000000000000   11
217.80000000000000000000   5
217.90000000000000000000   5
218.00000000000000000000   7
218.10000000000000000000   6
218.20000000000000000000   10
218.30000000000000000000   8
218.40000000000000000000   7
218.50000000000000000000   7
218.60000000000000000000   13
218.70000000000000000000   10
218.80000000000000000000   11
218.90000000000000000000   11
219.00000000000000000000   14
219.10000000000000000000   13
219.20000000000000000000   12
219.30000000000000000000   9
219.40000000000000000000   9
219.50000000000000000000   12
219.60000000000000000000   12
219.70000000000000000000   12
219.80000000000000000000   11
219.90000000000000000000   12
220.00000000000000000000   12
220.10000000000000000000   11
220.20000000000000000000   12
220.30000000000000000000   11
220.40000000000000000000   10
220.50000000000000000000   11
220.60000000000000000000   12
220.70000000000000000000   16
220.80000000000000000000   15
220.90000000000000000000   12
221.00000000000000000000   12
221.10000000000000000000   13
221.20000000000000000000   13
221.30000000000000000000   11
221.40000000000000000000   14
221.50000000000000000000   13
221.60000000000000000000   11
221.70000000000000000000   9
221.80000000000000000000   10
221.90000000000000000000   10
222.00000000000000000000   11
222.10000000000000000000   12
222.20000000000000000000   10
222.30000000000000000000   13
222.40000000000000000000   13
222.50000000000000000000   12
222.60000000000000000000   6
222.70000000000000000000   9
222.80000000000000000000   12
222.90000000000000000000   13
223.00000000000000000000   12
223.10000000000000000000   15
223.20000000000000000000   14
223.30000000000000000000   11
223.40000000000000000000   14
223.50000000000000000000   15
223.60000000000000000000   9
223.70000000000000000000   12
223.80000000000000000000   11
223.90000000000000000000   8
224.00000000000000000000   10
224.10000000000000000000   6
224.20000000000000000000   4
224.30000000000000000000   6
224.40000000000000000000   8
224.50000000000000000000   10
224.60000000000000000000   9
224.70000000000000000000   12
224.80000000000000000000   8
224.90000000000000000000   6
225.00000000000000000000   7
225.10000000000000000000   6
225.20000000000000000000   6
225.30000000000000000000   6
225.40000000000000000000   6
225.50000000000000000000   6
225.60000000000000000000   8
225.70000000000000000000   9
225.80000000000000000000   11
225.90000000000000000000   11
226.00000000000000000000   13
226.10000000000000000000   14
226.20000000000000000000   13
226.30000000000000000000   12
226.40000000000000000000   11
226.50000000000000000000   9
226.60000000000000000000   8
226.70000000000000000000   9
226.80000000000000000000   10
226.90000000000000000000   12
227.00000000000000000000   13
227.10000000000000000000   10
227.20000000000000000000   13
227.30000000000000000000   14
227.40000000000000000000   9
227.50000000000000000000   8
227.60000000000000000000   12
227.70000000000000000000   10
227.80000000000000000000   13
227.90000000000000000000   13
228.00000000000000000000   12
228.10000000000000000000   14
228.20000000000000000000   16
228.30000000000000000000   14
228.40000000000000000000   15
228.50000000000000000000   14
228.60000000000000000000   16
228.70000000000000000000   12
228.80000000000000000000   14
228.90000000000000000000   16
229.00000000000000000000   14
229.10000000000000000000   12
229.20000000000000000000   9
229.30000000000000000000   11
229.40000000000000000000   10
229.50000000000000000000   12
229.60000000000000000000   11
229.70000000000000000000   13
229.80000000000000000000   11
229.90000000000000000000   11
230.00000000000000000000   10
230.10000000000000000000   11
230.20000000000000000000   12
230.30000000000000000000   12
230.40000000000000000000   12
230.50000000000000000000   12
230.60000000000000000000   10
230.70000000000000000000   12
230.80000000000000000000   13
230.90000000000000000000   12
231.00000000000000000000   13
231.10000000000000000000   10
231.20000000000000000000   10
231.30000000000000000000   11
231.40000000000000000000   16
231.50000000000000000000   13
231.60000000000000000000   15
231.70000000000000000000   8
231.80000000000000000000   14
231.90000000000000000000   9
232.00000000000000000000   12
232.10000000000000000000   9
232.20000000000000000000   8
232.30000000000000000000   8
232.40000000000000000000   9
232.50000000000000000000   10
232.60000000000000000000   9
232.70000000000000000000   12
232.80000000000000000000   10
232.90000000000000000000   11
233.00000000000000000000   11
233.10000000000000000000   14
233.20000000000000000000   14
233.30000000000000000000   13
233.40000000000000000000   14
233.50000000000000000000   12
233.60000000000000000000   10
233.70000000000000000000   18
233.80000000000000000000   17
233.90000000000000000000   16
234.00000000000000000000   16
234.10000000000000000000   19
234.20000000000000000000   18
234.30000000000000000000   19
234.40000000000000000000   14
234.50000000000000000000   14
234.60000000000000000000   12
234.70000000000000000000   9
234.80000000000000000000   12
234.90000000000000000000   13
235.00000000000000000000   11
235.10000000000000000000   13
235.20000000000000000000   11
235.30000000000000000000   15
235.40000000000000000000   17
235.50000000000000000000   16
235.60000000000000000000   14
235.70000000000000000000   13
235.80000000000000000000   7
235.90000000000000000000   11
236.00000000000000000000   14
236.10000000000000000000   13
236.20000000000000000000   17
236.30000000000000000000   16
236.40000000000000000000   10
236.50000000000000000000   11
236.60000000000000000000   12
236.70000000000000000000   13
236.80000000000000000000   17
236.90000000000000000000   16
237.00000000000000000000   18
237.10000000000000000000   15
237.20000000000000000000   18
237.30000000000000000000   16
237.40000000000000000000   12
237.50000000000000000000   17
237.60000000000000000000   12
237.70000000000000000000   13
237.80000000000000000000   10
237.90000000000000000000   13
238.00000000000000000000   14
238.10000000000000000000   12
238.20000000000000000000   16
238.30000000000000000000   14
238.40000000000000000000   11
238.50000000000000000000   12
238.60000000000000000000   16
238.70000000000000000000   15
238.80000000000000000000   12
238.90000000000000000000   15
239.00000000000000000000   16
239.10000000000000000000   16
239.20000000000000000000   13
239.30000000000000000000   18
239.40000000000000000000   20
239.50000000000000000000   19
239.60000000000000000000   17
239.70000000000000000000   17
239.80000000000000000000   16
239.90000000000000000000   15
240.00000000000000000000   23
240.10000000000000000000   14
240.20000000000000000000   18
240.30000000000000000000   18
240.40000000000000000000   17
240.50000000000000000000   17
240.60000000000000000000   21
240.70000000000000000000   15
240.80000000000000000000   18
240.90000000000000000000   17
241.00000000000000000000   17
241.10000000000000000000   17
241.20000000000000000000   13
241.30000000000000000000   14
241.40000000000000000000   11
241.50000000000000000000   14
241.60000000000000000000   14
241.70000000000000000000   14
241.80000000000000000000   12
241.90000000000000000000   14
242.00000000000000000000   15
242.10000000000000000000   15
242.20000000000000000000   13
242.30000000000000000000   12
242.40000000000000000000   11
242.50000000000000000000   9
242.60000000000000000000   10
242.70000000000000000000   11
242.80000000000000000000   11
242.90000000000000000000   12
243.00000000000000000000   11
243.10000000000000000000   11
243.20000000000000000000   12
243.30000000000000000000   13
243.40000000000000000000   10
243.50000000000000000000   9
243.60000000000000000000   11
243.70000000000000000000   11
243.80000000000000000000   13
243.90000000000000000000   10
244.00000000000000000000   11
244.10000000000000000000   14
244.20000000000000000000   13
244.30000000000000000000   12
244.40000000000000000000   15
244.50000000000000000000   16
244.60000000000000000000   14
244.70000000000000000000   14
244.80000000000000000000   13
244.90000000000000000000   16
245.00000000000000000000   13
245.10000000000000000000   15
245.20000000000000000000   14
245.30000000000000000000   20
245.40000000000000000000   22
245.50000000000000000000   19
245.60000000000000000000   16
245.70000000000000000000   16
245.80000000000000000000   18
245.90000000000000000000   14
246.00000000000000000000   16
246.10000000000000000000   15
246.20000000000000000000   16
246.30000000000000000000   14
246.40000000000000000000   15
246.50000000000000000000   7
246.60000000000000000000   12
246.70000000000000000000   8
246.80000000000000000000   11
246.90000000000000000000   12
247.00000000000000000000   11
247.10000000000000000000   15
247.20000000000000000000   12
247.30000000000000000000   15
247.40000000000000000000   13
247.50000000000000000000   14
247.60000000000000000000   14
247.70000000000000000000   12
247.80000000000000000000   11
247.90000000000000000000   13
248.00000000000000000000   12
248.10000000000000000000   10
248.20000000000000000000   14
248.30000000000000000000   13
248.40000000000000000000   13
248.50000000000000000000   10
248.60000000000000000000   11
248.70000000000000000000   11
248.80000000000000000000   9
248.90000000000000000000   9
249.00000000000000000000   7
249.10000000000000000000   7
249.20000000000000000000   7
249.30000000000000000000   6
249.40000000000000000000   10
249.50000000000000000000   9
249.60000000000000000000   12
249.70000000000000000000   14
249.80000000000000000000   7
249.90000000000000000000   8
250.00000000000000000000   13
250.10000000000000000000   14
250.20000000000000000000   11
250.30000000000000000000   11
250.40000000000000000000   15
250.50000000000000000000   14
250.60000000000000000000   13
250.70000000000000000000   10
250.80000000000000000000   14
250.90000000000000000000   9
251.00000000000000000000   12
251.10000000000000000000   11
251.20000000000000000000   10
251.30000000000000000000   12
251.40000000000000000000   13
251.50000000000000000000   13
251.60000000000000000000   10
251.70000000000000000000   10
251.80000000000000000000   10
251.90000000000000000000   9
252.00000000000000000000   6
252.10000000000000000000   7
252.20000000000000000000   15
252.30000000000000000000   12
252.40000000000000000000   10
252.50000000000000000000   9
252.60000000000000000000   7
252.70000000000000000000   8
252.80000000000000000000   7
252.90000000000000000000   10
253.00000000000000000000   10
253.10000000000000000000   14
253.20000000000000000000   11
253.30000000000000000000   15
253.40000000000000000000   10
253.50000000000000000000   16
253.60000000000000000000   11
253.70000000000000000000   11
253.80000000000000000000   8
253.90000000000000000000   8
254.00000000000000000000   10
254.10000000000000000000   10
254.20000000000000000000   8
254.30000000000000000000   12
254.40000000000000000000   13
254.50000000000000000000   12
254.60000000000000000000   15
254.70000000000000000000   16
254.80000000000000000000   12
254.90000000000000000000   13
255.00000000000000000000   15
255.10000000000000000000   14
255.20000000000000000000   16
255.30000000000000000000   13
255.40000000000000000000   14
255.50000000000000000000   15
255.60000000000000000000   11
255.70000000000000000000   15
255.80000000000000000000   12
255.90000000000000000000   12
256.00000000000000000000   11
256.10000000000000000000   15
256.20000000000000000000   14
256.30000000000000000000   12
256.40000000000000000000   14
256.50000000000000000000   14
256.60000000000000000000   17
256.70000000000000000000   15
256.80000000000000000000   17
256.90000000000000000000   15
257.00000000000000000000   13
257.10000000000000000000   13
257.20000000000000000000   15
257.30000000000000000000   12
257.40000000000000000000   14
257.50000000000000000000   17
257.60000000000000000000   15
257.70000000000000000000   9
257.80000000000000000000   16
257.90000000000000000000   12
258.00000000000000000000   14
258.10000000000000000000   14
258.20000000000000000000   16
258.30000000000000000000   18
258.40000000000000000000   18
258.50000000000000000000   14
258.60000000000000000000   11
258.70000000000000000000   16
258.80000000000000000000   13
258.90000000000000000000   12
259.00000000000000000000   14
259.10000000000000000000   11
259.20000000000000000000   10
259.30000000000000000000   7
259.40000000000000000000   15
259.50000000000000000000   11
259.60000000000000000000   8
259.70000000000000000000   9
259.80000000000000000000   9
259.90000000000000000000   10
260.00000000000000000000   10
260.10000000000000000000   13
260.20000000000000000000   8
260.30000000000000000000   11
260.40000000000000000000   15
260.50000000000000000000   18
260.60000000000000000000   13
260.70000000000000000000   10
260.80000000000000000000   8
260.90000000000000000000   6
261.00000000000000000000   9
261.10000000000000000000   12
261.20000000000000000000   12
261.30000000000000000000   6
261.40000000000000000000   7
261.50000000000000000000   7
261.60000000000000000000   6
261.70000000000000000000   10
261.80000000000000000000   8
261.90000000000000000000   10
262.00000000000000000000   9
262.10000000000000000000   8
262.20000000000000000000   7
262.30000000000000000000   5
262.40000000000000000000   6
262.50000000000000000000   6
262.60000000000000000000   10
262.70000000000000000000   11
262.80000000000000000000   11
262.90000000000000000000   11
263.00000000000000000000   10
263.10000000000000000000   12
263.20000000000000000000   9
263.30000000000000000000   10
263.40000000000000000000   10
263.50000000000000000000   7
263.60000000000000000000   9
263.70000000000000000000   9
263.80000000000000000000   2
263.90000000000000000000   2
264.00000000000000000000   7
264.10000000000000000000   6
264.20000000000000000000   8
264.30000000000000000000   7
264.40000000000000000000   5
264.50000000000000000000   7
264.60000000000000000000   5
264.70000000000000000000   8
264.80000000000000000000   9
264.90000000000000000000   10
265.00000000000000000000   11
265.10000000000000000000   10
265.20000000000000000000   13
265.30000000000000000000   11
265.40000000000000000000   13
265.50000000000000000000   12
265.60000000000000000000   9
265.70000000000000000000   11
265.80000000000000000000   14
265.90000000000000000000   12
266.00000000000000000000   9
266.10000000000000000000   17
266.20000000000000000000   18
266.30000000000000000000   18
266.40000000000000000000   18
266.50000000000000000000   23
266.60000000000000000000   21
266.70000000000000000000   19
266.80000000000000000000   23
266.90000000000000000000   22
267.00000000000000000000   22
267.10000000000000000000   19
267.20000000000000000000   19
267.30000000000000000000   21
267.40000000000000000000   15
267.50000000000000000000   15
267.60000000000000000000   15
267.70000000000000000000   15
267.80000000000000000000   16
267.90000000000000000000   15
268.00000000000000000000   14
268.10000000000000000000   18
268.20000000000000000000   14
268.30000000000000000000   17
268.40000000000000000000   17
268.50000000000000000000   20
268.60000000000000000000   15
268.70000000000000000000   15
268.80000000000000000000   16
268.90000000000000000000   18
269.00000000000000000000   14
269.10000000000000000000   16
269.20000000000000000000   13
269.30000000000000000000   20
269.40000000000000000000   20
269.50000000000000000000   14
269.60000000000000000000   19
269.70000000000000000000   17
269.80000000000000000000   15
269.90000000000000000000   17
270.00000000000000000000   14
270.10000000000000000000   13
270.20000000000000000000   11
270.30000000000000000000   10
270.40000000000000000000   11
270.50000000000000000000   12
270.60000000000000000000   13
270.70000000000000000000   16
270.80000000000000000000   12
270.90000000000000000000   10
271.00000000000000000000   12
271.10000000000000000000   12
271.20000000000000000000   9
271.30000000000000000000   13
271.40000000000000000000   11
271.50000000000000000000   12
271.60000000000000000000   19
271.70000000000000000000   16
271.80000000000000000000   16
271.90000000000000000000   14
272.00000000000000000000   11
272.10000000000000000000   13
272.20000000000000000000   13
272.30000000000000000000   12
272.40000000000000000000   12
272.50000000000000000000   13
272.60000000000000000000   10
272.70000000000000000000   7
272.80000000000000000000   10
272.90000000000000000000   9
273.00000000000000000000   9
273.10000000000000000000   6
273.20000000000000000000   9
273.30000000000000000000   7
273.40000000000000000000   8
273.50000000000000000000   8
273.60000000000000000000   12
273.70000000000000000000   9
273.80000000000000000000   9
273.90000000000000000000   8
274.00000000000000000000   10
274.10000000000000000000   12
274.20000000000000000000   12
274.30000000000000000000   8
274.40000000000000000000   11
274.50000000000000000000   8
274.60000000000000000000   8
274.70000000000000000000   7
274.80000000000000000000   8
274.90000000000000000000   10
275.00000000000000000000   8
275.10000000000000000000   10
275.20000000000000000000   9
275.30000000000000000000   9
275.40000000000000000000   9
275.50000000000000000000   7
275.60000000000000000000   13
275.70000000000000000000   12
275.80000000000000000000   11
275.90000000000000000000   13
276.00000000000000000000   12
276.10000000000000000000   18
276.20000000000000000000   10
276.30000000000000000000   9
276.40000000000000000000   10
276.50000000000000000000   10
276.60000000000000000000   12
276.70000000000000000000   11
276.80000000000000000000   11
276.90000000000000000000   8
277.00000000000000000000   13
277.10000000000000000000   12
277.20000000000000000000   7
277.30000000000000000000   12
277.40000000000000000000   9
277.50000000000000000000   14
277.60000000000000000000   13
277.70000000000000000000   15
277.80000000000000000000   13
277.90000000000000000000   11
278.00000000000000000000   10
278.10000000000000000000   15
278.20000000000000000000   15
278.30000000000000000000   11
278.40000000000000000000   14
278.50000000000000000000   11
278.60000000000000000000   11
278.70000000000000000000   15
278.80000000000000000000   15
278.90000000000000000000   10
279.00000000000000000000   8
279.10000000000000000000   7
279.20000000000000000000   11
279.30000000000000000000   10
279.40000000000000000000   16
279.50000000000000000000   14
279.60000000000000000000   15
279.70000000000000000000   17
279.80000000000000000000   15
279.90000000000000000000   13
280.00000000000000000000   13
280.10000000000000000000   13
280.20000000000000000000   11
280.30000000000000000000   13
280.40000000000000000000   10
280.50000000000000000000   9
280.60000000000000000000   10
280.70000000000000000000   11
280.80000000000000000000   18
280.90000000000000000000   17
281.00000000000000000000   16
281.10000000000000000000   15
281.20000000000000000000   16
281.30000000000000000000   19
281.40000000000000000000   11
281.50000000000000000000   15
281.60000000000000000000   20
281.70000000000000000000   20
281.80000000000000000000   19
281.90000000000000000000   17
282.00000000000000000000   19
282.10000000000000000000   13
282.20000000000000000000   16
282.30000000000000000000   17
282.40000000000000000000   16
282.50000000000000000000   15
282.60000000000000000000   14
282.70000000000000000000   14
282.80000000000000000000   14
282.90000000000000000000   20
283.00000000000000000000   17
283.10000000000000000000   22
283.20000000000000000000   22
283.30000000000000000000   16
283.40000000000000000000   18
283.50000000000000000000   14
283.60000000000000000000   23
283.70000000000000000000   21
283.80000000000000000000   24
283.90000000000000000000   21
284.00000000000000000000   24
284.10000000000000000000   25
284.20000000000000000000   19
284.30000000000000000000   22
284.40000000000000000000   21
284.50000000000000000000   19
284.60000000000000000000   20
284.70000000000000000000   17
284.80000000000000000000   18
284.90000000000000000000   15
285.00000000000000000000   13
285.10000000000000000000   18
285.20000000000000000000   13
285.30000000000000000000   12
285.40000000000000000000   14
285.50000000000000000000   12
285.60000000000000000000   13
285.70000000000000000000   12
285.80000000000000000000   12
285.90000000000000000000   14
286.00000000000000000000   16
286.10000000000000000000   16
286.20000000000000000000   16
286.30000000000000000000   19
286.40000000000000000000   20
286.50000000000000000000   23
286.60000000000000000000   22
286.70000000000000000000   19
286.80000000000000000000   21
286.90000000000000000000   15
287.00000000000000000000   17
287.10000000000000000000   16
287.20000000000000000000   13
287.30000000000000000000   11
287.40000000000000000000   18
287.50000000000000000000   21
287.60000000000000000000   14
287.70000000000000000000   15
287.80000000000000000000   14
287.90000000000000000000   13
288.00000000000000000000   11
288.10000000000000000000   14
288.20000000000000000000   13
288.30000000000000000000   13
288.40000000000000000000   12
288.50000000000000000000   11
288.60000000000000000000   15
288.70000000000000000000   13
288.80000000000000000000   12
288.90000000000000000000   14
289.00000000000000000000   11
289.10000000000000000000   15
289.20000000000000000000   14
289.30000000000000000000   13
289.40000000000000000000   15
289.50000000000000000000   20
289.60000000000000000000   18
289.70000000000000000000   10
289.80000000000000000000   14
289.90000000000000000000   14
290.00000000000000000000   13
290.10000000000000000000   14
290.20000000000000000000   13
290.30000000000000000000   10
290.40000000000000000000   14
290.50000000000000000000   10
290.60000000000000000000   12
290.70000000000000000000   17
290.80000000000000000000   16
290.90000000000000000000   18
291.00000000000000000000   16
291.10000000000000000000   16
291.20000000000000000000   19
291.30000000000000000000   20
291.40000000000000000000   18
291.50000000000000000000   12
291.60000000000000000000   17
291.70000000000000000000   11
291.80000000000000000000   13
291.90000000000000000000   13
292.00000000000000000000   11
292.10000000000000000000   15
292.20000000000000000000   17
292.30000000000000000000   16
292.40000000000000000000   13
292.50000000000000000000   16
292.60000000000000000000   13
292.70000000000000000000   17
292.80000000000000000000   13
292.90000000000000000000   14
293.00000000000000000000   19
293.10000000000000000000   16
293.20000000000000000000   17
293.30000000000000000000   15
293.40000000000000000000   14
293.50000000000000000000   17
293.60000000000000000000   15
293.70000000000000000000   16
293.80000000000000000000   10
293.90000000000000000000   10
294.00000000000000000000   12
294.10000000000000000000   12
294.20000000000000000000   14
294.30000000000000000000   19
294.40000000000000000000   15
294.50000000000000000000   5
294.60000000000000000000   12
294.70000000000000000000   13
294.80000000000000000000   13
294.90000000000000000000   15
295.00000000000000000000   12
295.10000000000000000000   15
295.20000000000000000000   11
295.30000000000000000000   9
295.40000000000000000000   13
295.50000000000000000000   14
295.60000000000000000000   11
295.70000000000000000000   11
295.80000000000000000000   13
295.90000000000000000000   12
296.00000000000000000000   14
296.10000000000000000000   11
296.20000000000000000000   12
296.30000000000000000000   12
296.40000000000000000000   11
296.50000000000000000000   10
296.60000000000000000000   12
296.70000000000000000000   12
296.80000000000000000000   14
296.90000000000000000000   11
297.00000000000000000000   11
297.10000000000000000000   12
297.20000000000000000000   12
297.30000000000000000000   17
297.40000000000000000000   15
297.50000000000000000000   18
297.60000000000000000000   18
297.70000000000000000000   15
297.80000000000000000000   14
297.90000000000000000000   17
298.00000000000000000000   14
298.10000000000000000000   15
298.20000000000000000000   15
298.30000000000000000000   15
298.40000000000000000000   16
298.50000000000000000000   19
298.60000000000000000000   17
298.70000000000000000000   18
298.80000000000000000000   16
298.90000000000000000000   13
299.00000000000000000000   15
299.10000000000000000000   14
299.20000000000000000000   20
299.30000000000000000000   18
299.40000000000000000000   19
299.50000000000000000000   17
299.60000000000000000000   16
299.70000000000000000000   15
299.80000000000000000000   15
299.90000000000000000000   11
300.00000000000000000000   20
300.10000000000000000000   21
300.20000000000000000000   21
300.30000000000000000000   16
300.40000000000000000000   20
300.50000000000000000000   18
300.60000000000000000000   18
300.70000000000000000000   19
300.80000000000000000000   17
300.90000000000000000000   20
301.00000000000000000000   18
301.10000000000000000000   17
301.20000000000000000000   23
301.30000000000000000000   15
301.40000000000000000000   19
301.50000000000000000000   19
301.60000000000000000000   16
301.70000000000000000000   18
301.80000000000000000000   10
301.90000000000000000000   11
302.00000000000000000000   20
302.10000000000000000000   13
302.20000000000000000000   13
302.30000000000000000000   15
302.40000000000000000000   12
302.50000000000000000000   13
302.60000000000000000000   14
302.70000000000000000000   15
302.80000000000000000000   14
302.90000000000000000000   12
303.00000000000000000000   16
303.10000000000000000000   13
303.20000000000000000000   14
303.30000000000000000000   13
303.40000000000000000000   15
303.50000000000000000000   11
303.60000000000000000000   14
303.70000000000000000000   14
303.80000000000000000000   14
303.90000000000000000000   13
304.00000000000000000000   13
304.10000000000000000000   13
304.20000000000000000000   11
304.30000000000000000000   14
304.40000000000000000000   13
304.50000000000000000000   15
304.60000000000000000000   17
304.70000000000000000000   21
304.80000000000000000000   16
304.90000000000000000000   19
305.00000000000000000000   15
305.10000000000000000000   14
305.20000000000000000000   15
305.30000000000000000000   14
305.40000000000000000000   16
305.50000000000000000000   15
305.60000000000000000000   15
305.70000000000000000000   15
305.80000000000000000000   15
305.90000000000000000000   14
306.00000000000000000000   14
306.10000000000000000000   19
306.20000000000000000000   19
306.30000000000000000000   19
306.40000000000000000000   19
306.50000000000000000000   15
306.60000000000000000000   16
306.70000000000000000000   17
306.80000000000000000000   17
306.90000000000000000000   16
307.00000000000000000000   18
307.10000000000000000000   18
307.20000000000000000000   18
307.30000000000000000000   15
307.40000000000000000000   17
307.50000000000000000000   18
307.60000000000000000000   19
307.70000000000000000000   21
307.80000000000000000000   23
307.90000000000000000000   18
308.00000000000000000000   20
308.10000000000000000000   21
308.20000000000000000000   20
308.30000000000000000000   25
308.40000000000000000000   20
308.50000000000000000000   24
308.60000000000000000000   20
308.70000000000000000000   19
308.80000000000000000000   20
308.90000000000000000000   16
309.00000000000000000000   17
309.10000000000000000000   15
309.20000000000000000000   18
309.30000000000000000000   19
309.40000000000000000000   18
309.50000000000000000000   17
309.60000000000000000000   18
309.70000000000000000000   19
309.80000000000000000000   16
309.90000000000000000000   18
310.00000000000000000000   21
310.10000000000000000000   20
310.20000000000000000000   21
310.30000000000000000000   23
310.40000000000000000000   19
310.50000000000000000000   18
310.60000000000000000000   18
310.70000000000000000000   21
310.80000000000000000000   17
310.90000000000000000000   15
311.00000000000000000000   16
311.10000000000000000000   14
311.20000000000000000000   22
311.30000000000000000000   21
311.40000000000000000000   20
311.50000000000000000000   22
311.60000000000000000000   16
311.70000000000000000000   19
311.80000000000000000000   23
311.90000000000000000000   21
312.00000000000000000000   20
312.10000000000000000000   17
312.20000000000000000000   22
312.30000000000000000000   15
312.40000000000000000000   13
312.50000000000000000000   9
312.60000000000000000000   7
312.70000000000000000000   11
312.80000000000000000000   6
312.90000000000000000000   8
313.00000000000000000000   14
313.10000000000000000000   11
313.20000000000000000000   12
313.30000000000000000000   15
313.40000000000000000000   15
313.50000000000000000000   13
313.60000000000000000000   16
313.70000000000000000000   12
313.80000000000000000000   12
313.90000000000000000000   13
314.00000000000000000000   14
314.10000000000000000000   15
314.20000000000000000000   12
314.30000000000000000000   12
314.40000000000000000000   14
314.50000000000000000000   17
314.60000000000000000000   18
314.70000000000000000000   15
314.80000000000000000000   13
314.90000000000000000000   15
315.00000000000000000000   15
315.10000000000000000000   13
315.20000000000000000000   19
315.30000000000000000000   16
315.40000000000000000000   13
315.50000000000000000000   15
315.60000000000000000000   15
315.70000000000000000000   17
315.80000000000000000000   23
315.90000000000000000000   20
316.00000000000000000000   22
316.10000000000000000000   23
316.20000000000000000000   22
316.30000000000000000000   18
316.40000000000000000000   19
316.50000000000000000000   23
316.60000000000000000000   23
316.70000000000000000000   23
316.80000000000000000000   18
316.90000000000000000000   16
317.00000000000000000000   19
317.10000000000000000000   16
317.20000000000000000000   17
317.30000000000000000000   17
317.40000000000000000000   19
317.50000000000000000000   12
317.60000000000000000000   19
317.70000000000000000000   16
317.80000000000000000000   17
317.90000000000000000000   15
318.00000000000000000000   16
318.10000000000000000000   14
318.20000000000000000000   15
318.30000000000000000000   14
318.40000000000000000000   17
318.50000000000000000000   13
318.60000000000000000000   17
318.70000000000000000000   18
318.80000000000000000000   17
318.90000000000000000000   17
319.00000000000000000000   18
319.10000000000000000000   19
319.20000000000000000000   19
319.30000000000000000000   18
319.40000000000000000000   16
319.50000000000000000000   16
319.60000000000000000000   12
319.70000000000000000000   12
319.80000000000000000000   10
319.90000000000000000000   13
320.00000000000000000000   16
320.10000000000000000000   15
320.20000000000000000000   15
320.30000000000000000000   17
320.40000000000000000000   14
320.50000000000000000000   14
320.60000000000000000000   11
320.70000000000000000000   13
320.80000000000000000000   11
320.90000000000000000000   14
321.00000000000000000000   16
321.10000000000000000000   17
321.20000000000000000000   16
321.30000000000000000000   16
321.40000000000000000000   17
321.50000000000000000000   18
321.60000000000000000000   18
321.70000000000000000000   14
321.80000000000000000000   19
321.90000000000000000000   15
322.00000000000000000000   18
322.10000000000000000000   12
322.20000000000000000000   17
322.30000000000000000000   20
322.40000000000000000000   21
322.50000000000000000000   23
322.60000000000000000000   20
322.70000000000000000000   22
322.80000000000000000000   20
322.90000000000000000000   24
323.00000000000000000000   22
323.10000000000000000000   20
323.20000000000000000000   24
323.30000000000000000000   24
323.40000000000000000000   20
323.50000000000000000000   19
323.60000000000000000000   18
323.70000000000000000000   20
323.80000000000000000000   12
323.90000000000000000000   16
324.00000000000000000000   13
324.10000000000000000000   12
324.20000000000000000000   15
324.30000000000000000000   16
324.40000000000000000000   19
324.50000000000000000000   11
324.60000000000000000000   12
324.70000000000000000000   11
324.80000000000000000000   13
324.90000000000000000000   13
325.00000000000000000000   14
325.10000000000000000000   10
325.20000000000000000000   11
325.30000000000000000000   13
325.40000000000000000000   13
325.50000000000000000000   13
325.60000000000000000000   11
325.70000000000000000000   13
325.80000000000000000000   14
325.90000000000000000000   13
326.00000000000000000000   14
326.10000000000000000000   13
326.20000000000000000000   18
326.30000000000000000000   12
326.40000000000000000000   9
326.50000000000000000000   9
326.60000000000000000000   14
326.70000000000000000000   13
326.80000000000000000000   10
326.90000000000000000000   6
327.00000000000000000000   11
327.10000000000000000000   14
327.20000000000000000000   10
327.30000000000000000000   14
327.40000000000000000000   7
327.50000000000000000000   18
327.60000000000000000000   9
327.70000000000000000000   17
327.80000000000000000000   20
327.90000000000000000000   18
328.00000000000000000000   15
328.10000000000000000000   14
328.20000000000000000000   17
328.30000000000000000000   12
328.40000000000000000000   17
328.50000000000000000000   13
328.60000000000000000000   10
328.70000000000000000000   17
328.80000000000000000000   17
328.90000000000000000000   14
329.00000000000000000000   14
329.10000000000000000000   13
329.20000000000000000000   14
329.30000000000000000000   14
329.40000000000000000000   15
329.50000000000000000000   15
329.60000000000000000000   16
329.70000000000000000000   17
329.80000000000000000000   13
329.90000000000000000000   11
330.00000000000000000000   8
330.10000000000000000000   7
330.20000000000000000000   7
330.30000000000000000000   6
330.40000000000000000000   10
330.50000000000000000000   11
330.60000000000000000000   10
330.70000000000000000000   15
330.80000000000000000000   11
330.90000000000000000000   10
331.00000000000000000000   7
331.10000000000000000000   9
331.20000000000000000000   7
331.30000000000000000000   9
331.40000000000000000000   13
331.50000000000000000000   18
331.60000000000000000000   14
331.70000000000000000000   18
331.80000000000000000000   17
331.90000000000000000000   18
332.00000000000000000000   16
332.10000000000000000000   16
332.20000000000000000000   21
332.30000000000000000000   20
332.40000000000000000000   17
332.50000000000000000000   20
332.60000000000000000000   18
332.70000000000000000000   16
332.80000000000000000000   18
332.90000000000000000000   24
333.00000000000000000000   16
333.10000000000000000000   19
333.20000000000000000000   18
333.30000000000000000000   15
333.40000000000000000000   18
333.50000000000000000000   12
333.60000000000000000000   16
333.70000000000000000000   14
333.80000000000000000000   16
333.90000000000000000000   19
334.00000000000000000000   18
334.10000000000000000000   14
334.20000000000000000000   16
334.30000000000000000000   13
334.40000000000000000000   11
334.50000000000000000000   19
334.60000000000000000000   16
334.70000000000000000000   20
334.80000000000000000000   19
334.90000000000000000000   21
335.00000000000000000000   20
335.10000000000000000000   19
335.20000000000000000000   21
335.30000000000000000000   20
335.40000000000000000000   20
335.50000000000000000000   19
335.60000000000000000000   19
335.70000000000000000000   21
335.80000000000000000000   19
335.90000000000000000000   16
336.00000000000000000000   22
336.10000000000000000000   17
336.20000000000000000000   16
336.30000000000000000000   18
336.40000000000000000000   21
336.50000000000000000000   21
336.60000000000000000000   19
336.70000000000000000000   21
336.80000000000000000000   17
336.90000000000000000000   18
337.00000000000000000000   18
337.10000000000000000000   18
337.20000000000000000000   19
337.30000000000000000000   17
337.40000000000000000000   18
337.50000000000000000000   18
337.60000000000000000000   16
337.70000000000000000000   21
337.80000000000000000000   18
337.90000000000000000000   18
338.00000000000000000000   17
338.10000000000000000000   15
338.20000000000000000000   14
338.30000000000000000000   12
338.40000000000000000000   18
338.50000000000000000000   20
338.60000000000000000000   17
338.70000000000000000000   15
338.80000000000000000000   19
338.90000000000000000000   14
339.00000000000000000000   16
339.10000000000000000000   20
339.20000000000000000000   19
339.30000000000000000000   22
339.40000000000000000000   19
339.50000000000000000000   24
339.60000000000000000000   17
339.70000000000000000000   21
339.80000000000000000000   15
339.90000000000000000000   19
340.00000000000000000000   20
340.10000000000000000000   19
340.20000000000000000000   20
340.30000000000000000000   21
340.40000000000000000000   22
340.50000000000000000000   22
340.60000000000000000000   23
340.70000000000000000000   21
340.80000000000000000000   21
340.90000000000000000000   17
341.00000000000000000000   17
341.10000000000000000000   15
341.20000000000000000000   20
341.30000000000000000000   18
341.40000000000000000000   20
341.50000000000000000000   21
341.60000000000000000000   17
341.70000000000000000000   17
341.80000000000000000000   19
341.90000000000000000000   17
342.00000000000000000000   22
342.10000000000000000000   18
342.20000000000000000000   19
342.30000000000000000000   19
342.40000000000000000000   18
342.50000000000000000000   21
342.60000000000000000000   20
342.70000000000000000000   22
342.80000000000000000000   18
342.90000000000000000000   18
343.00000000000000000000   17
343.10000000000000000000   19
343.20000000000000000000   18
343.30000000000000000000   18
343.40000000000000000000   18
343.50000000000000000000   14
343.60000000000000000000   17
343.70000000000000000000   22
343.80000000000000000000   22
343.90000000000000000000   21
344.00000000000000000000   21
344.10000000000000000000   19
344.20000000000000000000   20
344.30000000000000000000   22
344.40000000000000000000   22
344.50000000000000000000   20
344.60000000000000000000   23
344.70000000000000000000   21
344.80000000000000000000   21
344.90000000000000000000   24
345.00000000000000000000   20
345.10000000000000000000   19
345.20000000000000000000   26
345.30000000000000000000   25
345.40000000000000000000   24
345.50000000000000000000   19
345.60000000000000000000   20
345.70000000000000000000   20
345.80000000000000000000   20
345.90000000000000000000   23
346.00000000000000000000   19
346.10000000000000000000   19
346.20000000000000000000   21
346.30000000000000000000   22
346.40000000000000000000   26
346.50000000000000000000   28
346.60000000000000000000   22
346.70000000000000000000   26
346.80000000000000000000   19
346.90000000000000000000   23
347.00000000000000000000   25
347.10000000000000000000   21
347.20000000000000000000   22
347.30000000000000000000   23
347.40000000000000000000   19
347.50000000000000000000   23
347.60000000000000000000   20
347.70000000000000000000   15
347.80000000000000000000   21
347.90000000000000000000   15
348.00000000000000000000   17
348.10000000000000000000   17
348.20000000000000000000   18
348.30000000000000000000   16
348.40000000000000000000   14
348.50000000000000000000   17
348.60000000000000000000   20
348.70000000000000000000   18
348.80000000000000000000   18
348.90000000000000000000   19
349.00000000000000000000   15
349.10000000000000000000   17
349.20000000000000000000   17
349.30000000000000000000   18
349.40000000000000000000   19
349.50000000000000000000   22
349.60000000000000000000   22
349.70000000000000000000   17
349.80000000000000000000   15
349.90000000000000000000   17
350.00000000000000000000   17
350.10000000000000000000   19
350.20000000000000000000   17
350.30000000000000000000   18
350.40000000000000000000   17
350.50000000000000000000   16
350.60000000000000000000   14
350.70000000000000000000   20
350.80000000000000000000   15
350.90000000000000000000   13
351.00000000000000000000   18
351.10000000000000000000   22
351.20000000000000000000   18
351.30000000000000000000   18
351.40000000000000000000   23
351.50000000000000000000   21
351.60000000000000000000   19
351.70000000000000000000   19
351.80000000000000000000   23
351.90000000000000000000   20
352.00000000000000000000   23
352.10000000000000000000   21
352.20000000000000000000   19
352.30000000000000000000   24
352.40000000000000000000   26
352.50000000000000000000   28
352.60000000000000000000   20
352.70000000000000000000   22
352.80000000000000000000   19
352.90000000000000000000   17
353.00000000000000000000   15
353.10000000000000000000   22
353.20000000000000000000   19
353.30000000000000000000   19
353.40000000000000000000   20
353.50000000000000000000   22
353.60000000000000000000   19
353.70000000000000000000   18
353.80000000000000000000   20
353.90000000000000000000   15
354.00000000000000000000   18
354.10000000000000000000   21
354.20000000000000000000   15
354.30000000000000000000   17
354.40000000000000000000   13
354.50000000000000000000   15
354.60000000000000000000   17
354.70000000000000000000   15
354.80000000000000000000   13
354.90000000000000000000   12
355.00000000000000000000   13
355.10000000000000000000   14
355.20000000000000000000   16
355.30000000000000000000   16
355.40000000000000000000   15
355.50000000000000000000   15
355.60000000000000000000   19
355.70000000000000000000   16
355.80000000000000000000   11
355.90000000000000000000   14
356.00000000000000000000   11
356.10000000000000000000   13
356.20000000000000000000   14
356.30000000000000000000   14
356.40000000000000000000   14
356.50000000000000000000   13
356.60000000000000000000   14
356.70000000000000000000   13
356.80000000000000000000   14
356.90000000000000000000   14
357.00000000000000000000   15
357.10000000000000000000   14
357.20000000000000000000   17
357.30000000000000000000   15
357.40000000000000000000   20
357.50000000000000000000   17
357.60000000000000000000   17
357.70000000000000000000   18
357.80000000000000000000   18
357.90000000000000000000   11
358.00000000000000000000   9
358.10000000000000000000   13
358.20000000000000000000   12
358.30000000000000000000   16
358.40000000000000000000   15
358.50000000000000000000   15
358.60000000000000000000   15
358.70000000000000000000   13
358.80000000000000000000   12
358.90000000000000000000   10
359.00000000000000000000   14
359.10000000000000000000   12
359.20000000000000000000   13
359.30000000000000000000   12
359.40000000000000000000   16
359.50000000000000000000   13
359.60000000000000000000   13
359.70000000000000000000   22
359.80000000000000000000   21
359.90000000000000000000   13
360.00000000000000000000   15
360.10000000000000000000   13
360.20000000000000000000   16
360.30000000000000000000   18
360.40000000000000000000   17
360.50000000000000000000   15
360.60000000000000000000   15
360.70000000000000000000   11
360.80000000000000000000   12
360.90000000000000000000   15
361.00000000000000000000   14
361.10000000000000000000   18
361.20000000000000000000   18
361.30000000000000000000   12
361.40000000000000000000   15
361.50000000000000000000   18
361.60000000000000000000   15
361.70000000000000000000   15
361.80000000000000000000   18
361.90000000000000000000   16
362.00000000000000000000   17
362.10000000000000000000   19
362.20000000000000000000   18
362.30000000000000000000   17
362.40000000000000000000   22
362.50000000000000000000   22
362.60000000000000000000   19
362.70000000000000000000   21
362.80000000000000000000   18
362.90000000000000000000   17
363.00000000000000000000   19
363.10000000000000000000   21
363.20000000000000000000   16
363.30000000000000000000   21
363.40000000000000000000   14
363.50000000000000000000   17
363.60000000000000000000   18
363.70000000000000000000   18
363.80000000000000000000   20
363.90000000000000000000   18
364.00000000000000000000   19
364.10000000000000000000   16
364.20000000000000000000   10
364.30000000000000000000   11
364.40000000000000000000   12
364.50000000000000000000   15
364.60000000000000000000   17
364.70000000000000000000   16
364.80000000000000000000   15
364.90000000000000000000   14
365.00000000000000000000   11
365.10000000000000000000   9
365.20000000000000000000   9
365.30000000000000000000   11
365.40000000000000000000   11
365.50000000000000000000   12
365.60000000000000000000   10
365.70000000000000000000   13
365.80000000000000000000   12
365.90000000000000000000   14
366.00000000000000000000   13
366.10000000000000000000   13
366.20000000000000000000   12
366.30000000000000000000   8
366.40000000000000000000   13
366.50000000000000000000   14
366.60000000000000000000   14
366.70000000000000000000   17
366.80000000000000000000   14
366.90000000000000000000   14
367.00000000000000000000   13
367.10000000000000000000   16
367.20000000000000000000   16
367.30000000000000000000   13
367.40000000000000000000   20
367.50000000000000000000   20
367.60000000000000000000   16
367.70000000000000000000   19
367.80000000000000000000   19
367.90000000000000000000   16
368.00000000000000000000   13
368.10000000000000000000   9
368.20000000000000000000   15
368.30000000000000000000   17
368.40000000000000000000   16
368.50000000000000000000   15
368.60000000000000000000   17
368.70000000000000000000   15
368.80000000000000000000   16
368.90000000000000000000   17
369.00000000000000000000   19
369.10000000000000000000   15
369.20000000000000000000   16
369.30000000000000000000   17
369.40000000000000000000   11
369.50000000000000000000   13
369.60000000000000000000   16
369.70000000000000000000   15
369.80000000000000000000   10
369.90000000000000000000   13
370.00000000000000000000   16
370.10000000000000000000   13
370.20000000000000000000   16
370.30000000000000000000   16
370.40000000000000000000   15
370.50000000000000000000   16
370.60000000000000000000   14
370.70000000000000000000   16
370.80000000000000000000   10
370.90000000000000000000   15
371.00000000000000000000   13
371.10000000000000000000   13
371.20000000000000000000   18
371.30000000000000000000   17
371.40000000000000000000   17
371.50000000000000000000   18
371.60000000000000000000   13
371.70000000000000000000   18
371.80000000000000000000   16
371.90000000000000000000   19
372.00000000000000000000   17
372.10000000000000000000   18
372.20000000000000000000   16
372.30000000000000000000   19
372.40000000000000000000   22
372.50000000000000000000   19
372.60000000000000000000   16
372.70000000000000000000   16
372.80000000000000000000   20
372.90000000000000000000   16
373.00000000000000000000   17
373.10000000000000000000   19
373.20000000000000000000   15
373.30000000000000000000   21
373.40000000000000000000   20
373.50000000000000000000   18
373.60000000000000000000   15
373.70000000000000000000   13
373.80000000000000000000   15
373.90000000000000000000   16
374.00000000000000000000   21
374.10000000000000000000   18
374.20000000000000000000   19
374.30000000000000000000   18
374.40000000000000000000   14
374.50000000000000000000   16
374.60000000000000000000   23
374.70000000000000000000   20
374.80000000000000000000   18
374.90000000000000000000   18
375.00000000000000000000   17
375.10000000000000000000   17
375.20000000000000000000   20
375.30000000000000000000   18
375.40000000000000000000   19
375.50000000000000000000   21
375.60000000000000000000   21
375.70000000000000000000   19
375.80000000000000000000   17
375.90000000000000000000   18
376.00000000000000000000   22
376.10000000000000000000   18
376.20000000000000000000   18
376.30000000000000000000   16
376.40000000000000000000   23
376.50000000000000000000   18
376.60000000000000000000   22
376.70000000000000000000   19
376.80000000000000000000   18
376.90000000000000000000   17
377.00000000000000000000   21
377.10000000000000000000   23
377.20000000000000000000   24
377.30000000000000000000   19
377.40000000000000000000   23
377.50000000000000000000   25
377.60000000000000000000   22
377.70000000000000000000   22
377.80000000000000000000   23
377.90000000000000000000   26
378.00000000000000000000   25
378.10000000000000000000   26
378.20000000000000000000   24
378.30000000000000000000   22
378.40000000000000000000   20
378.50000000000000000000   19
378.60000000000000000000   22
378.70000000000000000000   18
378.80000000000000000000   19
378.90000000000000000000   20
379.00000000000000000000   18
379.10000000000000000000   18
379.20000000000000000000   19
379.30000000000000000000   17
379.40000000000000000000   17
379.50000000000000000000   19
379.60000000000000000000   17
379.70000000000000000000   16
379.80000000000000000000   17
379.90000000000000000000   18
380.00000000000000000000   19
380.10000000000000000000   18
380.20000000000000000000   16
380.30000000000000000000   22
380.40000000000000000000   19
380.50000000000000000000   23
380.60000000000000000000   25
380.70000000000000000000   24
380.80000000000000000000   18
380.90000000000000000000   22
381.00000000000000000000   21
381.10000000000000000000   20
381.20000000000000000000   21
381.30000000000000000000   25
381.40000000000000000000   25
381.50000000000000000000   26
381.60000000000000000000   24
381.70000000000000000000   21
381.80000000000000000000   26
381.90000000000000000000   21
382.00000000000000000000   22
382.10000000000000000000   22
382.20000000000000000000   22
382.30000000000000000000   22
382.40000000000000000000   21
382.50000000000000000000   21
382.60000000000000000000   20
382.70000000000000000000   24
382.80000000000000000000   18
382.90000000000000000000   23
383.00000000000000000000   22
383.10000000000000000000   19
383.20000000000000000000   28
383.30000000000000000000   24
383.40000000000000000000   21
383.50000000000000000000   25
383.60000000000000000000   17
383.70000000000000000000   17
383.80000000000000000000   17
383.90000000000000000000   19
384.00000000000000000000   22
384.10000000000000000000   22
384.20000000000000000000   21
384.30000000000000000000   22
384.40000000000000000000   21
384.50000000000000000000   19
384.60000000000000000000   18
384.70000000000000000000   16
384.80000000000000000000   14
384.90000000000000000000   16
385.00000000000000000000   19
385.10000000000000000000   21
385.20000000000000000000   21
385.30000000000000000000   23
385.40000000000000000000   21
385.50000000000000000000   22
385.60000000000000000000   24
385.70000000000000000000   24
385.80000000000000000000   25
385.90000000000000000000   26
386.00000000000000000000   25
386.10000000000000000000   26
386.20000000000000000000   28
386.30000000000000000000   25
386.40000000000000000000   27
386.50000000000000000000   26
386.60000000000000000000   27
386.70000000000000000000   29
386.80000000000000000000   28
386.90000000000000000000   26
387.00000000000000000000   25
387.10000000000000000000   21
387.20000000000000000000   23
387.30000000000000000000   20
387.40000000000000000000   20
387.50000000000000000000   22
387.60000000000000000000   24
387.70000000000000000000   22
387.80000000000000000000   24
387.90000000000000000000   28
388.00000000000000000000   23
388.10000000000000000000   18
388.20000000000000000000   22
388.30000000000000000000   22
388.40000000000000000000   23
388.50000000000000000000   26
388.60000000000000000000   23
388.70000000000000000000   26
388.80000000000000000000   20
388.90000000000000000000   18
389.00000000000000000000   22
389.10000000000000000000   22
389.20000000000000000000   24
389.30000000000000000000   18
389.40000000000000000000   19
389.50000000000000000000   19
389.60000000000000000000   19
389.70000000000000000000   20
389.80000000000000000000   18
389.90000000000000000000   23
390.00000000000000000000   20
390.10000000000000000000   19
390.20000000000000000000   19
390.30000000000000000000   16
390.40000000000000000000   19
390.50000000000000000000   19
390.60000000000000000000   15
390.70000000000000000000   16
390.80000000000000000000   18
390.90000000000000000000   17
391.00000000000000000000   20
391.10000000000000000000   16
391.20000000000000000000   17
391.30000000000000000000   17
391.40000000000000000000   19
391.50000000000000000000   25
391.60000000000000000000   19
391.70000000000000000000   26
391.80000000000000000000   22
391.90000000000000000000   21
392.00000000000000000000   21
392.10000000000000000000   21
392.20000000000000000000   20
392.30000000000000000000   22
392.40000000000000000000   19
392.50000000000000000000   17
392.60000000000000000000   20
392.70000000000000000000   20
392.80000000000000000000   20
392.90000000000000000000   26
393.00000000000000000000   23
393.10000000000000000000   25
393.20000000000000000000   20
393.30000000000000000000   21
393.40000000000000000000   24
393.50000000000000000000   22
393.60000000000000000000   21
393.70000000000000000000   21
393.80000000000000000000   23
393.90000000000000000000   23
394.00000000000000000000   23
394.10000000000000000000   19
394.20000000000000000000   19
394.30000000000000000000   16
394.40000000000000000000   23
394.50000000000000000000   22
394.60000000000000000000   19
394.70000000000000000000   22
394.80000000000000000000   20
394.90000000000000000000   17
395.00000000000000000000   15
395.10000000000000000000   15
395.20000000000000000000   13
395.30000000000000000000   16
395.40000000000000000000   17
395.50000000000000000000   14
395.60000000000000000000   16
395.70000000000000000000   15
395.80000000000000000000   17
395.90000000000000000000   17
396.00000000000000000000   16
396.10000000000000000000   18
396.20000000000000000000   24
396.30000000000000000000   20
396.40000000000000000000   21
396.50000000000000000000   23
396.60000000000000000000   20
396.70000000000000000000   24
396.80000000000000000000   20
396.90000000000000000000   20
397.00000000000000000000   20
397.10000000000000000000   18
397.20000000000000000000   25
397.30000000000000000000   19
397.40000000000000000000   20
397.50000000000000000000   22
397.60000000000000000000   17
397.70000000000000000000   23
397.80000000000000000000   22
397.90000000000000000000   22
398.00000000000000000000   22
398.10000000000000000000   23
398.20000000000000000000   18
398.30000000000000000000   16
398.40000000000000000000   16
398.50000000000000000000   20
398.60000000000000000000   19
398.70000000000000000000   19
398.80000000000000000000   19
398.90000000000000000000   19
399.00000000000000000000   19
399.10000000000000000000   19
399.20000000000000000000   19
399.30000000000000000000   19
399.40000000000000000000   19
399.50000000000000000000   19
399.60000000000000000000   19
399.70000000000000000000   19
