200.00000000000000000000   6
200.10000000000000000000   11
200.20000000000000000000   9
200.30000000000000000000   8
200.40000000000000000000   8
200.50000000000000000000   13
200.60000000000000000000   9
200.70000000000000000000   7
200.80000000000000000000   10
200.90000000000000000000   7
201.00000000000000000000   10
201.10000000000000000000   8
201.20000000000000000000   7
201.30000000000000000000   6
201.40000000000000000000   8
201.50000000000000000000   3
201.60000000000000000000   5
201.70000000000000000000   9
201.80000000000000000000   8
201.90000000000000000000   12
202.00000000000000000000   12
202.10000000000000000000   11
202.20000000000000000000   9
202.30000000000000000000   10
202.40000000000000000000   10
202.50000000000000000000   10
202.60000000000000000000   10
202.70000000000000000000   12
202.80000000000000000000   11
202.90000000000000000000   11
203.00000000000000000000   11
203.10000000000000000000   9
203.20000000000000000000   7
203.30000000000000000000   10
203.40000000000000000000   11
203.50000000000000000000   11
203.60000000000000000000   17
203.70000000000000000000   18
203.80000000000000000000   17
203.90000000000000000000   20
204.00000000000000000000   19
204.10000000000000000000   17
204.20000000000000000000   19
204.30000000000000000000   21
204.40000000000000000000   19
204.50000000000000000000   12
204.60000000000000000000   17
204.70000000000000000000   17
204.80000000000000000000   17
204.90000000000000000000   14
205.00000000000000000000   19
205.10000000000000000000   17
205.20000000000000000000   9
205.30000000000000000000   9
205.40000000000000000000   9
205.50000000000000000000   9
205.60000000000000000000   7
205.70000000000000000000   6
205.80000000000000000000   7
205.90000000000000000000   8
206.00000000000000000000   8
206.10000000000000000000   7
206.20000000000000000000   10
206.30000000000000000000   14
206.40000000000000000000   12
206.50000000000000000000   17
206.60000000000000000000   16
206.70000000000000000000   18
206.80000000000000000000   19
206.90000000000000000000   18
207.00000000000000000000   20
207.10000000000000000000   22
207.20000000000000000000   20
207.30000000000000000000   19
207.40000000000000000000   17
207.50000000000000000000   23
207.60000000000000000000   16
207.70000000000000000000   20
207.80000000000000000000   19
207.90000000000000000000   14
208.00000000000000000000   17
208.10000000000000000000   20
208.20000000000000000000   21
208.30000000000000000000   17
208.40000000000000000000   18
208.50000000000000000000   21
208.60000000000000000000   21
208.70000000000000000000   19
208.80000000000000000000   19
208.90000000000000000000   15
209.00000000000000000000   16
209.10000000000000000000   15
209.20000000000000000000   18
209.30000000000000000000   17
209.40000000000000000000   18
209.50000000000000000000   14
209.60000000000000000000   15
209.70000000000000000000   16
209.80000000000000000000   16
209.90000000000000000000   14
210.00000000000000000000   17
210.10000000000000000000   16
210.20000000000000000000   16
210.30000000000000000000   15
210.40000000000000000000   16
210.50000000000000000000   18
210.60000000000000000000   18
210.70000000000000000000   14
210.80000000000000000000   17
210.90000000000000000000   18
211.00000000000000000000   15
211.10000000000000000000   14
211.20000000000000000000   17
211.30000000000000000000   16
211.40000000000000000000   17
211.50000000000000000000   14
211.60000000000000000000   12
211.70000000000000000000   11
211.80000000000000000000   10
211.90000000000000000000   13
212.00000000000000000000   11
212.10000000000000000000   13
212.20000000000000000000   13
212.30000000000000000000   13
212.40000000000000000000   15
212.50000000000000000000   17
212.60000000000000000000   13
212.70000000000000000000   17
212.80000000000000000000   14
212.90000000000000000000   15
213.00000000000000000000   15
213.10000000000000000000   16
213.20000000000000000000   16
213.30000000000000000000   16
213.40000000000000000000   18
213.50000000000000000000   16
213.60000000000000000000   13
213.70000000000000000000   17
213.80000000000000000000   17
213.90000000000000000000   17
214.00000000000000000000   17
214.10000000000000000000   16
214.20000000000000000000   16
214.30000000000000000000   13
214.40000000000000000000   17
214.50000000000000000000   17
214.60000000000000000000   18
214.70000000000000000000   19
214.80000000000000000000   21
214.90000000000000000000   16
215.00000000000000000000   21
215.10000000000000000000   16
215.20000000000000000000   18
215.30000000000000000000   21
215.40000000000000000000   20
215.50000000000000000000   19
215.60000000000000000000   15
215.70000000000000000000   18
215.80000000000000000000   15
215.90000000000000000000   16
216.00000000000000000000   15
216.10000000000000000000   10
216.20000000000000000000   18
216.30000000000000000000   15
216.40000000000000000000   15
216.50000000000000000000   16
216.60000000000000000000   17
216.70000000000000000000   16
216.80000000000000000000   17
216.90000000000000000000   16
217.00000000000000000000   15
217.10000000000000000000   17
217.20000000000000000000   13
217.30000000000000000000   16
217.40000000000000000000   15
217.50000000000000000000   12
217.60000000000000000000   14
217.70000000000000000000   19
217.80000000000000000000   20
217.90000000000000000000   19
218.00000000000000000000   17
218.10000000000000000000   21
218.20000000000000000000   15
218.30000000000000000000   15
218.40000000000000000000   13
218.50000000000000000000   12
218.60000000000000000000   11
218.70000000000000000000   11
218.80000000000000000000   11
218.90000000000000000000   14
219.00000000000000000000   14
219.10000000000000000000   13
219.20000000000000000000   13
219.30000000000000000000   13
219.40000000000000000000   12
219.50000000000000000000   13
219.60000000000000000000   14
219.70000000000000000000   17
219.80000000000000000000   16
219.90000000000000000000   16
220.00000000000000000000   16
220.10000000000000000000   15
220.20000000000000000000   14
220.30000000000000000000   18
220.40000000000000000000   16
220.50000000000000000000   14
220.60000000000000000000   13
220.70000000000000000000   14
220.80000000000000000000   14
220.90000000000000000000   13
221.00000000000000000000   14
221.10000000000000000000   15
221.20000000000000000000   15
221.30000000000000000000   17
221.40000000000000000000   17
221.50000000000000000000   16
221.60000000000000000000   14
221.70000000000000000000   19
221.80000000000000000000   16
221.90000000000000000000   16
222.00000000000000000000   18
222.10000000000000000000   19
222.20000000000000000000   15
222.30000000000000000000   16
222.40000000000000000000   18
222.50000000000000000000   21
222.60000000000000000000   21
222.70000000000000000000   22
222.80000000000000000000   21
222.90000000000000000000   18
223.00000000000000000000   19
223.10000000000000000000   18
223.20000000000000000000   18
223.30000000000000000000   18
223.40000000000000000000   18
223.50000000000000000000   20
223.60000000000000000000   22
223.70000000000000000000   19
223.80000000000000000000   18
223.90000000000000000000   19
224.00000000000000000000   16
224.10000000000000000000   18
224.20000000000000000000   17
224.30000000000000000000   17
224.40000000000000000000   17
224.50000000000000000000   14
224.60000000000000000000   17
224.70000000000000000000   21
224.80000000000000000000   18
224.90000000000000000000   20
225.00000000000000000000   18
225.10000000000000000000   21
225.20000000000000000000   19
225.30000000000000000000   19
225.40000000000000000000   18
225.50000000000000000000   19
225.60000000000000000000   19
225.70000000000000000000   19
225.80000000000000000000   19
225.90000000000000000000   18
226.00000000000000000000   19
226.10000000000000000000   21
226.20000000000000000000   21
226.30000000000000000000   21
226.40000000000000000000   18
226.50000000000000000000   23
226.60000000000000000000   19
226.70000000000000000000   16
226.80000000000000000000   20
226.90000000000000000000   20
227.00000000000000000000   17
227.10000000000000000000   18
227.20000000000000000000   20
227.30000000000000000000   18
227.40000000000000000000   19
227.50000000000000000000   20
227.60000000000000000000   19
227.70000000000000000000   20
227.80000000000000000000   18
227.90000000000000000000   18
228.00000000000000000000   19
228.10000000000000000000   20
228.20000000000000000000   20
228.30000000000000000000   19
228.40000000000000000000   19
228.50000000000000000000   20
228.60000000000000000000   22
228.70000000000000000000   21
228.80000000000000000000   20
228.90000000000000000000   22
229.00000000000000000000   21
229.10000000000000000000   23
229.20000000000000000000   22
229.30000000000000000000   21
229.40000000000000000000   17
229.50000000000000000000   23
229.60000000000000000000   21
229.70000000000000000000   21
229.80000000000000000000   22
229.90000000000000000000   24
230.00000000000000000000   24
230.10000000000000000000   21
230.20000000000000000000   20
230.30000000000000000000   17
230.40000000000000000000   16
230.50000000000000000000   17
230.60000000000000000000   19
230.70000000000000000000   18
230.80000000000000000000   17
230.90000000000000000000   18
231.00000000000000000000   19
231.10000000000000000000   21
231.20000000000000000000   18
231.30000000000000000000   21
231.40000000000000000000   19
231.50000000000000000000   18
231.60000000000000000000   15
231.70000000000000000000   15
231.80000000000000000000   17
231.90000000000000000000   18
232.00000000000000000000   16
232.10000000000000000000   12
232.20000000000000000000   13
232.30000000000000000000   14
232.40000000000000000000   13
232.50000000000000000000   12
232.60000000000000000000   11
232.70000000000000000000   12
232.80000000000000000000   16
232.90000000000000000000   14
233.00000000000000000000   14
233.10000000000000000000   13
233.20000000000000000000   15
233.30000000000000000000   14
233.40000000000000000000   16
233.50000000000000000000   15
233.60000000000000000000   13
233.70000000000000000000   14
233.80000000000000000000   13
233.90000000000000000000   15
234.00000000000000000000   12
234.10000000000000000000   15
234.20000000000000000000   12
234.30000000000000000000   12
234.40000000000000000000   13
234.50000000000000000000   16
234.60000000000000000000   12
234.70000000000000000000   17
234.80000000000000000000   17
234.90000000000000000000   15
235.00000000000000000000   15
235.10000000000000000000   16
235.20000000000000000000   17
235.30000000000000000000   19
235.40000000000000000000   18
235.50000000000000000000   19
235.60000000000000000000   20
235.70000000000000000000   20
235.80000000000000000000   22
235.90000000000000000000   19
236.00000000000000000000   21
236.10000000000000000000   20
236.20000000000000000000   21
236.30000000000000000000   18
236.40000000000000000000   17
236.50000000000000000000   16
236.60000000000000000000   18
236.70000000000000000000   19
236.80000000000000000000   17
236.90000000000000000000   16
237.00000000000000000000   13
237.10000000000000000000   12
237.20000000000000000000   12
237.30000000000000000000   13
237.40000000000000000000   14
237.50000000000000000000   15
237.60000000000000000000   14
237.70000000000000000000   10
237.80000000000000000000   11
237.90000000000000000000   12
238.00000000000000000000   17
238.10000000000000000000   18
238.20000000000000000000   16
238.30000000000000000000   23
238.40000000000000000000   25
238.50000000000000000000   25
238.60000000000000000000   22
238.70000000000000000000   22
238.80000000000000000000   20
238.90000000000000000000   22
239.00000000000000000000   20
239.10000000000000000000   21
239.20000000000000000000   18
239.30000000000000000000   18
239.40000000000000000000   18
239.50000000000000000000   20
239.60000000000000000000   20
239.70000000000000000000   18
239.80000000000000000000   22
239.90000000000000000000   21
240.00000000000000000000   21
240.10000000000000000000   17
240.20000000000000000000   21
240.30000000000000000000   19
240.40000000000000000000   20
240.50000000000000000000   21
240.60000000000000000000   15
240.70000000000000000000   19
240.80000000000000000000   18
240.90000000000000000000   20
241.00000000000000000000   20
241.10000000000000000000   22
241.20000000000000000000   18
241.30000000000000000000   19
241.40000000000000000000   19
241.50000000000000000000   17
241.60000000000000000000   24
241.70000000000000000000   19
241.80000000000000000000   21
241.90000000000000000000   18
242.00000000000000000000   23
242.10000000000000000000   20
242.20000000000000000000   15
242.30000000000000000000   18
242.40000000000000000000   15
242.50000000000000000000   22
242.60000000000000000000   19
242.70000000000000000000   22
242.80000000000000000000   23
242.90000000000000000000   22
243.00000000000000000000   19
243.10000000000000000000   21
243.20000000000000000000   21
243.30000000000000000000   19
243.40000000000000000000   21
243.50000000000000000000   20
243.60000000000000000000   18
243.70000000000000000000   21
243.80000000000000000000   20
243.90000000000000000000   21
244.00000000000000000000   24
244.10000000000000000000   21
244.20000000000000000000   19
244.30000000000000000000   22
244.40000000000000000000   17
244.50000000000000000000   22
244.60000000000000000000   18
244.70000000000000000000   20
244.80000000000000000000   21
244.90000000000000000000   23
245.00000000000000000000   22
245.10000000000000000000   20
245.20000000000000000000   21
245.30000000000000000000   21
245.40000000000000000000   23
245.50000000000000000000   20
245.60000000000000000000   17
245.70000000000000000000   21
245.80000000000000000000   20
245.90000000000000000000   14
246.00000000000000000000   14
246.10000000000000000000   15
246.20000000000000000000   12
246.30000000000000000000   13
246.40000000000000000000   14
246.50000000000000000000   14
246.60000000000000000000   12
246.70000000000000000000   10
246.80000000000000000000   14
246.90000000000000000000   16
247.00000000000000000000   16
247.10000000000000000000   10
247.20000000000000000000   5
247.30000000000000000000   7
247.40000000000000000000   6
247.50000000000000000000   10
247.60000000000000000000   9
247.70000000000000000000   11
247.80000000000000000000   9
247.90000000000000000000   7
248.00000000000000000000   9
248.10000000000000000000   6
248.20000000000000000000   10
248.30000000000000000000   10
248.40000000000000000000   10
248.50000000000000000000   7
248.60000000000000000000   10
248.70000000000000000000   12
248.80000000000000000000   11
248.90000000000000000000   11
249.00000000000000000000   14
249.10000000000000000000   12
249.20000000000000000000   8
249.30000000000000000000   8
249.40000000000000000000   9
249.50000000000000000000   6
249.60000000000000000000   8
249.70000000000000000000   11
249.80000000000000000000   11
249.90000000000000000000   13
250.00000000000000000000   10
250.10000000000000000000   11
250.20000000000000000000   12
250.30000000000000000000   12
250.40000000000000000000   7
250.50000000000000000000   9
250.60000000000000000000   14
250.70000000000000000000   10
250.80000000000000000000   11
250.90000000000000000000   17
251.00000000000000000000   14
251.10000000000000000000   13
251.20000000000000000000   8
251.30000000000000000000   10
251.40000000000000000000   6
251.50000000000000000000   5
251.60000000000000000000   6
251.70000000000000000000   7
251.80000000000000000000   6
251.90000000000000000000   6
252.00000000000000000000   8
252.10000000000000000000   12
252.20000000000000000000   9
252.30000000000000000000   8
252.40000000000000000000   7
252.50000000000000000000   9
252.60000000000000000000   8
252.70000000000000000000   10
252.80000000000000000000   6
252.90000000000000000000   10
253.00000000000000000000   8
253.10000000000000000000   8
253.20000000000000000000   8
253.30000000000000000000   9
253.40000000000000000000   8
253.50000000000000000000   10
253.60000000000000000000   9
253.70000000000000000000   8
253.80000000000000000000   6
253.90000000000000000000   8
254.00000000000000000000   10
254.10000000000000000000   7
254.20000000000000000000   6
254.30000000000000000000   7
254.40000000000000000000   7
254.50000000000000000000   6
254.60000000000000000000   4
254.70000000000000000000   6
254.80000000000000000000   6
254.90000000000000000000   4
255.00000000000000000000   5
255.10000000000000000000   5
255.20000000000000000000   7
255.30000000000000000000   8
255.40000000000000000000   5
255.50000000000000000000   6
255.60000000000000000000   5
255.70000000000000000000   4
255.80000000000000000000   5
255.90000000000000000000   7
256.00000000000000000000   10
256.10000000000000000000   4
256.20000000000000000000   6
256.30000000000000000000   4
256.40000000000000000000   6
256.50000000000000000000   6
256.60000000000000000000   10
256.70000000000000000000   10
256.80000000000000000000   7
256.90000000000000000000   10
257.00000000000000000000   10
257.10000000000000000000   11
257.20000000000000000000   8
257.30000000000000000000   9
257.40000000000000000000   4
257.50000000000000000000   11
257.60000000000000000000   9
257.70000000000000000000   11
257.80000000000000000000   11
257.90000000000000000000   11
258.00000000000000000000   13
258.10000000000000000000   14
258.20000000000000000000   14
258.30000000000000000000   16
258.40000000000000000000   13
258.50000000000000000000   13
258.60000000000000000000   13
258.70000000000000000000   14
258.80000000000000000000   12
258.90000000000000000000   12
259.00000000000000000000   13
259.10000000000000000000   12
259.20000000000000000000   9
259.30000000000000000000   10
259.40000000000000000000   11
259.50000000000000000000   12
259.60000000000000000000   14
259.70000000000000000000   11
259.80000000000000000000   13
259.90000000000000000000   13
260.00000000000000000000   14
260.10000000000000000000   14
260.20000000000000000000   12
260.30000000000000000000   12
260.40000000000000000000   13
260.50000000000000000000   13
260.60000000000000000000   14
260.70000000000000000000   13
260.80000000000000000000   15
260.90000000000000000000   18
261.00000000000000000000   12
261.10000000000000000000   5
261.20000000000000000000   7
261.30000000000000000000   12
261.40000000000000000000   10
261.50000000000000000000   8
261.60000000000000000000   13
261.70000000000000000000   15
261.80000000000000000000   12
261.90000000000000000000   11
262.00000000000000000000   12
262.10000000000000000000   15
262.20000000000000000000   7
262.30000000000000000000   7
262.40000000000000000000   7
262.50000000000000000000   8
262.60000000000000000000   4
262.70000000000000000000   10
262.80000000000000000000   3
262.90000000000000000000   6
263.00000000000000000000   5
263.10000000000000000000   7
263.20000000000000000000   9
263.30000000000000000000   7
263.40000000000000000000   4
263.50000000000000000000   10
263.60000000000000000000   6
263.70000000000000000000   8
263.80000000000000000000   10
263.90000000000000000000   7
264.00000000000000000000   8
264.10000000000000000000   11
264.20000000000000000000   13
264.30000000000000000000   11
264.40000000000000000000   8
264.50000000000000000000   8
264.60000000000000000000   8
264.70000000000000000000   9
264.80000000000000000000   11
264.90000000000000000000   8
265.00000000000000000000   6
265.10000000000000000000   11
265.20000000000000000000   8
265.30000000000000000000   13
265.40000000000000000000   12
265.50000000000000000000   11
265.60000000000000000000   12
265.70000000000000000000   12
265.80000000000000000000   10
265.90000000000000000000   8
266.00000000000000000000   5
266.10000000000000000000   5
266.20000000000000000000   5
266.30000000000000000000   5
266.40000000000000000000   9
266.50000000000000000000   15
266.60000000000000000000   7
266.70000000000000000000   6
266.80000000000000000000   7
266.90000000000000000000   7
267.00000000000000000000   8
267.10000000000000000000   11
267.20000000000000000000   9
267.30000000000000000000   6
267.40000000000000000000   7
267.50000000000000000000   7
267.60000000000000000000   9
267.70000000000000000000   10
267.80000000000000000000   9
267.90000000000000000000   10
268.00000000000000000000   10
268.10000000000000000000   7
268.20000000000000000000   10
268.30000000000000000000   11
268.40000000000000000000   7
268.50000000000000000000   7
268.60000000000000000000   14
268.70000000000000000000   8
268.80000000000000000000   7
268.90000000000000000000   9
269.00000000000000000000   10
269.10000000000000000000   7
269.20000000000000000000   9
269.30000000000000000000   9
269.40000000000000000000   9
269.50000000000000000000   11
269.60000000000000000000   7
269.70000000000000000000   8
269.80000000000000000000   8
269.90000000000000000000   10
270.00000000000000000000   11
270.10000000000000000000   11
270.20000000000000000000   14
270.30000000000000000000   9
270.40000000000000000000   11
270.50000000000000000000   9
270.60000000000000000000   8
270.70000000000000000000   11
270.80000000000000000000   12
270.90000000000000000000   11
271.00000000000000000000   11
271.10000000000000000000   9
271.20000000000000000000   12
271.30000000000000000000   13
271.40000000000000000000   9
271.50000000000000000000   10
271.60000000000000000000   9
271.70000000000000000000   7
271.80000000000000000000   10
271.90000000000000000000   9
272.00000000000000000000   8
272.10000000000000000000   8
272.20000000000000000000   11
272.30000000000000000000   11
272.40000000000000000000   13
272.50000000000000000000   6
272.60000000000000000000   9
272.70000000000000000000   8
272.80000000000000000000   12
272.90000000000000000000   7
273.00000000000000000000   6
273.10000000000000000000   7
273.20000000000000000000   8
273.30000000000000000000   8
273.40000000000000000000   7
273.50000000000000000000   11
273.60000000000000000000   7
273.70000000000000000000   7
273.80000000000000000000   6
273.90000000000000000000   4
274.00000000000000000000   4
274.10000000000000000000   2
274.20000000000000000000   4
274.30000000000000000000   4
274.40000000000000000000   6
274.50000000000000000000   5
274.60000000000000000000   3
274.70000000000000000000   5
274.80000000000000000000   4
274.90000000000000000000   6
275.00000000000000000000   4
275.10000000000000000000   4
275.20000000000000000000   4
275.30000000000000000000   5
275.40000000000000000000   6
275.50000000000000000000   3
275.60000000000000000000   3
275.70000000000000000000   5
275.80000000000000000000   9
275.90000000000000000000   7
276.00000000000000000000   7
276.10000000000000000000   10
276.20000000000000000000   4
276.30000000000000000000   2
276.40000000000000000000   2
276.50000000000000000000   5
276.60000000000000000000   6
276.70000000000000000000   7
276.80000000000000000000   6
276.90000000000000000000   10
277.00000000000000000000   10
277.10000000000000000000   8
277.20000000000000000000   8
277.30000000000000000000   8
277.40000000000000000000   5
277.50000000000000000000   7
277.60000000000000000000   10
277.70000000000000000000   9
277.80000000000000000000   6
277.90000000000000000000   6
278.00000000000000000000   8
278.10000000000000000000   8
278.20000000000000000000   9
278.30000000000000000000   9
278.40000000000000000000   9
278.50000000000000000000   14
278.60000000000000000000   17
278.70000000000000000000   18
278.80000000000000000000   13
278.90000000000000000000   16
279.00000000000000000000   18
279.10000000000000000000   18
279.20000000000000000000   15
279.30000000000000000000   15
279.40000000000000000000   18
279.50000000000000000000   17
279.60000000000000000000   15
279.70000000000000000000   12
279.80000000000000000000   14
279.90000000000000000000   17
280.00000000000000000000   15
280.10000000000000000000   16
280.20000000000000000000   16
280.30000000000000000000   13
280.40000000000000000000   17
280.50000000000000000000   18
280.60000000000000000000   14
280.70000000000000000000   13
280.80000000000000000000   17
280.90000000000000000000   16
281.00000000000000000000   16
281.10000000000000000000   14
281.20000000000000000000   18
281.30000000000000000000   16
281.40000000000000000000   17
281.50000000000000000000   20
281.60000000000000000000   16
281.70000000000000000000   15
281.80000000000000000000   17
281.90000000000000000000   21
282.00000000000000000000   20
282.10000000000000000000   15
282.20000000000000000000   18
282.30000000000000000000   15
282.40000000000000000000   14
282.50000000000000000000   14
282.60000000000000000000   12
282.70000000000000000000   12
282.80000000000000000000   14
282.90000000000000000000   17
283.00000000000000000000   15
283.10000000000000000000   16
283.20000000000000000000   17
283.30000000000000000000   15
283.40000000000000000000   17
283.50000000000000000000   19
283.60000000000000000000   15
283.70000000000000000000   16
283.80000000000000000000   19
283.90000000000000000000   19
284.00000000000000000000   20
284.10000000000000000000   13
284.20000000000000000000   17
284.30000000000000000000   16
284.40000000000000000000   13
284.50000000000000000000   19
284.60000000000000000000   17
284.70000000000000000000   20
284.80000000000000000000   18
284.90000000000000000000   22
285.00000000000000000000   20
285.10000000000000000000   23
285.20000000000000000000   17
285.30000000000000000000   19
285.40000000000000000000   17
285.50000000000000000000   21
285.60000000000000000000   21
285.70000000000000000000   23
285.80000000000000000000   21
285.90000000000000000000   18
286.00000000000000000000   19
286.10000000000000000000   19
286.20000000000000000000   17
286.30000000000000000000   19
286.40000000000000000000   18
286.50000000000000000000   14
286.60000000000000000000   13
286.70000000000000000000   11
286.80000000000000000000   8
286.90000000000000000000   8
287.00000000000000000000   6
287.10000000000000000000   2
287.20000000000000000000   8
287.30000000000000000000   17
287.40000000000000000000   12
287.50000000000000000000   14
287.60000000000000000000   10
287.70000000000000000000   12
287.80000000000000000000   13
287.90000000000000000000   14
288.00000000000000000000   15
288.10000000000000000000   14
288.20000000000000000000   12
288.30000000000000000000   14
288.40000000000000000000   16
288.50000000000000000000   14
288.60000000000000000000   14
288.70000000000000000000   14
288.80000000000000000000   14
288.90000000000000000000   12
289.00000000000000000000   14
289.10000000000000000000   10
289.20000000000000000000   9
289.30000000000000000000   10
289.40000000000000000000   9
289.50000000000000000000   11
289.60000000000000000000   13
289.70000000000000000000   12
289.80000000000000000000   11
289.90000000000000000000   11
290.00000000000000000000   11
290.10000000000000000000   11
290.20000000000000000000   13
290.30000000000000000000   14
290.40000000000000000000   11
290.50000000000000000000   12
290.60000000000000000000   11
290.70000000000000000000   13
290.80000000000000000000   13
290.90000000000000000000   11
291.00000000000000000000   12
291.10000000000000000000   11
291.20000000000000000000   11
291.30000000000000000000   13
291.40000000000000000000   11
291.50000000000000000000   12
291.60000000000000000000   14
291.70000000000000000000   8
291.80000000000000000000   11
291.90000000000000000000   10
292.00000000000000000000   11
292.10000000000000000000   10
292.20000000000000000000   12
292.30000000000000000000   9
292.40000000000000000000   11
292.50000000000000000000   11
292.60000000000000000000   13
292.70000000000000000000   14
292.80000000000000000000   12
292.90000000000000000000   12
293.00000000000000000000   13
293.10000000000000000000   14
293.20000000000000000000   12
293.30000000000000000000   12
293.40000000000000000000   11
293.50000000000000000000   10
293.60000000000000000000   14
293.70000000000000000000   12
293.80000000000000000000   12
293.90000000000000000000   12
294.00000000000000000000   13
294.10000000000000000000   13
294.20000000000000000000   11
294.30000000000000000000   13
294.40000000000000000000   12
294.50000000000000000000   12
294.60000000000000000000   11
294.70000000000000000000   12
294.80000000000000000000   10
294.90000000000000000000   11
295.00000000000000000000   10
295.10000000000000000000   12
295.20000000000000000000   13
295.30000000000000000000   15
295.40000000000000000000   15
295.50000000000000000000   18
295.60000000000000000000   12
295.70000000000000000000   13
295.80000000000000000000   14
295.90000000000000000000   15
296.00000000000000000000   19
296.10000000000000000000   16
296.20000000000000000000   16
296.30000000000000000000   20
296.40000000000000000000   16
296.50000000000000000000   21
296.60000000000000000000   20
296.70000000000000000000   19
296.80000000000000000000   21
296.90000000000000000000   18
297.00000000000000000000   24
297.10000000000000000000   21
297.20000000000000000000   18
297.30000000000000000000   22
297.40000000000000000000   22
297.50000000000000000000   23
297.60000000000000000000   24
297.70000000000000000000   25
297.80000000000000000000   26
297.90000000000000000000   27
298.00000000000000000000   25
298.10000000000000000000   22
298.20000000000000000000   23
298.30000000000000000000   26
298.40000000000000000000   22
298.50000000000000000000   19
298.60000000000000000000   20
298.70000000000000000000   22
298.80000000000000000000   24
298.90000000000000000000   24
299.00000000000000000000   24
299.10000000000000000000   27
299.20000000000000000000   29
299.30000000000000000000   27
299.40000000000000000000   25
299.50000000000000000000   26
299.60000000000000000000   24
299.70000000000000000000   25
299.80000000000000000000   25
299.90000000000000000000   26
300.00000000000000000000   22
300.10000000000000000000   26
300.20000000000000000000   26
300.30000000000000000000   29
300.40000000000000000000   23
300.50000000000000000000   20
300.60000000000000000000   22
300.70000000000000000000   18
300.80000000000000000000   18
300.90000000000000000000   19
301.00000000000000000000   19
301.10000000000000000000   17
301.20000000000000000000   15
301.30000000000000000000   14
301.40000000000000000000   18
301.50000000000000000000   15
301.60000000000000000000   17
301.70000000000000000000   16
301.80000000000000000000   15
301.90000000000000000000   15
302.00000000000000000000   13
302.10000000000000000000   13
302.20000000000000000000   17
302.30000000000000000000   14
302.40000000000000000000   15
302.50000000000000000000   14
302.60000000000000000000   14
302.70000000000000000000   12
302.80000000000000000000   13
302.90000000000000000000   13
303.00000000000000000000   12
303.10000000000000000000   13
303.20000000000000000000   12
303.30000000000000000000   15
303.40000000000000000000   14
303.50000000000000000000   20
303.60000000000000000000   17
303.70000000000000000000   17
303.80000000000000000000   15
303.90000000000000000000   12
304.00000000000000000000   14
304.10000000000000000000   16
304.20000000000000000000   17
304.30000000000000000000   15
304.40000000000000000000   15
304.50000000000000000000   17
304.60000000000000000000   17
304.70000000000000000000   18
304.80000000000000000000   14
304.90000000000000000000   22
305.00000000000000000000   22
305.10000000000000000000   18
305.20000000000000000000   21
305.30000000000000000000   17
305.40000000000000000000   17
305.50000000000000000000   16
305.60000000000000000000   15
305.70000000000000000000   15
305.80000000000000000000   21
305.90000000000000000000   19
306.00000000000000000000   19
306.10000000000000000000   17
306.20000000000000000000   17
306.30000000000000000000   15
306.40000000000000000000   13
306.50000000000000000000   14
306.60000000000000000000   12
306.70000000000000000000   14
306.80000000000000000000   15
306.90000000000000000000   16
307.00000000000000000000   11
307.10000000000000000000   10
307.20000000000000000000   12
307.30000000000000000000   14
307.40000000000000000000   15
307.50000000000000000000   14
307.60000000000000000000   13
307.70000000000000000000   15
307.80000000000000000000   11
307.90000000000000000000   19
308.00000000000000000000   17
308.10000000000000000000   12
308.20000000000000000000   12
308.30000000000000000000   24
308.40000000000000000000   17
308.50000000000000000000   13
308.60000000000000000000   13
308.70000000000000000000   9
308.80000000000000000000   11
308.90000000000000000000   16
309.00000000000000000000   10
309.10000000000000000000   15
309.20000000000000000000   10
309.30000000000000000000   13
309.40000000000000000000   11
309.50000000000000000000   10
309.60000000000000000000   8
309.70000000000000000000   10
309.80000000000000000000   11
309.90000000000000000000   8
310.00000000000000000000   9
310.10000000000000000000   8
310.20000000000000000000   12
310.30000000000000000000   13
310.40000000000000000000   12
310.50000000000000000000   8
310.60000000000000000000   6
310.70000000000000000000   6
310.80000000000000000000   7
310.90000000000000000000   5
311.00000000000000000000   4
311.10000000000000000000   8
311.20000000000000000000   7
311.30000000000000000000   8
311.40000000000000000000   7
311.50000000000000000000   5
311.60000000000000000000   13
311.70000000000000000000   9
311.80000000000000000000   11
311.90000000000000000000   10
312.00000000000000000000   9
312.10000000000000000000   9
312.20000000000000000000   6
312.30000000000000000000   5
312.40000000000000000000   6
312.50000000000000000000   8
312.60000000000000000000   7
312.70000000000000000000   9
312.80000000000000000000   6
312.90000000000000000000   10
313.00000000000000000000   10
313.10000000000000000000   10
313.20000000000000000000   15
313.30000000000000000000   11
313.40000000000000000000   14
313.50000000000000000000   15
313.60000000000000000000   16
313.70000000000000000000   16
313.80000000000000000000   18
313.90000000000000000000   14
314.00000000000000000000   19
314.10000000000000000000   17
314.20000000000000000000   18
314.30000000000000000000   16
314.40000000000000000000   15
314.50000000000000000000   15
314.60000000000000000000   16
314.70000000000000000000   14
314.80000000000000000000   13
314.90000000000000000000   10
315.00000000000000000000   10
315.10000000000000000000   13
315.20000000000000000000   13
315.30000000000000000000   10
315.40000000000000000000   10
315.50000000000000000000   15
315.60000000000000000000   16
315.70000000000000000000   15
315.80000000000000000000   10
315.90000000000000000000   7
316.00000000000000000000   5
316.10000000000000000000   4
316.20000000000000000000   6
316.30000000000000000000   6
316.40000000000000000000   8
316.50000000000000000000   7
316.60000000000000000000   8
316.70000000000000000000   7
316.80000000000000000000   7
316.90000000000000000000   5
317.00000000000000000000   6
317.10000000000000000000   5
317.20000000000000000000   5
317.30000000000000000000   3
317.40000000000000000000   8
317.50000000000000000000   5
317.60000000000000000000   12
317.70000000000000000000   12
317.80000000000000000000   8
317.90000000000000000000   11
318.00000000000000000000   6
318.10000000000000000000   8
318.20000000000000000000   13
318.30000000000000000000   14
318.40000000000000000000   4
318.50000000000000000000   7
318.60000000000000000000   4
318.70000000000000000000   7
318.80000000000000000000   5
318.90000000000000000000   6
319.00000000000000000000   4
319.10000000000000000000   7
319.20000000000000000000   10
319.30000000000000000000   5
319.40000000000000000000   9
319.50000000000000000000   6
319.60000000000000000000   5
319.70000000000000000000   9
319.80000000000000000000   7
319.90000000000000000000   7
320.00000000000000000000   5
320.10000000000000000000   3
320.20000000000000000000   4
320.30000000000000000000   6
320.40000000000000000000   7
320.50000000000000000000   4
320.60000000000000000000   11
320.70000000000000000000   9
320.80000000000000000000   8
320.90000000000000000000   7
321.00000000000000000000   5
321.10000000000000000000   4
321.20000000000000000000   2
321.30000000000000000000   3
321.40000000000000000000   6
321.50000000000000000000   5
321.60000000000000000000   6
321.70000000000000000000   4
321.80000000000000000000   0
321.90000000000000000000   4
322.00000000000000000000   2
322.10000000000000000000   3
322.20000000000000000000   3
322.30000000000000000000   1
322.40000000000000000000   3
322.50000000000000000000   1
322.60000000000000000000   3
322.70000000000000000000   8
322.80000000000000000000   7
322.90000000000000000000   7
323.00000000000000000000   8
323.10000000000000000000   8
323.20000000000000000000   10
323.30000000000000000000   10
323.40000000000000000000   11
323.50000000000000000000   11
323.60000000000000000000   10
323.70000000000000000000   9
323.80000000000000000000   11
323.90000000000000000000   13
324.00000000000000000000   11
324.10000000000000000000   11
324.20000000000000000000   13
324.30000000000000000000   10
324.40000000000000000000   11
324.50000000000000000000   11
324.60000000000000000000   11
324.70000000000000000000   11
324.80000000000000000000   11
324.90000000000000000000   11
325.00000000000000000000   10
325.10000000000000000000   7
325.20000000000000000000   2
325.30000000000000000000   5
325.40000000000000000000   6
325.50000000000000000000   8
325.60000000000000000000   9
325.70000000000000000000   12
325.80000000000000000000   7
325.90000000000000000000   12
326.00000000000000000000   11
326.10000000000000000000   11
326.20000000000000000000   8
326.30000000000000000000   7
326.40000000000000000000   8
326.50000000000000000000   7
326.60000000000000000000   7
326.70000000000000000000   8
326.80000000000000000000   9
326.90000000000000000000   9
327.00000000000000000000   12
327.10000000000000000000   7
327.20000000000000000000   8
327.30000000000000000000   10
327.40000000000000000000   16
327.50000000000000000000   15
327.60000000000000000000   11
327.70000000000000000000   10
327.80000000000000000000   11
327.90000000000000000000   12
328.00000000000000000000   7
328.10000000000000000000   7
328.20000000000000000000   13
328.30000000000000000000   14
328.40000000000000000000   9
328.50000000000000000000   10
328.60000000000000000000   11
328.70000000000000000000   11
328.80000000000000000000   14
328.90000000000000000000   12
329.00000000000000000000   14
329.10000000000000000000   13
329.20000000000000000000   13
329.30000000000000000000   16
329.40000000000000000000   15
329.50000000000000000000   16
329.60000000000000000000   14
329.70000000000000000000   13
329.80000000000000000000   11
329.90000000000000000000   6
330.00000000000000000000   8
330.10000000000000000000   12
330.20000000000000000000   14
330.30000000000000000000   7
330.40000000000000000000   5
330.50000000000000000000   10
330.60000000000000000000   9
330.70000000000000000000   10
330.80000000000000000000   10
330.90000000000000000000   11
331.00000000000000000000   12
331.10000000000000000000   6
331.20000000000000000000   9
331.30000000000000000000   10
331.40000000000000000000   7
331.50000000000000000000   7
331.60000000000000000000   7
331.70000000000000000000   4
331.80000000000000000000   5
331.90000000000000000000   4
332.00000000000000000000   4
332.10000000000000000000   7
332.20000000000000000000   5
332.30000000000000000000   10
332.40000000000000000000   9
332.50000000000000000000   9
332.60000000000000000000   5
332.70000000000000000000   4
332.80000000000000000000   4
332.90000000000000000000   9
333.00000000000000000000   3
333.10000000000000000000   5
333.20000000000000000000   8
333.30000000000000000000   10
333.40000000000000000000   11
333.50000000000000000000   10
333.60000000000000000000   9
333.70000000000000000000   8
333.80000000000000000000   10
333.90000000000000000000   9
334.00000000000000000000   10
334.10000000000000000000   9
334.20000000000000000000   10
334.30000000000000000000   10
334.40000000000000000000   11
334.50000000000000000000   12
334.60000000000000000000   11
334.70000000000000000000   8
334.80000000000000000000   9
334.90000000000000000000   8
335.00000000000000000000   9
335.10000000000000000000   9
335.20000000000000000000   8
335.30000000000000000000   6
335.40000000000000000000   6
335.50000000000000000000   9
335.60000000000000000000   10
335.70000000000000000000   9
335.80000000000000000000   12
335.90000000000000000000   10
336.00000000000000000000   8
336.10000000000000000000   6
336.20000000000000000000   8
336.30000000000000000000   10
336.40000000000000000000   13
336.50000000000000000000   12
336.60000000000000000000   12
336.70000000000000000000   7
336.80000000000000000000   12
336.90000000000000000000   10
337.00000000000000000000   13
337.10000000000000000000   15
337.20000000000000000000   9
337.30000000000000000000   5
337.40000000000000000000   6
337.50000000000000000000   5
337.60000000000000000000   7
337.70000000000000000000   8
337.80000000000000000000   6
337.90000000000000000000   8
338.00000000000000000000   7
338.10000000000000000000   4
338.20000000000000000000   8
338.30000000000000000000   5
338.40000000000000000000   7
338.50000000000000000000   6
338.60000000000000000000   7
338.70000000000000000000   4
338.80000000000000000000   7
338.90000000000000000000   8
339.00000000000000000000   7
339.10000000000000000000   10
339.20000000000000000000   7
339.30000000000000000000   15
339.40000000000000000000   10
339.50000000000000000000   11
339.60000000000000000000   8
339.70000000000000000000   9
339.80000000000000000000   6
339.90000000000000000000   10
340.00000000000000000000   10
340.10000000000000000000   9
340.20000000000000000000   11
340.30000000000000000000   9
340.40000000000000000000   9
340.50000000000000000000   6
340.60000000000000000000   11
340.70000000000000000000   7
340.80000000000000000000   8
340.90000000000000000000   10
341.00000000000000000000   11
341.10000000000000000000   11
341.20000000000000000000   11
341.30000000000000000000   11
341.40000000000000000000   10
341.50000000000000000000   12
341.60000000000000000000   11
341.70000000000000000000   11
341.80000000000000000000   10
341.90000000000000000000   7
342.00000000000000000000   8
342.10000000000000000000   9
342.20000000000000000000   10
342.30000000000000000000   10
342.40000000000000000000   6
342.50000000000000000000   11
342.60000000000000000000   12
342.70000000000000000000   13
342.80000000000000000000   11
342.90000000000000000000   13
343.00000000000000000000   11
343.10000000000000000000   10
343.20000000000000000000   9
343.30000000000000000000   8
343.40000000000000000000   4
343.50000000000000000000   6
343.60000000000000000000   7
343.70000000000000000000   10
343.80000000000000000000   8
343.90000000000000000000   9
344.00000000000000000000   9
344.10000000000000000000   12
344.20000000000000000000   10
344.30000000000000000000   10
344.40000000000000000000   13
344.50000000000000000000   7
344.60000000000000000000   9
344.70000000000000000000   10
344.80000000000000000000   11
344.90000000000000000000   13
345.00000000000000000000   13
345.10000000000000000000   14
345.20000000000000000000   12
345.30000000000000000000   11
345.40000000000000000000   16
345.50000000000000000000   15
345.60000000000000000000   14
345.70000000000000000000   12
345.80000000000000000000   17
345.90000000000000000000   7
346.00000000000000000000   9
346.10000000000000000000   3
346.20000000000000000000   5
346.30000000000000000000   4
346.40000000000000000000   5
346.50000000000000000000   4
346.60000000000000000000   7
346.70000000000000000000   5
346.80000000000000000000   10
346.90000000000000000000   5
347.00000000000000000000   6
347.10000000000000000000   11
347.20000000000000000000   11
347.30000000000000000000   8
347.40000000000000000000   6
347.50000000000000000000   4
347.60000000000000000000   12
347.70000000000000000000   10
347.80000000000000000000   9
347.90000000000000000000   9
348.00000000000000000000   12
348.10000000000000000000   13
348.20000000000000000000   19
348.30000000000000000000   14
348.40000000000000000000   17
348.50000000000000000000   17
348.60000000000000000000   12
348.70000000000000000000   13
348.80000000000000000000   11
348.90000000000000000000   10
349.00000000000000000000   12
349.10000000000000000000   12
349.20000000000000000000   12
349.30000000000000000000   10
349.40000000000000000000   8
349.50000000000000000000   9
349.60000000000000000000   10
349.70000000000000000000   8
349.80000000000000000000   9
349.90000000000000000000   11
350.00000000000000000000   10
350.10000000000000000000   11
350.20000000000000000000   8
350.30000000000000000000   10
350.40000000000000000000   15
350.50000000000000000000   12
350.60000000000000000000   15
350.70000000000000000000   6
350.80000000000000000000   6
350.90000000000000000000   6
351.00000000000000000000   7
351.10000000000000000000   8
351.20000000000000000000   5
351.30000000000000000000   4
351.40000000000000000000   4
351.50000000000000000000   11
351.60000000000000000000   5
351.70000000000000000000   6
351.80000000000000000000   8
351.90000000000000000000   7
352.00000000000000000000   9
352.10000000000000000000   10
352.20000000000000000000   10
352.30000000000000000000   12
352.40000000000000000000   7
352.50000000000000000000   10
352.60000000000000000000   14
352.70000000000000000000   10
352.80000000000000000000   16
352.90000000000000000000   13
353.00000000000000000000   15
353.10000000000000000000   12
353.20000000000000000000   14
353.30000000000000000000   16
353.40000000000000000000   10
353.50000000000000000000   17
353.60000000000000000000   8
353.70000000000000000000   15
353.80000000000000000000   17
353.90000000000000000000   14
354.00000000000000000000   18
354.10000000000000000000   18
354.20000000000000000000   21
354.30000000000000000000   19
354.40000000000000000000   23
354.50000000000000000000   20
354.60000000000000000000   20
354.70000000000000000000   20
354.80000000000000000000   22
354.90000000000000000000   22
355.00000000000000000000   15
355.10000000000000000000   20
355.20000000000000000000   19
355.30000000000000000000   19
355.40000000000000000000   16
355.50000000000000000000   17
355.60000000000000000000   15
355.70000000000000000000   17
355.80000000000000000000   14
355.90000000000000000000   16
356.00000000000000000000   18
356.10000000000000000000   16
356.20000000000000000000   17
356.30000000000000000000   16
356.40000000000000000000   15
356.50000000000000000000   16
356.60000000000000000000   16
356.70000000000000000000   15
356.80000000000000000000   14
356.90000000000000000000   16
357.00000000000000000000   15
357.10000000000000000000   15
357.20000000000000000000   16
357.30000000000000000000   13
357.40000000000000000000   18
357.50000000000000000000   19
357.60000000000000000000   17
357.70000000000000000000   12
357.80000000000000000000   10
357.90000000000000000000   12
358.00000000000000000000   10
358.10000000000000000000   14
358.20000000000000000000   16
358.30000000000000000000   16
358.40000000000000000000   14
358.50000000000000000000   15
358.60000000000000000000   16
358.70000000000000000000   16
358.80000000000000000000   16
358.90000000000000000000   14
359.00000000000000000000   16
359.10000000000000000000   13
359.20000000000000000000   16
359.30000000000000000000   20
359.40000000000000000000   15
359.50000000000000000000   17
359.60000000000000000000   17
359.70000000000000000000   15
359.80000000000000000000   8
359.90000000000000000000   14
360.00000000000000000000   13
360.10000000000000000000   17
360.20000000000000000000   14
360.30000000000000000000   9
360.40000000000000000000   10
360.50000000000000000000   10
360.60000000000000000000   12
360.70000000000000000000   10
360.80000000000000000000   12
360.90000000000000000000   11
361.00000000000000000000   16
361.10000000000000000000   14
361.20000000000000000000   13
361.30000000000000000000   18
361.40000000000000000000   13
361.50000000000000000000   11
361.60000000000000000000   18
361.70000000000000000000   16
361.80000000000000000000   16
361.90000000000000000000   13
362.00000000000000000000   17
362.10000000000000000000   20
362.20000000000000000000   20
362.30000000000000000000   15
362.40000000000000000000   15
362.50000000000000000000   13
362.60000000000000000000   16
362.70000000000000000000   20
362.80000000000000000000   19
362.90000000000000000000   14
363.00000000000000000000   16
363.10000000000000000000   14
363.20000000000000000000   16
363.30000000000000000000   13
363.40000000000000000000   13
363.50000000000000000000   14
363.60000000000000000000   14
363.70000000000000000000   10
363.80000000000000000000   11
363.90000000000000000000   16
364.00000000000000000000   18
364.10000000000000000000   17
364.20000000000000000000   16
364.30000000000000000000   17
364.40000000000000000000   19
364.50000000000000000000   20
364.60000000000000000000   18
364.70000000000000000000   15
364.80000000000000000000   15
364.90000000000000000000   15
365.00000000000000000000   16
365.10000000000000000000   16
365.20000000000000000000   17
365.30000000000000000000   17
365.40000000000000000000   19
365.50000000000000000000   17
365.60000000000000000000   18
365.70000000000000000000   15
365.80000000000000000000   15
365.90000000000000000000   16
366.00000000000000000000   15
366.10000000000000000000   14
366.20000000000000000000   14
366.30000000000000000000   15
366.40000000000000000000   13
366.50000000000000000000   14
366.60000000000000000000   15
366.70000000000000000000   15
366.80000000000000000000   14
366.90000000000000000000   15
367.00000000000000000000   11
367.10000000000000000000   13
367.20000000000000000000   15
367.30000000000000000000   14
367.40000000000000000000   15
367.50000000000000000000   13
367.60000000000000000000   16
367.70000000000000000000   15
367.80000000000000000000   12
367.90000000000000000000   12
368.00000000000000000000   13
368.10000000000000000000   16
368.20000000000000000000   17
368.30000000000000000000   11
368.40000000000000000000   14
368.50000000000000000000   13
368.60000000000000000000   13
368.70000000000000000000   13
368.80000000000000000000   15
368.90000000000000000000   13
369.00000000000000000000   12
369.10000000000000000000   13
369.20000000000000000000   14
369.30000000000000000000   12
369.40000000000000000000   16
369.50000000000000000000   18
369.60000000000000000000   21
369.70000000000000000000   16
369.80000000000000000000   14
369.90000000000000000000   16
370.00000000000000000000   17
370.10000000000000000000   15
370.20000000000000000000   16
370.30000000000000000000   17
370.40000000000000000000   13
370.50000000000000000000   12
370.60000000000000000000   11
370.70000000000000000000   13
370.80000000000000000000   15
370.90000000000000000000   14
371.00000000000000000000   15
371.10000000000000000000   17
371.20000000000000000000   17
371.30000000000000000000   17
371.40000000000000000000   18
371.50000000000000000000   18
371.60000000000000000000   20
371.70000000000000000000   16
371.80000000000000000000   19
371.90000000000000000000   13
372.00000000000000000000   13
372.10000000000000000000   13
372.20000000000000000000   14
372.30000000000000000000   13
372.40000000000000000000   12
372.50000000000000000000   13
372.60000000000000000000   14
372.70000000000000000000   13
372.80000000000000000000   15
372.90000000000000000000   13
373.00000000000000000000   13
373.10000000000000000000   15
373.20000000000000000000   12
373.30000000000000000000   14
373.40000000000000000000   15
373.50000000000000000000   14
373.60000000000000000000   18
373.70000000000000000000   14
373.80000000000000000000   15
373.90000000000000000000   17
374.00000000000000000000   14
374.10000000000000000000   12
374.20000000000000000000   14
374.30000000000000000000   15
374.40000000000000000000   15
374.50000000000000000000   14
374.60000000000000000000   19
374.70000000000000000000   19
374.80000000000000000000   19
374.90000000000000000000   19
375.00000000000000000000   18
375.10000000000000000000   18
375.20000000000000000000   18
375.30000000000000000000   18
375.40000000000000000000   17
375.50000000000000000000   20
375.60000000000000000000   17
375.70000000000000000000   14
375.80000000000000000000   15
375.90000000000000000000   16
376.00000000000000000000   17
376.10000000000000000000   11
376.20000000000000000000   13
376.30000000000000000000   13
376.40000000000000000000   15
376.50000000000000000000   11
376.60000000000000000000   15
376.70000000000000000000   17
376.80000000000000000000   15
376.90000000000000000000   12
377.00000000000000000000   13
377.10000000000000000000   13
377.20000000000000000000   11
377.30000000000000000000   9
377.40000000000000000000   11
377.50000000000000000000   13
377.60000000000000000000   15
377.70000000000000000000   15
377.80000000000000000000   14
377.90000000000000000000   15
378.00000000000000000000   14
378.10000000000000000000   16
378.20000000000000000000   17
378.30000000000000000000   18
378.40000000000000000000   14
378.50000000000000000000   15
378.60000000000000000000   14
378.70000000000000000000   14
378.80000000000000000000   16
378.90000000000000000000   15
379.00000000000000000000   15
379.10000000000000000000   14
379.20000000000000000000   17
379.30000000000000000000   16
379.40000000000000000000   14
379.50000000000000000000   18
379.60000000000000000000   17
379.70000000000000000000   19
379.80000000000000000000   19
379.90000000000000000000   20
380.00000000000000000000   22
380.10000000000000000000   21
380.20000000000000000000   17
380.30000000000000000000   17
380.40000000000000000000   18
380.50000000000000000000   14
380.60000000000000000000   15
380.70000000000000000000   17
380.80000000000000000000   17
380.90000000000000000000   19
381.00000000000000000000   21
381.10000000000000000000   17
381.20000000000000000000   14
381.30000000000000000000   18
381.40000000000000000000   13
381.50000000000000000000   17
381.60000000000000000000   15
381.70000000000000000000   13
381.80000000000000000000   13
381.90000000000000000000   15
382.00000000000000000000   17
382.10000000000000000000   14
382.20000000000000000000   13
382.30000000000000000000   11
382.40000000000000000000   13
382.50000000000000000000   18
382.60000000000000000000   16
382.70000000000000000000   14
382.80000000000000000000   14
382.90000000000000000000   13
383.00000000000000000000   14
383.10000000000000000000   14
383.20000000000000000000   13
383.30000000000000000000   9
383.40000000000000000000   12
383.50000000000000000000   14
383.60000000000000000000   10
383.70000000000000000000   13
383.80000000000000000000   13
383.90000000000000000000   18
384.00000000000000000000   17
384.10000000000000000000   16
384.20000000000000000000   16
384.30000000000000000000   17
384.40000000000000000000   17
384.50000000000000000000   15
384.60000000000000000000   13
384.70000000000000000000   14
384.80000000000000000000   12
384.90000000000000000000   14
385.00000000000000000000   14
385.10000000000000000000   14
385.20000000000000000000   13
385.30000000000000000000   11
385.40000000000000000000   13
385.50000000000000000000   16
385.60000000000000000000   18
385.70000000000000000000   18
385.80000000000000000000   16
385.90000000000000000000   16
386.00000000000000000000   17
386.10000000000000000000   18
386.20000000000000000000   16
386.30000000000000000000   18
386.40000000000000000000   19
386.50000000000000000000   19
386.60000000000000000000   19
386.70000000000000000000   17
386.80000000000000000000   20
386.90000000000000000000   16
387.00000000000000000000   15
387.10000000000000000000   16
387.20000000000000000000   17
387.30000000000000000000   16
387.40000000000000000000   15
387.50000000000000000000   17
387.60000000000000000000   20
387.70000000000000000000   19
387.80000000000000000000   19
387.90000000000000000000   21
388.00000000000000000000   22
388.10000000000000000000   19
388.20000000000000000000   18
388.30000000000000000000   23
388.40000000000000000000   23
388.50000000000000000000   22
388.60000000000000000000   22
388.70000000000000000000   23
388.80000000000000000000   21
388.90000000000000000000   20
389.00000000000000000000   22
389.10000000000000000000   24
389.20000000000000000000   20
389.30000000000000000000   21
389.40000000000000000000   23
389.50000000000000000000   23
389.60000000000000000000   21
389.70000000000000000000   21
389.80000000000000000000   23
389.90000000000000000000   16
390.00000000000000000000   17
390.10000000000000000000   19
390.20000000000000000000   18
390.30000000000000000000   18
390.40000000000000000000   16
390.50000000000000000000   16
390.60000000000000000000   19
390.70000000000000000000   18
390.80000000000000000000   16
390.90000000000000000000   18
391.00000000000000000000   15
391.10000000000000000000   18
391.20000000000000000000   13
391.30000000000000000000   19
391.40000000000000000000   14
391.50000000000000000000   20
391.60000000000000000000   18
391.70000000000000000000   18
391.80000000000000000000   27
391.90000000000000000000   26
392.00000000000000000000   21
392.10000000000000000000   22
392.20000000000000000000   22
392.30000000000000000000   22
392.40000000000000000000   22
392.50000000000000000000   21
392.60000000000000000000   20
392.70000000000000000000   19
392.80000000000000000000   17
392.90000000000000000000   18
393.00000000000000000000   21
393.10000000000000000000   22
393.20000000000000000000   23
393.30000000000000000000   21
393.40000000000000000000   20
393.50000000000000000000   19
393.60000000000000000000   20
393.70000000000000000000   22
393.80000000000000000000   15
393.90000000000000000000   13
394.00000000000000000000   21
394.10000000000000000000   20
394.20000000000000000000   20
394.30000000000000000000   19
394.40000000000000000000   18
394.50000000000000000000   14
394.60000000000000000000   15
394.70000000000000000000   15
394.80000000000000000000   15
394.90000000000000000000   15
395.00000000000000000000   12
395.10000000000000000000   19
395.20000000000000000000   18
395.30000000000000000000   20
395.40000000000000000000   20
395.50000000000000000000   18
395.60000000000000000000   20
395.70000000000000000000   21
395.80000000000000000000   26
395.90000000000000000000   19
396.00000000000000000000   23
396.10000000000000000000   26
396.20000000000000000000   24
396.30000000000000000000   26
396.40000000000000000000   24
396.50000000000000000000   25
396.60000000000000000000   26
396.70000000000000000000   25
396.80000000000000000000   20
396.90000000000000000000   22
397.00000000000000000000   22
397.10000000000000000000   24
397.20000000000000000000   24
397.30000000000000000000   20
397.40000000000000000000   20
397.50000000000000000000   21
397.60000000000000000000   22
397.70000000000000000000   18
397.80000000000000000000   22
397.90000000000000000000   13
398.00000000000000000000   17
398.10000000000000000000   16
398.20000000000000000000   21
398.30000000000000000000   20
398.40000000000000000000   19
398.50000000000000000000   22
398.60000000000000000000   24
398.70000000000000000000   24
398.80000000000000000000   23
398.90000000000000000000   23
399.00000000000000000000   23
399.10000000000000000000   23
399.20000000000000000000   23
399.30000000000000000000   23
399.40000000000000000000   23
399.50000000000000000000   23
399.60000000000000000000   23
399.70000000000000000000   23
