2.000000000000000000e+00 3.922569221040990151e+00
4.000000000000000000e+00 3.933299454815282203e+00
6.000000000000000000e+00 3.478243380628929682e+00
8.000000000000000000e+00 3.715564266154415929e+00
1.000000000000000000e+01 8.627994755818839678e+00
1.200000000000000000e+01 8.038594999180341816e+00
1.400000000000000000e+01 7.058473061944497751e+00
1.600000000000000000e+01 6.030147281865841258e+00
1.800000000000000000e+01 8.964345475124485318e+00
2.000000000000000000e+01 7.803607648253831464e+00
2.200000000000000000e+01 7.776383562826708840e+00
2.400000000000000000e+01 7.429416132095199465e+00
2.600000000000000000e+01 6.676637641125823919e+00
2.800000000000000000e+01 8.155827044982338236e+00
3.000000000000000000e+01 7.212370511312740540e+00
3.200000000000000000e+01 7.814303905802501227e+00
3.400000000000000000e+01 8.040759175399196934e+00
3.600000000000000000e+01 6.239932388500325722e+00
3.800000000000000000e+01 6.502313765101483511e+00
4.000000000000000000e+01 7.117081526048687046e+00
4.200000000000000000e+01 8.064641399422443513e+00
4.400000000000000000e+01 9.143044869594442403e+00
4.600000000000000000e+01 7.735244833038469991e+00
4.800000000000000000e+01 8.216564053713762306e+00
5.000000000000000000e+01 4.591374813250864051e+00
5.200000000000000000e+01 3.863513662034349760e+00
5.400000000000000000e+01 2.767763126069155533e+00
5.600000000000000000e+01 4.296449352425053547e+00
5.800000000000000000e+01 5.858021877656201859e+00
6.000000000000000000e+01 6.959983584463987683e+00
6.200000000000000000e+01 7.591682839995688603e+00
6.400000000000000000e+01 8.554620618278237387e+00
6.600000000000000000e+01 6.396793410920484924e+00
6.800000000000000000e+01 7.602333819665322068e+00
7.000000000000000000e+01 2.791481233236614123e+00
7.200000000000000000e+01 5.927786841928489814e+00
7.400000000000000000e+01 8.471130761131876241e+00
7.600000000000000000e+01 7.410910370948390558e+00
7.800000000000000000e+01 7.721838432159652044e+00
8.000000000000000000e+01 5.630186022530379475e+00
8.200000000000000000e+01 6.383969723170390687e+00
8.400000000000000000e+01 8.354278909914032880e+00
8.600000000000000000e+01 6.024049960414422422e+00
8.800000000000000000e+01 6.451742268705773498e+00
9.000000000000000000e+01 5.699238326945393673e+00
9.200000000000000000e+01 7.050985055996352280e+00
9.400000000000000000e+01 5.479488512353777097e+00
9.600000000000000000e+01 3.626403853019736889e+00
9.800000000000000000e+01 3.067601773255525632e+00
1.000000000000000000e+02 3.676286490063041867e+00
1.020000000000000000e+02 5.788574745538250355e+00
1.040000000000000000e+02 2.669861665131279871e+00
1.060000000000000000e+02 3.673459360602643997e+00
1.080000000000000000e+02 6.907659888103848900e+00
1.100000000000000000e+02 4.449398830581968944e+00
1.120000000000000000e+02 5.881101318660365784e+00
1.140000000000000000e+02 5.642541671567163242e+00
1.160000000000000000e+02 4.286797994945050760e+00
1.180000000000000000e+02 5.122008105313216042e+00
1.200000000000000000e+02 4.044438474026088137e+00
1.220000000000000000e+02 6.542949638361445608e+00
1.240000000000000000e+02 4.047570388816102316e+00
1.260000000000000000e+02 3.801141340909912181e+00
1.280000000000000000e+02 2.829409819836280260e+00
1.300000000000000000e+02 2.696367006292401225e+00
1.320000000000000000e+02 2.878417478911704741e+00
1.340000000000000000e+02 3.322482901261871735e+00
1.360000000000000000e+02 3.525100507942296790e+00
1.380000000000000000e+02 3.227596195280797886e+00
1.400000000000000000e+02 1.047033029071753063e+01
1.420000000000000000e+02 5.776124519839989979e+00
1.440000000000000000e+02 6.877808865778221481e+00
1.460000000000000000e+02 5.336957659840189550e+00
1.480000000000000000e+02 5.635292196281514343e+00
1.500000000000000000e+02 5.550002872650898311e+00
1.520000000000000000e+02 4.293317466082727130e+00
1.540000000000000000e+02 4.349516859654422696e+00
1.560000000000000000e+02 3.356556223089384172e+00
1.580000000000000000e+02 3.382345866490613417e+00
1.600000000000000000e+02 1.088071949893157031e+00
1.620000000000000000e+02 3.399949254025903755e+00
1.640000000000000000e+02 2.539520001037314234e+00
1.660000000000000000e+02 3.682701278087904040e+00
1.680000000000000000e+02 3.443182317544434934e+00
1.700000000000000000e+02 2.988193021096161583e+00
1.720000000000000000e+02 3.297512610748010164e+00
1.740000000000000000e+02 3.118630803081530622e+00
1.760000000000000000e+02 2.530409914402565796e+00
1.780000000000000000e+02 3.075571759256321425e+00
1.800000000000000000e+02 3.162067414668813026e+00
1.820000000000000000e+02 3.147438166442527940e+00
1.840000000000000000e+02 3.261161025956360593e+00
1.860000000000000000e+02 2.879370406315978403e+00
1.880000000000000000e+02 4.122929374274887593e+00
1.900000000000000000e+02 3.600272876017658774e+00
1.920000000000000000e+02 5.297928523375924570e+00
1.940000000000000000e+02 4.272976892669942295e+00
1.960000000000000000e+02 3.801575752326207702e+00
1.980000000000000000e+02 3.482510788881854946e+00
2.000000000000000000e+02 3.385399395446982762e+00
2.020000000000000000e+02 3.423875346282133858e+00
2.040000000000000000e+02 3.809853074671090578e+00
2.060000000000000000e+02 5.226075078218636705e+00
2.080000000000000000e+02 3.233524334861756167e+00
2.100000000000000000e+02 3.376780887428013855e+00
2.120000000000000000e+02 3.734981812768898290e+00
2.140000000000000000e+02 2.453500015219681529e+00
2.160000000000000000e+02 4.842525282581485513e+00
2.180000000000000000e+02 3.221993553928211185e+00
2.200000000000000000e+02 2.265169595757550169e+00
2.220000000000000000e+02 3.328497828631607813e+00
2.240000000000000000e+02 4.441427761652384731e+00
2.260000000000000000e+02 3.373588377069268951e+00
2.280000000000000000e+02 4.069084429478073694e+00
2.300000000000000000e+02 2.915052646183560636e+00
2.320000000000000000e+02 2.404681374736276300e+00
2.340000000000000000e+02 2.109991746377505972e+00
2.360000000000000000e+02 2.391206629818837026e+00
2.380000000000000000e+02 2.226659167109805271e+00
2.400000000000000000e+02 3.207145452726884116e+00
2.420000000000000000e+02 3.557493890386337565e+00
2.440000000000000000e+02 2.547335071237402548e+00
2.460000000000000000e+02 4.506199069922040223e+00
2.480000000000000000e+02 2.255044005862893108e+00
2.500000000000000000e+02 3.408613028663326716e+00
2.520000000000000000e+02 4.544566196730618124e+00
2.540000000000000000e+02 1.825239249084646520e+00
2.560000000000000000e+02 2.326305614953894096e+00
2.580000000000000000e+02 1.202198786340594294e+00
2.600000000000000000e+02 1.836158673831061350e+00
2.620000000000000000e+02 1.222333652870377207e+00
2.640000000000000000e+02 3.822483870335458445e+00
2.660000000000000000e+02 4.724098501559518049e+00
2.680000000000000000e+02 3.349421865176534396e+00
2.700000000000000000e+02 4.022355998476244920e+00
2.720000000000000000e+02 3.981968769960979593e+00
2.740000000000000000e+02 3.399738862698131303e+00
2.760000000000000000e+02 3.224272330359359451e+00
2.780000000000000000e+02 1.373609271788285291e+00
2.800000000000000000e+02 2.325539548379480514e+00
2.820000000000000000e+02 2.712634597502284084e+00
2.840000000000000000e+02 4.004764270153498451e+00
2.860000000000000000e+02 5.637515837053185486e+00
2.880000000000000000e+02 2.807845562319420285e+00
2.900000000000000000e+02 2.386134264951435657e+00
2.920000000000000000e+02 2.041089966067889172e+00
2.940000000000000000e+02 1.267467071468163731e+00
2.960000000000000000e+02 2.327250421673635827e+00
2.980000000000000000e+02 5.182895382983094379e+00
3.000000000000000000e+02 6.304939445247562446e+00
3.020000000000000000e+02 5.807075309976661437e+00
3.040000000000000000e+02 5.203467975935155643e+00
3.060000000000000000e+02 5.256830547810819709e+00
3.080000000000000000e+02 4.931081492751012263e+00
3.100000000000000000e+02 5.247682052844738543e+00
3.120000000000000000e+02 3.951826500175318113e+00
3.140000000000000000e+02 4.970816660431025547e+00
3.160000000000000000e+02 5.037817352183470376e+00
3.180000000000000000e+02 7.918542777473877692e+00
3.200000000000000000e+02 9.570872224810585749e+00
3.220000000000000000e+02 4.942896257815261762e+00
3.240000000000000000e+02 6.425910057088572103e+00
3.260000000000000000e+02 4.726475944108081251e+00
3.280000000000000000e+02 4.204820444543432956e+00
3.300000000000000000e+02 4.036184130033645623e+00
3.320000000000000000e+02 5.228646590048381171e+00
3.340000000000000000e+02 5.772158477618420491e+00
3.360000000000000000e+02 6.364243332199716718e+00
3.380000000000000000e+02 5.713992997401054375e+00
3.400000000000000000e+02 3.901485583340643437e+00
3.420000000000000000e+02 3.836480940749143365e+00
3.440000000000000000e+02 4.554403606511113978e+00
3.460000000000000000e+02 5.621276220850737637e+00
3.480000000000000000e+02 7.136613415574824870e+00
3.500000000000000000e+02 4.138592842492399448e+00
3.520000000000000000e+02 3.526870229551316793e+00
3.540000000000000000e+02 5.713058752959804920e+00
3.560000000000000000e+02 8.129357498743209121e+00
3.580000000000000000e+02 8.661882553865250856e+00
3.600000000000000000e+02 6.756479848930220911e+00
3.620000000000000000e+02 4.601866195758953282e+00
3.640000000000000000e+02 8.534430346197106942e+00
3.660000000000000000e+02 2.349001549731869698e+00
3.680000000000000000e+02 2.345100031633813309e+00
3.700000000000000000e+02 6.136186605717138143e+00
3.720000000000000000e+02 7.816991242084618818e+00
3.740000000000000000e+02 5.264057761410558811e+00
3.760000000000000000e+02 7.059617251409777694e+00
3.780000000000000000e+02 4.653624204818488153e+00
3.800000000000000000e+02 7.878597979937992157e+00
3.820000000000000000e+02 6.108858862161762104e+00
3.840000000000000000e+02 2.876182221926898208e+00
3.860000000000000000e+02 3.320570447298121675e+00
3.880000000000000000e+02 3.527979438484444064e+00
3.900000000000000000e+02 3.748410551052240969e+00
3.920000000000000000e+02 4.137178353598349290e+00
3.940000000000000000e+02 4.632679895793269331e+00
3.960000000000000000e+02 3.774418306703465564e+00
3.980000000000000000e+02 4.386065506980239448e+00
4.000000000000000000e+02 5.321107838854028493e+00
4.020000000000000000e+02 6.641852604710462238e+00
4.040000000000000000e+02 7.303161236736523954e+00
4.060000000000000000e+02 5.401855215381712760e+00
4.080000000000000000e+02 5.906378629728735952e+00
4.100000000000000000e+02 8.372461955255426247e+00
4.120000000000000000e+02 8.738045398466594449e+00
4.140000000000000000e+02 1.168983075562069551e+01
4.160000000000000000e+02 1.201328501495122048e+01
4.180000000000000000e+02 7.145611106217057085e+00
4.200000000000000000e+02 1.116706546946953260e+01
4.220000000000000000e+02 1.157140082580183638e+01
4.240000000000000000e+02 7.125535391305596100e+00
4.260000000000000000e+02 7.344186644452244117e+00
4.280000000000000000e+02 9.528041128367890522e+00
4.300000000000000000e+02 7.020205306149659208e+00
4.320000000000000000e+02 6.884347432279809276e+00
4.340000000000000000e+02 8.694060616965893828e+00
4.360000000000000000e+02 1.500242302533357197e+01
4.380000000000000000e+02 1.299966881354379566e+01
4.400000000000000000e+02 1.222376563580015585e+01
4.420000000000000000e+02 4.708052319686184539e+00
4.440000000000000000e+02 6.824183640190317313e+00
4.460000000000000000e+02 7.373252899691098428e+00
4.480000000000000000e+02 4.990706325702443102e+00
4.500000000000000000e+02 6.643541829390867903e+00
4.520000000000000000e+02 5.088649565960286836e+00
4.540000000000000000e+02 7.573754279784966847e+00
4.560000000000000000e+02 6.206594541770026119e+00
4.580000000000000000e+02 6.601048302616528751e+00
4.600000000000000000e+02 7.364842234336589577e+00
4.620000000000000000e+02 5.529986873746000953e+00
4.640000000000000000e+02 4.477932448799804455e+00
4.660000000000000000e+02 3.640887686800275969e+00
4.680000000000000000e+02 7.463760524812348862e+00
4.700000000000000000e+02 8.225529833932100132e+00
4.720000000000000000e+02 7.986860453642749214e+00
4.740000000000000000e+02 8.305139543588220263e+00
4.760000000000000000e+02 7.002171082174949213e+00
4.780000000000000000e+02 6.687175904827365791e+00
4.800000000000000000e+02 6.684021360483701102e+00
4.820000000000000000e+02 5.833702826235552585e+00
4.840000000000000000e+02 6.932960208459013174e+00
4.860000000000000000e+02 5.533979255314207535e+00
4.880000000000000000e+02 3.941155516421590566e+00
4.900000000000000000e+02 4.510016733526816424e+00
4.920000000000000000e+02 3.958231134804697682e+00
4.940000000000000000e+02 3.663713139085330806e+00
4.960000000000000000e+02 3.646498835612582035e+00
4.980000000000000000e+02 3.453149889882207724e+00
5.000000000000000000e+02 2.790443823004068236e+00
5.020000000000000000e+02 5.668890432428492332e+00
5.040000000000000000e+02 3.154645051034520531e+00
5.060000000000000000e+02 3.453668037621071552e+00
5.080000000000000000e+02 3.637303278105871840e+00
5.100000000000000000e+02 4.346988420772910366e+00
5.120000000000000000e+02 5.185164772160089974e+00
5.140000000000000000e+02 4.295749222736128026e+00
5.160000000000000000e+02 3.549845709627194257e+00
5.180000000000000000e+02 3.828552612665006905e+00
5.200000000000000000e+02 6.822040162655030215e+00
5.220000000000000000e+02 4.863731100815779307e+00
5.240000000000000000e+02 8.720914505429750108e+00
5.260000000000000000e+02 6.758098135598674894e+00
5.280000000000000000e+02 5.688467796943148080e+00
5.300000000000000000e+02 8.272394549584122458e+00
5.320000000000000000e+02 1.081609816903102050e+01
5.340000000000000000e+02 1.054141748762690867e+01
5.360000000000000000e+02 1.075751161992269189e+01
5.380000000000000000e+02 1.109424836814755011e+01
5.400000000000000000e+02 9.257605215658159636e+00
5.420000000000000000e+02 9.061579247246365654e+00
5.440000000000000000e+02 8.409238338069217278e+00
5.460000000000000000e+02 8.057164331843456040e+00
5.480000000000000000e+02 1.020705183999379528e+01
5.500000000000000000e+02 8.246911826824957714e+00
5.520000000000000000e+02 7.213172999885609116e+00
5.540000000000000000e+02 9.783527566702259648e+00
5.560000000000000000e+02 6.061779663493017445e+00
5.580000000000000000e+02 5.816222491223293822e+00
5.600000000000000000e+02 3.986325117618446434e+00
5.620000000000000000e+02 4.725703519802119779e+00
5.640000000000000000e+02 5.324785308500882941e+00
5.660000000000000000e+02 1.064723084982444234e+01
5.680000000000000000e+02 6.582766613146719514e+00
5.700000000000000000e+02 7.726417834479727631e+00
5.720000000000000000e+02 5.381450467781216496e+00
5.740000000000000000e+02 6.642032113524145132e+00
5.760000000000000000e+02 6.861632836184829998e+00
5.780000000000000000e+02 7.053321413323061506e+00
5.800000000000000000e+02 8.239530226642841626e+00
5.820000000000000000e+02 6.462293955632394393e+00
5.840000000000000000e+02 6.330800860840348321e+00
5.860000000000000000e+02 6.921624060356613484e+00
5.880000000000000000e+02 7.072670381239694493e+00
5.900000000000000000e+02 5.698846747388558676e+00
5.920000000000000000e+02 5.914247969299413654e+00
5.940000000000000000e+02 5.087021593585569157e+00
