200.00000000000000000000   13
200.10000000000000000000   8
200.20000000000000000000   4
200.30000000000000000000   9
200.40000000000000000000   13
200.50000000000000000000   12
200.60000000000000000000   13
200.70000000000000000000   13
200.80000000000000000000   14
200.90000000000000000000   13
201.00000000000000000000   14
201.10000000000000000000   15
201.20000000000000000000   14
201.30000000000000000000   11
201.40000000000000000000   12
201.50000000000000000000   13
201.60000000000000000000   12
201.70000000000000000000   12
201.80000000000000000000   15
201.90000000000000000000   10
202.00000000000000000000   8
202.10000000000000000000   10
202.20000000000000000000   9
202.30000000000000000000   8
202.40000000000000000000   12
202.50000000000000000000   7
202.60000000000000000000   5
202.70000000000000000000   6
202.80000000000000000000   6
202.90000000000000000000   10
203.00000000000000000000   11
203.10000000000000000000   10
203.20000000000000000000   12
203.30000000000000000000   7
203.40000000000000000000   11
203.50000000000000000000   10
203.60000000000000000000   8
203.70000000000000000000   11
203.80000000000000000000   13
203.90000000000000000000   11
204.00000000000000000000   9
204.10000000000000000000   8
204.20000000000000000000   6
204.30000000000000000000   4
204.40000000000000000000   5
204.50000000000000000000   4
204.60000000000000000000   2
204.70000000000000000000   6
204.80000000000000000000   4
204.90000000000000000000   2
205.00000000000000000000   2
205.10000000000000000000   7
205.20000000000000000000   7
205.30000000000000000000   13
205.40000000000000000000   12
205.50000000000000000000   12
205.60000000000000000000   9
205.70000000000000000000   6
205.80000000000000000000   9
205.90000000000000000000   7
206.00000000000000000000   11
206.10000000000000000000   12
206.20000000000000000000   9
206.30000000000000000000   10
206.40000000000000000000   9
206.50000000000000000000   8
206.60000000000000000000   8
206.70000000000000000000   6
206.80000000000000000000   8
206.90000000000000000000   8
207.00000000000000000000   12
207.10000000000000000000   7
207.20000000000000000000   6
207.30000000000000000000   7
207.40000000000000000000   6
207.50000000000000000000   7
207.60000000000000000000   6
207.70000000000000000000   10
207.80000000000000000000   6
207.90000000000000000000   7
208.00000000000000000000   7
208.10000000000000000000   8
208.20000000000000000000   11
208.30000000000000000000   8
208.40000000000000000000   12
208.50000000000000000000   11
208.60000000000000000000   12
208.70000000000000000000   11
208.80000000000000000000   11
208.90000000000000000000   13
209.00000000000000000000   11
209.10000000000000000000   12
209.20000000000000000000   14
209.30000000000000000000   12
209.40000000000000000000   12
209.50000000000000000000   15
209.60000000000000000000   16
209.70000000000000000000   17
209.80000000000000000000   21
209.90000000000000000000   14
210.00000000000000000000   15
210.10000000000000000000   18
210.20000000000000000000   16
210.30000000000000000000   15
210.40000000000000000000   13
210.50000000000000000000   12
210.60000000000000000000   15
210.70000000000000000000   16
210.80000000000000000000   13
210.90000000000000000000   15
211.00000000000000000000   15
211.10000000000000000000   18
211.20000000000000000000   11
211.30000000000000000000   15
211.40000000000000000000   15
211.50000000000000000000   14
211.60000000000000000000   15
211.70000000000000000000   19
211.80000000000000000000   15
211.90000000000000000000   16
212.00000000000000000000   15
212.10000000000000000000   16
212.20000000000000000000   15
212.30000000000000000000   17
212.40000000000000000000   15
212.50000000000000000000   16
212.60000000000000000000   17
212.70000000000000000000   12
212.80000000000000000000   15
212.90000000000000000000   14
213.00000000000000000000   15
213.10000000000000000000   13
213.20000000000000000000   14
213.30000000000000000000   13
213.40000000000000000000   15
213.50000000000000000000   8
213.60000000000000000000   12
213.70000000000000000000   16
213.80000000000000000000   20
213.90000000000000000000   18
214.00000000000000000000   22
214.10000000000000000000   23
214.20000000000000000000   20
214.30000000000000000000   27
214.40000000000000000000   22
214.50000000000000000000   17
214.60000000000000000000   25
214.70000000000000000000   25
214.80000000000000000000   18
214.90000000000000000000   21
215.00000000000000000000   17
215.10000000000000000000   16
215.20000000000000000000   13
215.30000000000000000000   11
215.40000000000000000000   13
215.50000000000000000000   14
215.60000000000000000000   13
215.70000000000000000000   12
215.80000000000000000000   20
215.90000000000000000000   15
216.00000000000000000000   13
216.10000000000000000000   15
216.20000000000000000000   15
216.30000000000000000000   14
216.40000000000000000000   16
216.50000000000000000000   13
216.60000000000000000000   14
216.70000000000000000000   15
216.80000000000000000000   15
216.90000000000000000000   15
217.00000000000000000000   14
217.10000000000000000000   18
217.20000000000000000000   16
217.30000000000000000000   10
217.40000000000000000000   15
217.50000000000000000000   11
217.60000000000000000000   12
217.70000000000000000000   10
217.80000000000000000000   12
217.90000000000000000000   10
218.00000000000000000000   7
218.10000000000000000000   8
218.20000000000000000000   8
218.30000000000000000000   9
218.40000000000000000000   12
218.50000000000000000000   11
218.60000000000000000000   12
218.70000000000000000000   10
218.80000000000000000000   9
218.90000000000000000000   11
219.00000000000000000000   11
219.10000000000000000000   11
219.20000000000000000000   12
219.30000000000000000000   14
219.40000000000000000000   10
219.50000000000000000000   11
219.60000000000000000000   9
219.70000000000000000000   10
219.80000000000000000000   9
219.90000000000000000000   10
220.00000000000000000000   17
220.10000000000000000000   13
220.20000000000000000000   11
220.30000000000000000000   14
220.40000000000000000000   15
220.50000000000000000000   13
220.60000000000000000000   10
220.70000000000000000000   6
220.80000000000000000000   9
220.90000000000000000000   11
221.00000000000000000000   9
221.10000000000000000000   8
221.20000000000000000000   3
221.30000000000000000000   4
221.40000000000000000000   6
221.50000000000000000000   7
221.60000000000000000000   6
221.70000000000000000000   12
221.80000000000000000000   7
221.90000000000000000000   7
222.00000000000000000000   9
222.10000000000000000000   8
222.20000000000000000000   13
222.30000000000000000000   13
222.40000000000000000000   10
222.50000000000000000000   7
222.60000000000000000000   8
222.70000000000000000000   12
222.80000000000000000000   10
222.90000000000000000000   14
223.00000000000000000000   11
223.10000000000000000000   13
223.20000000000000000000   12
223.30000000000000000000   10
223.40000000000000000000   12
223.50000000000000000000   13
223.60000000000000000000   11
223.70000000000000000000   8
223.80000000000000000000   7
223.90000000000000000000   14
224.00000000000000000000   9
224.10000000000000000000   15
224.20000000000000000000   14
224.30000000000000000000   7
224.40000000000000000000   9
224.50000000000000000000   9
224.60000000000000000000   10
224.70000000000000000000   12
224.80000000000000000000   8
224.90000000000000000000   10
225.00000000000000000000   13
225.10000000000000000000   14
225.20000000000000000000   16
225.30000000000000000000   9
225.40000000000000000000   11
225.50000000000000000000   11
225.60000000000000000000   13
225.70000000000000000000   12
225.80000000000000000000   13
225.90000000000000000000   14
226.00000000000000000000   17
226.10000000000000000000   20
226.20000000000000000000   18
226.30000000000000000000   12
226.40000000000000000000   13
226.50000000000000000000   11
226.60000000000000000000   10
226.70000000000000000000   11
226.80000000000000000000   10
226.90000000000000000000   13
227.00000000000000000000   12
227.10000000000000000000   12
227.20000000000000000000   12
227.30000000000000000000   12
227.40000000000000000000   13
227.50000000000000000000   12
227.60000000000000000000   10
227.70000000000000000000   12
227.80000000000000000000   13
227.90000000000000000000   12
228.00000000000000000000   13
228.10000000000000000000   11
228.20000000000000000000   17
228.30000000000000000000   14
228.40000000000000000000   12
228.50000000000000000000   14
228.60000000000000000000   14
228.70000000000000000000   15
228.80000000000000000000   13
228.90000000000000000000   15
229.00000000000000000000   16
229.10000000000000000000   14
229.20000000000000000000   10
229.30000000000000000000   13
229.40000000000000000000   12
229.50000000000000000000   13
229.60000000000000000000   14
229.70000000000000000000   8
229.80000000000000000000   12
229.90000000000000000000   15
230.00000000000000000000   14
230.10000000000000000000   8
230.20000000000000000000   10
230.30000000000000000000   11
230.40000000000000000000   10
230.50000000000000000000   9
230.60000000000000000000   13
230.70000000000000000000   13
230.80000000000000000000   14
230.90000000000000000000   13
231.00000000000000000000   12
231.10000000000000000000   8
231.20000000000000000000   12
231.30000000000000000000   12
231.40000000000000000000   13
231.50000000000000000000   10
231.60000000000000000000   13
231.70000000000000000000   9
231.80000000000000000000   11
231.90000000000000000000   13
232.00000000000000000000   11
232.10000000000000000000   13
232.20000000000000000000   11
232.30000000000000000000   12
232.40000000000000000000   12
232.50000000000000000000   10
232.60000000000000000000   13
232.70000000000000000000   12
232.80000000000000000000   14
232.90000000000000000000   14
233.00000000000000000000   14
233.10000000000000000000   15
233.20000000000000000000   15
233.30000000000000000000   14
233.40000000000000000000   13
233.50000000000000000000   17
233.60000000000000000000   19
233.70000000000000000000   17
233.80000000000000000000   15
233.90000000000000000000   13
234.00000000000000000000   6
234.10000000000000000000   6
234.20000000000000000000   9
234.30000000000000000000   11
234.40000000000000000000   11
234.50000000000000000000   10
234.60000000000000000000   11
234.70000000000000000000   9
234.80000000000000000000   8
234.90000000000000000000   8
235.00000000000000000000   10
235.10000000000000000000   7
235.20000000000000000000   6
235.30000000000000000000   5
235.40000000000000000000   11
235.50000000000000000000   7
235.60000000000000000000   9
235.70000000000000000000   6
235.80000000000000000000   6
235.90000000000000000000   10
236.00000000000000000000   9
236.10000000000000000000   7
236.20000000000000000000   3
236.30000000000000000000   8
236.40000000000000000000   6
236.50000000000000000000   5
236.60000000000000000000   8
236.70000000000000000000   5
236.80000000000000000000   9
236.90000000000000000000   9
237.00000000000000000000   7
237.10000000000000000000   7
237.20000000000000000000   11
237.30000000000000000000   11
237.40000000000000000000   12
237.50000000000000000000   13
237.60000000000000000000   15
237.70000000000000000000   11
237.80000000000000000000   16
237.90000000000000000000   16
238.00000000000000000000   13
238.10000000000000000000   10
238.20000000000000000000   11
238.30000000000000000000   12
238.40000000000000000000   11
238.50000000000000000000   13
238.60000000000000000000   15
238.70000000000000000000   17
238.80000000000000000000   14
238.90000000000000000000   11
239.00000000000000000000   9
239.10000000000000000000   14
239.20000000000000000000   10
239.30000000000000000000   10
239.40000000000000000000   9
239.50000000000000000000   11
239.60000000000000000000   13
239.70000000000000000000   11
239.80000000000000000000   13
239.90000000000000000000   12
240.00000000000000000000   9
240.10000000000000000000   9
240.20000000000000000000   10
240.30000000000000000000   9
240.40000000000000000000   7
240.50000000000000000000   8
240.60000000000000000000   9
240.70000000000000000000   16
240.80000000000000000000   12
240.90000000000000000000   13
241.00000000000000000000   13
241.10000000000000000000   12
241.20000000000000000000   13
241.30000000000000000000   13
241.40000000000000000000   13
241.50000000000000000000   15
241.60000000000000000000   16
241.70000000000000000000   15
241.80000000000000000000   16
241.90000000000000000000   17
242.00000000000000000000   15
242.10000000000000000000   15
242.20000000000000000000   13
242.30000000000000000000   13
242.40000000000000000000   14
242.50000000000000000000   15
242.60000000000000000000   14
242.70000000000000000000   12
242.80000000000000000000   13
242.90000000000000000000   14
243.00000000000000000000   11
243.10000000000000000000   17
243.20000000000000000000   13
243.30000000000000000000   15
243.40000000000000000000   14
243.50000000000000000000   19
243.60000000000000000000   18
243.70000000000000000000   14
243.80000000000000000000   13
243.90000000000000000000   16
244.00000000000000000000   16
244.10000000000000000000   13
244.20000000000000000000   20
244.30000000000000000000   19
244.40000000000000000000   17
244.50000000000000000000   17
244.60000000000000000000   18
244.70000000000000000000   16
244.80000000000000000000   18
244.90000000000000000000   17
245.00000000000000000000   14
245.10000000000000000000   17
245.20000000000000000000   15
245.30000000000000000000   15
245.40000000000000000000   16
245.50000000000000000000   14
245.60000000000000000000   15
245.70000000000000000000   15
245.80000000000000000000   14
245.90000000000000000000   17
246.00000000000000000000   19
246.10000000000000000000   18
246.20000000000000000000   14
246.30000000000000000000   13
246.40000000000000000000   18
246.50000000000000000000   16
246.60000000000000000000   17
246.70000000000000000000   15
246.80000000000000000000   16
246.90000000000000000000   17
247.00000000000000000000   16
247.10000000000000000000   16
247.20000000000000000000   14
247.30000000000000000000   16
247.40000000000000000000   17
247.50000000000000000000   15
247.60000000000000000000   19
247.70000000000000000000   17
247.80000000000000000000   18
247.90000000000000000000   18
248.00000000000000000000   19
248.10000000000000000000   15
248.20000000000000000000   17
248.30000000000000000000   16
248.40000000000000000000   19
248.50000000000000000000   16
248.60000000000000000000   13
248.70000000000000000000   17
248.80000000000000000000   15
248.90000000000000000000   16
249.00000000000000000000   16
249.10000000000000000000   16
249.20000000000000000000   18
249.30000000000000000000   17
249.40000000000000000000   15
249.50000000000000000000   16
249.60000000000000000000   15
249.70000000000000000000   14
249.80000000000000000000   16
249.90000000000000000000   18
250.00000000000000000000   17
250.10000000000000000000   16
250.20000000000000000000   15
250.30000000000000000000   14
250.40000000000000000000   16
250.50000000000000000000   15
250.60000000000000000000   15
250.70000000000000000000   21
250.80000000000000000000   21
250.90000000000000000000   19
251.00000000000000000000   22
251.10000000000000000000   21
251.20000000000000000000   19
251.30000000000000000000   17
251.40000000000000000000   20
251.50000000000000000000   21
251.60000000000000000000   16
251.70000000000000000000   17
251.80000000000000000000   16
251.90000000000000000000   18
252.00000000000000000000   20
252.10000000000000000000   17
252.20000000000000000000   20
252.30000000000000000000   17
252.40000000000000000000   13
252.50000000000000000000   16
252.60000000000000000000   19
252.70000000000000000000   15
252.80000000000000000000   13
252.90000000000000000000   16
253.00000000000000000000   10
253.10000000000000000000   13
253.20000000000000000000   15
253.30000000000000000000   15
253.40000000000000000000   14
253.50000000000000000000   18
253.60000000000000000000   16
253.70000000000000000000   15
253.80000000000000000000   14
253.90000000000000000000   15
254.00000000000000000000   20
254.10000000000000000000   16
254.20000000000000000000   20
254.30000000000000000000   22
254.40000000000000000000   23
254.50000000000000000000   16
254.60000000000000000000   17
254.70000000000000000000   15
254.80000000000000000000   16
254.90000000000000000000   16
255.00000000000000000000   17
255.10000000000000000000   14
255.20000000000000000000   16
255.30000000000000000000   11
255.40000000000000000000   14
255.50000000000000000000   16
255.60000000000000000000   15
255.70000000000000000000   15
255.80000000000000000000   17
255.90000000000000000000   16
256.00000000000000000000   18
256.10000000000000000000   16
256.20000000000000000000   19
256.30000000000000000000   20
256.40000000000000000000   18
256.50000000000000000000   19
256.60000000000000000000   21
256.70000000000000000000   18
256.80000000000000000000   15
256.90000000000000000000   18
257.00000000000000000000   19
257.10000000000000000000   21
257.20000000000000000000   17
257.30000000000000000000   16
257.40000000000000000000   19
257.50000000000000000000   18
257.60000000000000000000   17
257.70000000000000000000   18
257.80000000000000000000   19
257.90000000000000000000   20
258.00000000000000000000   19
258.10000000000000000000   14
258.20000000000000000000   18
258.30000000000000000000   14
258.40000000000000000000   18
258.50000000000000000000   17
258.60000000000000000000   17
258.70000000000000000000   18
258.80000000000000000000   14
258.90000000000000000000   15
259.00000000000000000000   18
259.10000000000000000000   15
259.20000000000000000000   14
259.30000000000000000000   16
259.40000000000000000000   18
259.50000000000000000000   18
259.60000000000000000000   17
259.70000000000000000000   16
259.80000000000000000000   18
259.90000000000000000000   17
260.00000000000000000000   14
260.10000000000000000000   16
260.20000000000000000000   16
260.30000000000000000000   16
260.40000000000000000000   16
260.50000000000000000000   13
260.60000000000000000000   14
260.70000000000000000000   14
260.80000000000000000000   13
260.90000000000000000000   13
261.00000000000000000000   15
261.10000000000000000000   16
261.20000000000000000000   15
261.30000000000000000000   15
261.40000000000000000000   16
261.50000000000000000000   12
261.60000000000000000000   13
261.70000000000000000000   18
261.80000000000000000000   17
261.90000000000000000000   11
262.00000000000000000000   15
262.10000000000000000000   17
262.20000000000000000000   15
262.30000000000000000000   17
262.40000000000000000000   19
262.50000000000000000000   18
262.60000000000000000000   19
262.70000000000000000000   17
262.80000000000000000000   19
262.90000000000000000000   21
263.00000000000000000000   20
263.10000000000000000000   21
263.20000000000000000000   22
263.30000000000000000000   19
263.40000000000000000000   18
263.50000000000000000000   19
263.60000000000000000000   20
263.70000000000000000000   18
263.80000000000000000000   17
263.90000000000000000000   16
264.00000000000000000000   17
264.10000000000000000000   18
264.20000000000000000000   16
264.30000000000000000000   15
264.40000000000000000000   16
264.50000000000000000000   19
264.60000000000000000000   19
264.70000000000000000000   21
264.80000000000000000000   18
264.90000000000000000000   21
265.00000000000000000000   17
265.10000000000000000000   21
265.20000000000000000000   17
265.30000000000000000000   13
265.40000000000000000000   13
265.50000000000000000000   15
265.60000000000000000000   15
265.70000000000000000000   16
265.80000000000000000000   17
265.90000000000000000000   19
266.00000000000000000000   19
266.10000000000000000000   19
266.20000000000000000000   16
266.30000000000000000000   17
266.40000000000000000000   18
266.50000000000000000000   14
266.60000000000000000000   14
266.70000000000000000000   16
266.80000000000000000000   18
266.90000000000000000000   17
267.00000000000000000000   17
267.10000000000000000000   15
267.20000000000000000000   17
267.30000000000000000000   18
267.40000000000000000000   15
267.50000000000000000000   19
267.60000000000000000000   16
267.70000000000000000000   16
267.80000000000000000000   17
267.90000000000000000000   17
268.00000000000000000000   16
268.10000000000000000000   14
268.20000000000000000000   15
268.30000000000000000000   18
268.40000000000000000000   16
268.50000000000000000000   13
268.60000000000000000000   11
268.70000000000000000000   14
268.80000000000000000000   13
268.90000000000000000000   14
269.00000000000000000000   14
269.10000000000000000000   16
269.20000000000000000000   12
269.30000000000000000000   13
269.40000000000000000000   14
269.50000000000000000000   14
269.60000000000000000000   16
269.70000000000000000000   18
269.80000000000000000000   15
269.90000000000000000000   16
270.00000000000000000000   16
270.10000000000000000000   15
270.20000000000000000000   15
270.30000000000000000000   14
270.40000000000000000000   14
270.50000000000000000000   13
270.60000000000000000000   17
270.70000000000000000000   14
270.80000000000000000000   16
270.90000000000000000000   17
271.00000000000000000000   14
271.10000000000000000000   14
271.20000000000000000000   13
271.30000000000000000000   16
271.40000000000000000000   13
271.50000000000000000000   14
271.60000000000000000000   13
271.70000000000000000000   15
271.80000000000000000000   14
271.90000000000000000000   13
272.00000000000000000000   14
272.10000000000000000000   14
272.20000000000000000000   13
272.30000000000000000000   12
272.40000000000000000000   12
272.50000000000000000000   14
272.60000000000000000000   14
272.70000000000000000000   14
272.80000000000000000000   14
272.90000000000000000000   15
273.00000000000000000000   14
273.10000000000000000000   14
273.20000000000000000000   14
273.30000000000000000000   15
273.40000000000000000000   16
273.50000000000000000000   15
273.60000000000000000000   13
273.70000000000000000000   12
273.80000000000000000000   14
273.90000000000000000000   14
274.00000000000000000000   15
274.10000000000000000000   13
274.20000000000000000000   13
274.30000000000000000000   15
274.40000000000000000000   11
274.50000000000000000000   12
274.60000000000000000000   16
274.70000000000000000000   17
274.80000000000000000000   19
274.90000000000000000000   20
275.00000000000000000000   17
275.10000000000000000000   17
275.20000000000000000000   14
275.30000000000000000000   12
275.40000000000000000000   19
275.50000000000000000000   19
275.60000000000000000000   19
275.70000000000000000000   17
275.80000000000000000000   16
275.90000000000000000000   17
276.00000000000000000000   16
276.10000000000000000000   17
276.20000000000000000000   15
276.30000000000000000000   13
276.40000000000000000000   13
276.50000000000000000000   13
276.60000000000000000000   12
276.70000000000000000000   12
276.80000000000000000000   12
276.90000000000000000000   11
277.00000000000000000000   12
277.10000000000000000000   11
277.20000000000000000000   12
277.30000000000000000000   10
277.40000000000000000000   11
277.50000000000000000000   11
277.60000000000000000000   14
277.70000000000000000000   12
277.80000000000000000000   13
277.90000000000000000000   11
278.00000000000000000000   17
278.10000000000000000000   14
278.20000000000000000000   17
278.30000000000000000000   15
278.40000000000000000000   15
278.50000000000000000000   16
278.60000000000000000000   19
278.70000000000000000000   19
278.80000000000000000000   18
278.90000000000000000000   19
279.00000000000000000000   18
279.10000000000000000000   17
279.20000000000000000000   19
279.30000000000000000000   19
279.40000000000000000000   21
279.50000000000000000000   20
279.60000000000000000000   19
279.70000000000000000000   19
279.80000000000000000000   20
279.90000000000000000000   20
280.00000000000000000000   20
280.10000000000000000000   19
280.20000000000000000000   16
280.30000000000000000000   17
280.40000000000000000000   15
280.50000000000000000000   18
280.60000000000000000000   19
280.70000000000000000000   21
280.80000000000000000000   19
280.90000000000000000000   18
281.00000000000000000000   16
281.10000000000000000000   17
281.20000000000000000000   17
281.30000000000000000000   18
281.40000000000000000000   18
281.50000000000000000000   16
281.60000000000000000000   16
281.70000000000000000000   16
281.80000000000000000000   14
281.90000000000000000000   15
282.00000000000000000000   16
282.10000000000000000000   18
282.20000000000000000000   19
282.30000000000000000000   17
282.40000000000000000000   18
282.50000000000000000000   16
282.60000000000000000000   20
282.70000000000000000000   18
282.80000000000000000000   18
282.90000000000000000000   17
283.00000000000000000000   19
283.10000000000000000000   17
283.20000000000000000000   18
283.30000000000000000000   14
283.40000000000000000000   17
283.50000000000000000000   18
283.60000000000000000000   19
283.70000000000000000000   17
283.80000000000000000000   14
283.90000000000000000000   18
284.00000000000000000000   15
284.10000000000000000000   17
284.20000000000000000000   18
284.30000000000000000000   18
284.40000000000000000000   17
284.50000000000000000000   18
284.60000000000000000000   18
284.70000000000000000000   15
284.80000000000000000000   14
284.90000000000000000000   17
285.00000000000000000000   19
285.10000000000000000000   16
285.20000000000000000000   23
285.30000000000000000000   21
285.40000000000000000000   20
285.50000000000000000000   16
285.60000000000000000000   17
285.70000000000000000000   19
285.80000000000000000000   19
285.90000000000000000000   18
286.00000000000000000000   16
286.10000000000000000000   16
286.20000000000000000000   15
286.30000000000000000000   15
286.40000000000000000000   18
286.50000000000000000000   15
286.60000000000000000000   19
286.70000000000000000000   21
286.80000000000000000000   20
286.90000000000000000000   17
287.00000000000000000000   16
287.10000000000000000000   17
287.20000000000000000000   18
287.30000000000000000000   20
287.40000000000000000000   15
287.50000000000000000000   16
287.60000000000000000000   18
287.70000000000000000000   18
287.80000000000000000000   16
287.90000000000000000000   17
288.00000000000000000000   17
288.10000000000000000000   18
288.20000000000000000000   15
288.30000000000000000000   12
288.40000000000000000000   14
288.50000000000000000000   14
288.60000000000000000000   17
288.70000000000000000000   24
288.80000000000000000000   22
288.90000000000000000000   20
289.00000000000000000000   17
289.10000000000000000000   19
289.20000000000000000000   18
289.30000000000000000000   19
289.40000000000000000000   20
289.50000000000000000000   17
289.60000000000000000000   21
289.70000000000000000000   20
289.80000000000000000000   16
289.90000000000000000000   19
290.00000000000000000000   17
290.10000000000000000000   24
290.20000000000000000000   20
290.30000000000000000000   18
290.40000000000000000000   19
290.50000000000000000000   18
290.60000000000000000000   15
290.70000000000000000000   19
290.80000000000000000000   18
290.90000000000000000000   18
291.00000000000000000000   18
291.10000000000000000000   18
291.20000000000000000000   19
291.30000000000000000000   19
291.40000000000000000000   20
291.50000000000000000000   19
291.60000000000000000000   21
291.70000000000000000000   20
291.80000000000000000000   22
291.90000000000000000000   22
292.00000000000000000000   18
292.10000000000000000000   18
292.20000000000000000000   19
292.30000000000000000000   18
292.40000000000000000000   18
292.50000000000000000000   14
292.60000000000000000000   19
292.70000000000000000000   17
292.80000000000000000000   20
292.90000000000000000000   20
293.00000000000000000000   17
293.10000000000000000000   17
293.20000000000000000000   16
293.30000000000000000000   19
293.40000000000000000000   19
293.50000000000000000000   19
293.60000000000000000000   17
293.70000000000000000000   17
293.80000000000000000000   15
293.90000000000000000000   16
294.00000000000000000000   14
294.10000000000000000000   13
294.20000000000000000000   14
294.30000000000000000000   15
294.40000000000000000000   14
294.50000000000000000000   13
294.60000000000000000000   14
294.70000000000000000000   18
294.80000000000000000000   19
294.90000000000000000000   20
295.00000000000000000000   14
295.10000000000000000000   15
295.20000000000000000000   14
295.30000000000000000000   13
295.40000000000000000000   13
295.50000000000000000000   17
295.60000000000000000000   16
295.70000000000000000000   19
295.80000000000000000000   17
295.90000000000000000000   16
296.00000000000000000000   19
296.10000000000000000000   18
296.20000000000000000000   18
296.30000000000000000000   16
296.40000000000000000000   19
296.50000000000000000000   20
296.60000000000000000000   20
296.70000000000000000000   20
296.80000000000000000000   19
296.90000000000000000000   18
297.00000000000000000000   21
297.10000000000000000000   17
297.20000000000000000000   18
297.30000000000000000000   18
297.40000000000000000000   20
297.50000000000000000000   20
297.60000000000000000000   19
297.70000000000000000000   19
297.80000000000000000000   21
297.90000000000000000000   20
298.00000000000000000000   18
298.10000000000000000000   19
298.20000000000000000000   18
298.30000000000000000000   20
298.40000000000000000000   18
298.50000000000000000000   18
298.60000000000000000000   15
298.70000000000000000000   17
298.80000000000000000000   20
298.90000000000000000000   19
299.00000000000000000000   22
299.10000000000000000000   19
299.20000000000000000000   18
299.30000000000000000000   14
299.40000000000000000000   17
299.50000000000000000000   15
299.60000000000000000000   14
299.70000000000000000000   18
299.80000000000000000000   17
299.90000000000000000000   17
300.00000000000000000000   17
300.10000000000000000000   17
300.20000000000000000000   15
300.30000000000000000000   17
300.40000000000000000000   17
300.50000000000000000000   16
300.60000000000000000000   16
300.70000000000000000000   12
300.80000000000000000000   14
300.90000000000000000000   15
301.00000000000000000000   15
301.10000000000000000000   14
301.20000000000000000000   13
301.30000000000000000000   17
301.40000000000000000000   13
301.50000000000000000000   12
301.60000000000000000000   11
301.70000000000000000000   9
301.80000000000000000000   9
301.90000000000000000000   9
302.00000000000000000000   12
302.10000000000000000000   12
302.20000000000000000000   15
302.30000000000000000000   11
302.40000000000000000000   14
302.50000000000000000000   13
302.60000000000000000000   13
302.70000000000000000000   14
302.80000000000000000000   14
302.90000000000000000000   16
303.00000000000000000000   16
303.10000000000000000000   15
303.20000000000000000000   13
303.30000000000000000000   16
303.40000000000000000000   16
303.50000000000000000000   14
303.60000000000000000000   16
303.70000000000000000000   16
303.80000000000000000000   17
303.90000000000000000000   18
304.00000000000000000000   17
304.10000000000000000000   16
304.20000000000000000000   17
304.30000000000000000000   15
304.40000000000000000000   18
304.50000000000000000000   20
304.60000000000000000000   17
304.70000000000000000000   19
304.80000000000000000000   23
304.90000000000000000000   17
305.00000000000000000000   18
305.10000000000000000000   20
305.20000000000000000000   17
305.30000000000000000000   19
305.40000000000000000000   20
305.50000000000000000000   14
305.60000000000000000000   18
305.70000000000000000000   21
305.80000000000000000000   18
305.90000000000000000000   19
306.00000000000000000000   17
306.10000000000000000000   19
306.20000000000000000000   20
306.30000000000000000000   20
306.40000000000000000000   21
306.50000000000000000000   15
306.60000000000000000000   19
306.70000000000000000000   18
306.80000000000000000000   18
306.90000000000000000000   15
307.00000000000000000000   17
307.10000000000000000000   16
307.20000000000000000000   17
307.30000000000000000000   16
307.40000000000000000000   15
307.50000000000000000000   16
307.60000000000000000000   19
307.70000000000000000000   20
307.80000000000000000000   14
307.90000000000000000000   13
308.00000000000000000000   13
308.10000000000000000000   13
308.20000000000000000000   14
308.30000000000000000000   17
308.40000000000000000000   11
308.50000000000000000000   12
308.60000000000000000000   15
308.70000000000000000000   13
308.80000000000000000000   14
308.90000000000000000000   13
309.00000000000000000000   14
309.10000000000000000000   17
309.20000000000000000000   13
309.30000000000000000000   13
309.40000000000000000000   10
309.50000000000000000000   14
309.60000000000000000000   18
309.70000000000000000000   17
309.80000000000000000000   16
309.90000000000000000000   16
310.00000000000000000000   19
310.10000000000000000000   16
310.20000000000000000000   15
310.30000000000000000000   18
310.40000000000000000000   19
310.50000000000000000000   20
310.60000000000000000000   20
310.70000000000000000000   20
310.80000000000000000000   17
310.90000000000000000000   17
311.00000000000000000000   19
311.10000000000000000000   19
311.20000000000000000000   19
311.30000000000000000000   21
311.40000000000000000000   20
311.50000000000000000000   16
311.60000000000000000000   18
311.70000000000000000000   20
311.80000000000000000000   19
311.90000000000000000000   16
312.00000000000000000000   18
312.10000000000000000000   14
312.20000000000000000000   13
312.30000000000000000000   18
312.40000000000000000000   20
312.50000000000000000000   20
312.60000000000000000000   19
312.70000000000000000000   16
312.80000000000000000000   18
312.90000000000000000000   18
313.00000000000000000000   16
313.10000000000000000000   18
313.20000000000000000000   18
313.30000000000000000000   18
313.40000000000000000000   17
313.50000000000000000000   18
313.60000000000000000000   17
313.70000000000000000000   14
313.80000000000000000000   20
313.90000000000000000000   20
314.00000000000000000000   16
314.10000000000000000000   21
314.20000000000000000000   16
314.30000000000000000000   19
314.40000000000000000000   17
314.50000000000000000000   16
314.60000000000000000000   14
314.70000000000000000000   18
314.80000000000000000000   19
314.90000000000000000000   19
315.00000000000000000000   22
315.10000000000000000000   19
315.20000000000000000000   20
315.30000000000000000000   19
315.40000000000000000000   23
315.50000000000000000000   18
315.60000000000000000000   18
315.70000000000000000000   19
315.80000000000000000000   18
315.90000000000000000000   17
316.00000000000000000000   17
316.10000000000000000000   24
316.20000000000000000000   19
316.30000000000000000000   20
316.40000000000000000000   22
316.50000000000000000000   16
316.60000000000000000000   19
316.70000000000000000000   19
316.80000000000000000000   17
316.90000000000000000000   21
317.00000000000000000000   21
317.10000000000000000000   21
317.20000000000000000000   20
317.30000000000000000000   18
317.40000000000000000000   17
317.50000000000000000000   17
317.60000000000000000000   17
317.70000000000000000000   19
317.80000000000000000000   16
317.90000000000000000000   18
318.00000000000000000000   17
318.10000000000000000000   19
318.20000000000000000000   18
318.30000000000000000000   24
318.40000000000000000000   16
318.50000000000000000000   14
318.60000000000000000000   19
318.70000000000000000000   19
318.80000000000000000000   15
318.90000000000000000000   14
319.00000000000000000000   18
319.10000000000000000000   20
319.20000000000000000000   14
319.30000000000000000000   12
319.40000000000000000000   18
319.50000000000000000000   15
319.60000000000000000000   16
319.70000000000000000000   17
319.80000000000000000000   15
319.90000000000000000000   18
320.00000000000000000000   18
320.10000000000000000000   17
320.20000000000000000000   19
320.30000000000000000000   20
320.40000000000000000000   20
320.50000000000000000000   22
320.60000000000000000000   18
320.70000000000000000000   18
320.80000000000000000000   17
320.90000000000000000000   22
321.00000000000000000000   20
321.10000000000000000000   21
321.20000000000000000000   19
321.30000000000000000000   17
321.40000000000000000000   14
321.50000000000000000000   14
321.60000000000000000000   15
321.70000000000000000000   18
321.80000000000000000000   18
321.90000000000000000000   17
322.00000000000000000000   18
322.10000000000000000000   19
322.20000000000000000000   19
322.30000000000000000000   15
322.40000000000000000000   16
322.50000000000000000000   17
322.60000000000000000000   16
322.70000000000000000000   17
322.80000000000000000000   12
322.90000000000000000000   14
323.00000000000000000000   18
323.10000000000000000000   19
323.20000000000000000000   17
323.30000000000000000000   14
323.40000000000000000000   15
323.50000000000000000000   18
323.60000000000000000000   15
323.70000000000000000000   16
323.80000000000000000000   14
323.90000000000000000000   16
324.00000000000000000000   17
324.10000000000000000000   21
324.20000000000000000000   16
324.30000000000000000000   17
324.40000000000000000000   16
324.50000000000000000000   19
324.60000000000000000000   17
324.70000000000000000000   15
324.80000000000000000000   18
324.90000000000000000000   17
325.00000000000000000000   16
325.10000000000000000000   20
325.20000000000000000000   20
325.30000000000000000000   19
325.40000000000000000000   16
325.50000000000000000000   19
325.60000000000000000000   21
325.70000000000000000000   16
325.80000000000000000000   17
325.90000000000000000000   14
326.00000000000000000000   19
326.10000000000000000000   17
326.20000000000000000000   17
326.30000000000000000000   19
326.40000000000000000000   17
326.50000000000000000000   19
326.60000000000000000000   20
326.70000000000000000000   19
326.80000000000000000000   16
326.90000000000000000000   17
327.00000000000000000000   20
327.10000000000000000000   23
327.20000000000000000000   22
327.30000000000000000000   17
327.40000000000000000000   19
327.50000000000000000000   22
327.60000000000000000000   16
327.70000000000000000000   17
327.80000000000000000000   17
327.90000000000000000000   18
328.00000000000000000000   19
328.10000000000000000000   17
328.20000000000000000000   20
328.30000000000000000000   19
328.40000000000000000000   16
328.50000000000000000000   22
328.60000000000000000000   15
328.70000000000000000000   13
328.80000000000000000000   10
328.90000000000000000000   12
329.00000000000000000000   10
329.10000000000000000000   14
329.20000000000000000000   11
329.30000000000000000000   15
329.40000000000000000000   16
329.50000000000000000000   13
329.60000000000000000000   16
329.70000000000000000000   18
329.80000000000000000000   17
329.90000000000000000000   18
330.00000000000000000000   20
330.10000000000000000000   23
330.20000000000000000000   19
330.30000000000000000000   19
330.40000000000000000000   20
330.50000000000000000000   12
330.60000000000000000000   19
330.70000000000000000000   17
330.80000000000000000000   17
330.90000000000000000000   20
331.00000000000000000000   19
331.10000000000000000000   19
331.20000000000000000000   16
331.30000000000000000000   15
331.40000000000000000000   14
331.50000000000000000000   11
331.60000000000000000000   11
331.70000000000000000000   18
331.80000000000000000000   17
331.90000000000000000000   23
332.00000000000000000000   18
332.10000000000000000000   13
332.20000000000000000000   18
332.30000000000000000000   22
332.40000000000000000000   20
332.50000000000000000000   20
332.60000000000000000000   15
332.70000000000000000000   20
332.80000000000000000000   17
332.90000000000000000000   14
333.00000000000000000000   17
333.10000000000000000000   13
333.20000000000000000000   12
333.30000000000000000000   12
333.40000000000000000000   14
333.50000000000000000000   16
333.60000000000000000000   14
333.70000000000000000000   18
333.80000000000000000000   17
333.90000000000000000000   16
334.00000000000000000000   18
334.10000000000000000000   14
334.20000000000000000000   16
334.30000000000000000000   17
334.40000000000000000000   16
334.50000000000000000000   15
334.60000000000000000000   15
334.70000000000000000000   18
334.80000000000000000000   22
334.90000000000000000000   25
335.00000000000000000000   23
335.10000000000000000000   21
335.20000000000000000000   24
335.30000000000000000000   23
335.40000000000000000000   22
335.50000000000000000000   22
335.60000000000000000000   25
335.70000000000000000000   21
335.80000000000000000000   20
335.90000000000000000000   25
336.00000000000000000000   25
336.10000000000000000000   24
336.20000000000000000000   22
336.30000000000000000000   23
336.40000000000000000000   23
336.50000000000000000000   20
336.60000000000000000000   25
336.70000000000000000000   25
336.80000000000000000000   21
336.90000000000000000000   27
337.00000000000000000000   23
337.10000000000000000000   25
337.20000000000000000000   22
337.30000000000000000000   24
337.40000000000000000000   26
337.50000000000000000000   26
337.60000000000000000000   26
337.70000000000000000000   24
337.80000000000000000000   21
337.90000000000000000000   20
338.00000000000000000000   28
338.10000000000000000000   22
338.20000000000000000000   24
338.30000000000000000000   24
338.40000000000000000000   22
338.50000000000000000000   26
338.60000000000000000000   19
338.70000000000000000000   20
338.80000000000000000000   25
338.90000000000000000000   25
339.00000000000000000000   28
339.10000000000000000000   28
339.20000000000000000000   26
339.30000000000000000000   24
339.40000000000000000000   26
339.50000000000000000000   26
339.60000000000000000000   23
339.70000000000000000000   26
339.80000000000000000000   26
339.90000000000000000000   28
340.00000000000000000000   23
340.10000000000000000000   24
340.20000000000000000000   28
340.30000000000000000000   28
340.40000000000000000000   26
340.50000000000000000000   24
340.60000000000000000000   25
340.70000000000000000000   27
340.80000000000000000000   22
340.90000000000000000000   24
341.00000000000000000000   26
341.10000000000000000000   28
341.20000000000000000000   24
341.30000000000000000000   24
341.40000000000000000000   27
341.50000000000000000000   26
341.60000000000000000000   25
341.70000000000000000000   23
341.80000000000000000000   24
341.90000000000000000000   20
342.00000000000000000000   18
342.10000000000000000000   22
342.20000000000000000000   19
342.30000000000000000000   24
342.40000000000000000000   22
342.50000000000000000000   21
342.60000000000000000000   19
342.70000000000000000000   21
342.80000000000000000000   15
342.90000000000000000000   16
343.00000000000000000000   16
343.10000000000000000000   20
343.20000000000000000000   20
343.30000000000000000000   17
343.40000000000000000000   17
343.50000000000000000000   22
343.60000000000000000000   21
343.70000000000000000000   21
343.80000000000000000000   22
343.90000000000000000000   24
344.00000000000000000000   21
344.10000000000000000000   22
344.20000000000000000000   20
344.30000000000000000000   17
344.40000000000000000000   19
344.50000000000000000000   18
344.60000000000000000000   22
344.70000000000000000000   20
344.80000000000000000000   23
344.90000000000000000000   17
345.00000000000000000000   20
345.10000000000000000000   18
345.20000000000000000000   19
345.30000000000000000000   18
345.40000000000000000000   18
345.50000000000000000000   22
345.60000000000000000000   22
345.70000000000000000000   23
345.80000000000000000000   18
345.90000000000000000000   18
346.00000000000000000000   14
346.10000000000000000000   18
346.20000000000000000000   14
346.30000000000000000000   22
346.40000000000000000000   17
346.50000000000000000000   17
346.60000000000000000000   17
346.70000000000000000000   17
346.80000000000000000000   18
346.90000000000000000000   19
347.00000000000000000000   20
347.10000000000000000000   17
347.20000000000000000000   18
347.30000000000000000000   18
347.40000000000000000000   20
347.50000000000000000000   18
347.60000000000000000000   21
347.70000000000000000000   19
347.80000000000000000000   21
347.90000000000000000000   13
348.00000000000000000000   14
348.10000000000000000000   12
348.20000000000000000000   17
348.30000000000000000000   16
348.40000000000000000000   24
348.50000000000000000000   20
348.60000000000000000000   21
348.70000000000000000000   20
348.80000000000000000000   19
348.90000000000000000000   20
349.00000000000000000000   21
349.10000000000000000000   21
349.20000000000000000000   18
349.30000000000000000000   18
349.40000000000000000000   16
349.50000000000000000000   18
349.60000000000000000000   17
349.70000000000000000000   19
349.80000000000000000000   23
349.90000000000000000000   21
350.00000000000000000000   22
350.10000000000000000000   19
350.20000000000000000000   22
350.30000000000000000000   21
350.40000000000000000000   21
350.50000000000000000000   21
350.60000000000000000000   18
350.70000000000000000000   19
350.80000000000000000000   21
350.90000000000000000000   20
351.00000000000000000000   24
351.10000000000000000000   22
351.20000000000000000000   23
351.30000000000000000000   23
351.40000000000000000000   23
351.50000000000000000000   17
351.60000000000000000000   23
351.70000000000000000000   23
351.80000000000000000000   19
351.90000000000000000000   21
352.00000000000000000000   16
352.10000000000000000000   16
352.20000000000000000000   16
352.30000000000000000000   14
352.40000000000000000000   11
352.50000000000000000000   14
352.60000000000000000000   14
352.70000000000000000000   15
352.80000000000000000000   15
352.90000000000000000000   16
353.00000000000000000000   14
353.10000000000000000000   15
353.20000000000000000000   19
353.30000000000000000000   18
353.40000000000000000000   15
353.50000000000000000000   15
353.60000000000000000000   19
353.70000000000000000000   16
353.80000000000000000000   15
353.90000000000000000000   14
354.00000000000000000000   17
354.10000000000000000000   12
354.20000000000000000000   16
354.30000000000000000000   16
354.40000000000000000000   18
354.50000000000000000000   15
354.60000000000000000000   15
354.70000000000000000000   16
354.80000000000000000000   15
354.90000000000000000000   16
355.00000000000000000000   16
355.10000000000000000000   20
355.20000000000000000000   14
355.30000000000000000000   14
355.40000000000000000000   16
355.50000000000000000000   12
355.60000000000000000000   12
355.70000000000000000000   18
355.80000000000000000000   16
355.90000000000000000000   15
356.00000000000000000000   12
356.10000000000000000000   14
356.20000000000000000000   14
356.30000000000000000000   13
356.40000000000000000000   14
356.50000000000000000000   12
356.60000000000000000000   13
356.70000000000000000000   14
356.80000000000000000000   13
356.90000000000000000000   15
357.00000000000000000000   17
357.10000000000000000000   12
357.20000000000000000000   13
357.30000000000000000000   14
357.40000000000000000000   15
357.50000000000000000000   13
357.60000000000000000000   13
357.70000000000000000000   16
357.80000000000000000000   17
357.90000000000000000000   14
358.00000000000000000000   15
358.10000000000000000000   16
358.20000000000000000000   14
358.30000000000000000000   16
358.40000000000000000000   16
358.50000000000000000000   18
358.60000000000000000000   11
358.70000000000000000000   15
358.80000000000000000000   11
358.90000000000000000000   14
359.00000000000000000000   19
359.10000000000000000000   18
359.20000000000000000000   20
359.30000000000000000000   20
359.40000000000000000000   18
359.50000000000000000000   16
359.60000000000000000000   13
359.70000000000000000000   11
359.80000000000000000000   14
359.90000000000000000000   14
360.00000000000000000000   15
360.10000000000000000000   14
360.20000000000000000000   12
360.30000000000000000000   12
360.40000000000000000000   17
360.50000000000000000000   14
360.60000000000000000000   17
360.70000000000000000000   15
360.80000000000000000000   17
360.90000000000000000000   15
361.00000000000000000000   16
361.10000000000000000000   15
361.20000000000000000000   16
361.30000000000000000000   15
361.40000000000000000000   18
361.50000000000000000000   20
361.60000000000000000000   20
361.70000000000000000000   17
361.80000000000000000000   10
361.90000000000000000000   11
362.00000000000000000000   7
362.10000000000000000000   11
362.20000000000000000000   11
362.30000000000000000000   11
362.40000000000000000000   12
362.50000000000000000000   14
362.60000000000000000000   12
362.70000000000000000000   16
362.80000000000000000000   14
362.90000000000000000000   16
363.00000000000000000000   15
363.10000000000000000000   17
363.20000000000000000000   15
363.30000000000000000000   9
363.40000000000000000000   10
363.50000000000000000000   6
363.60000000000000000000   8
363.70000000000000000000   12
363.80000000000000000000   13
363.90000000000000000000   10
364.00000000000000000000   10
364.10000000000000000000   14
364.20000000000000000000   13
364.30000000000000000000   8
364.40000000000000000000   9
364.50000000000000000000   9
364.60000000000000000000   8
364.70000000000000000000   8
364.80000000000000000000   7
364.90000000000000000000   13
365.00000000000000000000   5
365.10000000000000000000   6
365.20000000000000000000   5
365.30000000000000000000   7
365.40000000000000000000   6
365.50000000000000000000   7
365.60000000000000000000   8
365.70000000000000000000   7
365.80000000000000000000   8
365.90000000000000000000   10
366.00000000000000000000   8
366.10000000000000000000   9
366.20000000000000000000   12
366.30000000000000000000   11
366.40000000000000000000   11
366.50000000000000000000   12
366.60000000000000000000   10
366.70000000000000000000   11
366.80000000000000000000   14
366.90000000000000000000   9
367.00000000000000000000   9
367.10000000000000000000   9
367.20000000000000000000   8
367.30000000000000000000   5
367.40000000000000000000   9
367.50000000000000000000   9
367.60000000000000000000   8
367.70000000000000000000   4
367.80000000000000000000   9
367.90000000000000000000   5
368.00000000000000000000   3
368.10000000000000000000   10
368.20000000000000000000   8
368.30000000000000000000   9
368.40000000000000000000   10
368.50000000000000000000   8
368.60000000000000000000   11
368.70000000000000000000   9
368.80000000000000000000   7
368.90000000000000000000   14
369.00000000000000000000   13
369.10000000000000000000   13
369.20000000000000000000   8
369.30000000000000000000   11
369.40000000000000000000   10
369.50000000000000000000   14
369.60000000000000000000   13
369.70000000000000000000   12
369.80000000000000000000   13
369.90000000000000000000   10
370.00000000000000000000   8
370.10000000000000000000   7
370.20000000000000000000   8
370.30000000000000000000   8
370.40000000000000000000   6
370.50000000000000000000   11
370.60000000000000000000   12
370.70000000000000000000   11
370.80000000000000000000   7
370.90000000000000000000   9
371.00000000000000000000   7
371.10000000000000000000   9
371.20000000000000000000   5
371.30000000000000000000   5
371.40000000000000000000   7
371.50000000000000000000   8
371.60000000000000000000   6
371.70000000000000000000   8
371.80000000000000000000   5
371.90000000000000000000   4
372.00000000000000000000   4
372.10000000000000000000   7
372.20000000000000000000   6
372.30000000000000000000   7
372.40000000000000000000   9
372.50000000000000000000   8
372.60000000000000000000   8
372.70000000000000000000   7
372.80000000000000000000   8
372.90000000000000000000   6
373.00000000000000000000   11
373.10000000000000000000   6
373.20000000000000000000   7
373.30000000000000000000   8
373.40000000000000000000   8
373.50000000000000000000   8
373.60000000000000000000   7
373.70000000000000000000   7
373.80000000000000000000   5
373.90000000000000000000   13
374.00000000000000000000   12
374.10000000000000000000   8
374.20000000000000000000   7
374.30000000000000000000   5
374.40000000000000000000   11
374.50000000000000000000   11
374.60000000000000000000   11
374.70000000000000000000   12
374.80000000000000000000   10
374.90000000000000000000   14
375.00000000000000000000   11
375.10000000000000000000   12
375.20000000000000000000   8
375.30000000000000000000   8
375.40000000000000000000   7
375.50000000000000000000   11
375.60000000000000000000   9
375.70000000000000000000   8
375.80000000000000000000   5
375.90000000000000000000   6
376.00000000000000000000   6
376.10000000000000000000   4
376.20000000000000000000   6
376.30000000000000000000   9
376.40000000000000000000   5
376.50000000000000000000   4
376.60000000000000000000   7
376.70000000000000000000   6
376.80000000000000000000   3
376.90000000000000000000   4
377.00000000000000000000   6
377.10000000000000000000   7
377.20000000000000000000   7
377.30000000000000000000   8
377.40000000000000000000   8
377.50000000000000000000   7
377.60000000000000000000   7
377.70000000000000000000   8
377.80000000000000000000   7
377.90000000000000000000   6
378.00000000000000000000   8
378.10000000000000000000   8
378.20000000000000000000   7
378.30000000000000000000   7
378.40000000000000000000   8
378.50000000000000000000   9
378.60000000000000000000   8
378.70000000000000000000   7
378.80000000000000000000   11
378.90000000000000000000   12
379.00000000000000000000   10
379.10000000000000000000   7
379.20000000000000000000   7
379.30000000000000000000   7
379.40000000000000000000   8
379.50000000000000000000   12
379.60000000000000000000   14
379.70000000000000000000   12
379.80000000000000000000   14
379.90000000000000000000   10
380.00000000000000000000   9
380.10000000000000000000   11
380.20000000000000000000   11
380.30000000000000000000   10
380.40000000000000000000   11
380.50000000000000000000   11
380.60000000000000000000   9
380.70000000000000000000   7
380.80000000000000000000   11
380.90000000000000000000   11
381.00000000000000000000   9
381.10000000000000000000   8
381.20000000000000000000   9
381.30000000000000000000   8
381.40000000000000000000   6
381.50000000000000000000   1
381.60000000000000000000   5
381.70000000000000000000   5
381.80000000000000000000   5
381.90000000000000000000   5
382.00000000000000000000   4
382.10000000000000000000   7
382.20000000000000000000   3
382.30000000000000000000   1
382.40000000000000000000   3
382.50000000000000000000   7
382.60000000000000000000   4
382.70000000000000000000   6
382.80000000000000000000   5
382.90000000000000000000   4
383.00000000000000000000   5
383.10000000000000000000   5
383.20000000000000000000   6
383.30000000000000000000   6
383.40000000000000000000   9
383.50000000000000000000   8
383.60000000000000000000   7
383.70000000000000000000   7
383.80000000000000000000   7
383.90000000000000000000   6
384.00000000000000000000   10
384.10000000000000000000   10
384.20000000000000000000   6
384.30000000000000000000   7
384.40000000000000000000   7
384.50000000000000000000   6
384.60000000000000000000   4
384.70000000000000000000   4
384.80000000000000000000   5
384.90000000000000000000   4
385.00000000000000000000   4
385.10000000000000000000   5
385.20000000000000000000   3
385.30000000000000000000   3
385.40000000000000000000   3
385.50000000000000000000   3
385.60000000000000000000   6
385.70000000000000000000   7
385.80000000000000000000   8
385.90000000000000000000   7
386.00000000000000000000   9
386.10000000000000000000   5
386.20000000000000000000   10
386.30000000000000000000   8
386.40000000000000000000   10
386.50000000000000000000   13
386.60000000000000000000   9
386.70000000000000000000   4
386.80000000000000000000   7
386.90000000000000000000   7
387.00000000000000000000   10
387.10000000000000000000   9
387.20000000000000000000   9
387.30000000000000000000   5
387.40000000000000000000   4
387.50000000000000000000   5
387.60000000000000000000   11
387.70000000000000000000   6
387.80000000000000000000   5
387.90000000000000000000   10
388.00000000000000000000   9
388.10000000000000000000   10
388.20000000000000000000   6
388.30000000000000000000   9
388.40000000000000000000   5
388.50000000000000000000   4
388.60000000000000000000   5
388.70000000000000000000   7
388.80000000000000000000   7
388.90000000000000000000   6
389.00000000000000000000   7
389.10000000000000000000   7
389.20000000000000000000   10
389.30000000000000000000   9
389.40000000000000000000   5
389.50000000000000000000   9
389.60000000000000000000   6
389.70000000000000000000   5
389.80000000000000000000   5
389.90000000000000000000   6
390.00000000000000000000   3
390.10000000000000000000   3
390.20000000000000000000   5
390.30000000000000000000   3
390.40000000000000000000   8
390.50000000000000000000   5
390.60000000000000000000   1
390.70000000000000000000   1
390.80000000000000000000   2
390.90000000000000000000   3
391.00000000000000000000   4
391.10000000000000000000   2
391.20000000000000000000   4
391.30000000000000000000   9
391.40000000000000000000   8
391.50000000000000000000   8
391.60000000000000000000   3
391.70000000000000000000   4
391.80000000000000000000   2
391.90000000000000000000   4
392.00000000000000000000   3
392.10000000000000000000   2
392.20000000000000000000   5
392.30000000000000000000   8
392.40000000000000000000   11
392.50000000000000000000   11
392.60000000000000000000   14
392.70000000000000000000   10
392.80000000000000000000   7
392.90000000000000000000   11
393.00000000000000000000   7
393.10000000000000000000   6
393.20000000000000000000   10
393.30000000000000000000   9
393.40000000000000000000   7
393.50000000000000000000   9
393.60000000000000000000   10
393.70000000000000000000   10
393.80000000000000000000   7
393.90000000000000000000   8
394.00000000000000000000   7
394.10000000000000000000   6
394.20000000000000000000   4
394.30000000000000000000   6
394.40000000000000000000   10
394.50000000000000000000   9
394.60000000000000000000   7
394.70000000000000000000   7
394.80000000000000000000   6
394.90000000000000000000   7
395.00000000000000000000   10
395.10000000000000000000   5
395.20000000000000000000   8
395.30000000000000000000   9
395.40000000000000000000   8
395.50000000000000000000   8
395.60000000000000000000   5
395.70000000000000000000   9
395.80000000000000000000   10
395.90000000000000000000   6
396.00000000000000000000   4
396.10000000000000000000   6
396.20000000000000000000   8
396.30000000000000000000   11
396.40000000000000000000   11
396.50000000000000000000   13
396.60000000000000000000   10
396.70000000000000000000   8
396.80000000000000000000   10
396.90000000000000000000   13
397.00000000000000000000   12
397.10000000000000000000   12
397.20000000000000000000   14
397.30000000000000000000   8
397.40000000000000000000   12
397.50000000000000000000   10
397.60000000000000000000   15
397.70000000000000000000   8
397.80000000000000000000   12
397.90000000000000000000   11
398.00000000000000000000   12
398.10000000000000000000   11
398.20000000000000000000   6
398.30000000000000000000   11
398.40000000000000000000   12
398.50000000000000000000   9
398.60000000000000000000   9
398.70000000000000000000   9
398.80000000000000000000   10
398.90000000000000000000   10
399.00000000000000000000   10
399.10000000000000000000   10
399.20000000000000000000   10
399.30000000000000000000   10
399.40000000000000000000   10
399.50000000000000000000   10
399.60000000000000000000   10
399.70000000000000000000   10
