200.00000000000000000000   30
200.10000000000000000000   32
200.20000000000000000000   32
200.30000000000000000000   28
200.40000000000000000000   32
200.50000000000000000000   28
200.60000000000000000000   32
200.70000000000000000000   33
200.80000000000000000000   31
200.90000000000000000000   31
201.00000000000000000000   30
201.10000000000000000000   29
201.20000000000000000000   32
201.30000000000000000000   31
201.40000000000000000000   32
201.50000000000000000000   31
201.60000000000000000000   35
201.70000000000000000000   34
201.80000000000000000000   32
201.90000000000000000000   32
202.00000000000000000000   35
202.10000000000000000000   33
202.20000000000000000000   36
202.30000000000000000000   39
202.40000000000000000000   28
202.50000000000000000000   31
202.60000000000000000000   31
202.70000000000000000000   31
202.80000000000000000000   34
202.90000000000000000000   30
203.00000000000000000000   33
203.10000000000000000000   36
203.20000000000000000000   33
203.30000000000000000000   34
203.40000000000000000000   27
203.50000000000000000000   32
203.60000000000000000000   30
203.70000000000000000000   30
203.80000000000000000000   29
203.90000000000000000000   34
204.00000000000000000000   31
204.10000000000000000000   32
204.20000000000000000000   34
204.30000000000000000000   29
204.40000000000000000000   29
204.50000000000000000000   30
204.60000000000000000000   28
204.70000000000000000000   33
204.80000000000000000000   33
204.90000000000000000000   29
205.00000000000000000000   36
205.10000000000000000000   37
205.20000000000000000000   35
205.30000000000000000000   32
205.40000000000000000000   33
205.50000000000000000000   31
205.60000000000000000000   34
205.70000000000000000000   29
205.80000000000000000000   33
205.90000000000000000000   34
206.00000000000000000000   40
206.10000000000000000000   34
206.20000000000000000000   36
206.30000000000000000000   33
206.40000000000000000000   30
206.50000000000000000000   33
206.60000000000000000000   36
206.70000000000000000000   32
206.80000000000000000000   33
206.90000000000000000000   33
207.00000000000000000000   34
207.10000000000000000000   33
207.20000000000000000000   32
207.30000000000000000000   33
207.40000000000000000000   34
207.50000000000000000000   31
207.60000000000000000000   38
207.70000000000000000000   33
207.80000000000000000000   34
207.90000000000000000000   31
208.00000000000000000000   30
208.10000000000000000000   31
208.20000000000000000000   28
208.30000000000000000000   36
208.40000000000000000000   30
208.50000000000000000000   30
208.60000000000000000000   33
208.70000000000000000000   33
208.80000000000000000000   29
208.90000000000000000000   32
209.00000000000000000000   29
209.10000000000000000000   30
209.20000000000000000000   30
209.30000000000000000000   29
209.40000000000000000000   28
209.50000000000000000000   25
209.60000000000000000000   36
209.70000000000000000000   34
209.80000000000000000000   27
209.90000000000000000000   32
210.00000000000000000000   33
210.10000000000000000000   34
210.20000000000000000000   31
210.30000000000000000000   31
210.40000000000000000000   34
210.50000000000000000000   34
210.60000000000000000000   32
210.70000000000000000000   31
210.80000000000000000000   38
210.90000000000000000000   37
211.00000000000000000000   34
211.10000000000000000000   34
211.20000000000000000000   34
211.30000000000000000000   35
211.40000000000000000000   34
211.50000000000000000000   36
211.60000000000000000000   36
211.70000000000000000000   35
211.80000000000000000000   34
211.90000000000000000000   31
212.00000000000000000000   32
212.10000000000000000000   32
212.20000000000000000000   31
212.30000000000000000000   33
212.40000000000000000000   31
212.50000000000000000000   31
212.60000000000000000000   33
212.70000000000000000000   32
212.80000000000000000000   33
212.90000000000000000000   33
213.00000000000000000000   36
213.10000000000000000000   32
213.20000000000000000000   33
213.30000000000000000000   33
213.40000000000000000000   33
213.50000000000000000000   33
213.60000000000000000000   32
213.70000000000000000000   33
213.80000000000000000000   31
213.90000000000000000000   32
214.00000000000000000000   29
214.10000000000000000000   33
214.20000000000000000000   31
214.30000000000000000000   34
214.40000000000000000000   29
214.50000000000000000000   32
214.60000000000000000000   34
214.70000000000000000000   33
214.80000000000000000000   31
214.90000000000000000000   32
215.00000000000000000000   32
215.10000000000000000000   31
215.20000000000000000000   32
215.30000000000000000000   33
215.40000000000000000000   31
215.50000000000000000000   31
215.60000000000000000000   32
215.70000000000000000000   29
215.80000000000000000000   33
215.90000000000000000000   33
216.00000000000000000000   29
216.10000000000000000000   29
216.20000000000000000000   31
216.30000000000000000000   31
216.40000000000000000000   32
216.50000000000000000000   28
216.60000000000000000000   31
216.70000000000000000000   29
216.80000000000000000000   32
216.90000000000000000000   30
217.00000000000000000000   32
217.10000000000000000000   32
217.20000000000000000000   34
217.30000000000000000000   32
217.40000000000000000000   30
217.50000000000000000000   30
217.60000000000000000000   32
217.70000000000000000000   32
217.80000000000000000000   30
217.90000000000000000000   33
218.00000000000000000000   35
218.10000000000000000000   31
218.20000000000000000000   29
218.30000000000000000000   26
218.40000000000000000000   32
218.50000000000000000000   36
218.60000000000000000000   32
218.70000000000000000000   33
218.80000000000000000000   36
218.90000000000000000000   35
219.00000000000000000000   36
219.10000000000000000000   36
219.20000000000000000000   37
219.30000000000000000000   30
219.40000000000000000000   29
219.50000000000000000000   30
219.60000000000000000000   27
219.70000000000000000000   27
219.80000000000000000000   30
219.90000000000000000000   30
220.00000000000000000000   29
220.10000000000000000000   28
220.20000000000000000000   33
220.30000000000000000000   33
220.40000000000000000000   31
220.50000000000000000000   35
220.60000000000000000000   34
220.70000000000000000000   31
220.80000000000000000000   32
220.90000000000000000000   35
221.00000000000000000000   30
221.10000000000000000000   29
221.20000000000000000000   36
221.30000000000000000000   35
221.40000000000000000000   37
221.50000000000000000000   33
221.60000000000000000000   36
221.70000000000000000000   35
221.80000000000000000000   37
221.90000000000000000000   33
222.00000000000000000000   33
222.10000000000000000000   33
222.20000000000000000000   36
222.30000000000000000000   33
222.40000000000000000000   33
222.50000000000000000000   33
222.60000000000000000000   34
222.70000000000000000000   32
222.80000000000000000000   32
222.90000000000000000000   31
223.00000000000000000000   33
223.10000000000000000000   31
223.20000000000000000000   33
223.30000000000000000000   33
223.40000000000000000000   31
223.50000000000000000000   34
223.60000000000000000000   31
223.70000000000000000000   36
223.80000000000000000000   29
223.90000000000000000000   34
224.00000000000000000000   33
224.10000000000000000000   33
224.20000000000000000000   31
224.30000000000000000000   33
224.40000000000000000000   36
224.50000000000000000000   30
224.60000000000000000000   32
224.70000000000000000000   34
224.80000000000000000000   33
224.90000000000000000000   35
225.00000000000000000000   34
225.10000000000000000000   29
225.20000000000000000000   32
225.30000000000000000000   30
225.40000000000000000000   33
225.50000000000000000000   31
225.60000000000000000000   32
225.70000000000000000000   33
225.80000000000000000000   37
225.90000000000000000000   34
226.00000000000000000000   32
226.10000000000000000000   32
226.20000000000000000000   35
226.30000000000000000000   37
226.40000000000000000000   34
226.50000000000000000000   35
226.60000000000000000000   33
226.70000000000000000000   33
226.80000000000000000000   37
226.90000000000000000000   38
227.00000000000000000000   32
227.10000000000000000000   37
227.20000000000000000000   33
227.30000000000000000000   38
227.40000000000000000000   33
227.50000000000000000000   33
227.60000000000000000000   33
227.70000000000000000000   34
227.80000000000000000000   33
227.90000000000000000000   36
228.00000000000000000000   33
228.10000000000000000000   32
228.20000000000000000000   34
228.30000000000000000000   33
228.40000000000000000000   35
228.50000000000000000000   34
228.60000000000000000000   34
228.70000000000000000000   33
228.80000000000000000000   32
228.90000000000000000000   32
229.00000000000000000000   33
229.10000000000000000000   29
229.20000000000000000000   33
229.30000000000000000000   35
229.40000000000000000000   36
229.50000000000000000000   31
229.60000000000000000000   34
229.70000000000000000000   32
229.80000000000000000000   34
229.90000000000000000000   38
230.00000000000000000000   35
230.10000000000000000000   34
230.20000000000000000000   32
230.30000000000000000000   32
230.40000000000000000000   31
230.50000000000000000000   31
230.60000000000000000000   34
230.70000000000000000000   35
230.80000000000000000000   33
230.90000000000000000000   33
231.00000000000000000000   27
231.10000000000000000000   31
231.20000000000000000000   34
231.30000000000000000000   36
231.40000000000000000000   32
231.50000000000000000000   36
231.60000000000000000000   33
231.70000000000000000000   32
231.80000000000000000000   35
231.90000000000000000000   31
232.00000000000000000000   33
232.10000000000000000000   30
232.20000000000000000000   33
232.30000000000000000000   31
232.40000000000000000000   35
232.50000000000000000000   33
232.60000000000000000000   31
232.70000000000000000000   28
232.80000000000000000000   29
232.90000000000000000000   32
233.00000000000000000000   32
233.10000000000000000000   33
233.20000000000000000000   34
233.30000000000000000000   33
233.40000000000000000000   35
233.50000000000000000000   34
233.60000000000000000000   29
233.70000000000000000000   33
233.80000000000000000000   35
233.90000000000000000000   32
234.00000000000000000000   33
234.10000000000000000000   31
234.20000000000000000000   32
234.30000000000000000000   32
234.40000000000000000000   34
234.50000000000000000000   32
234.60000000000000000000   33
234.70000000000000000000   30
234.80000000000000000000   31
234.90000000000000000000   36
235.00000000000000000000   35
235.10000000000000000000   32
235.20000000000000000000   31
235.30000000000000000000   31
235.40000000000000000000   32
235.50000000000000000000   33
235.60000000000000000000   33
235.70000000000000000000   34
235.80000000000000000000   35
235.90000000000000000000   32
236.00000000000000000000   34
236.10000000000000000000   33
236.20000000000000000000   34
236.30000000000000000000   32
236.40000000000000000000   31
236.50000000000000000000   35
236.60000000000000000000   32
236.70000000000000000000   32
236.80000000000000000000   32
236.90000000000000000000   29
237.00000000000000000000   31
237.10000000000000000000   31
237.20000000000000000000   34
237.30000000000000000000   32
237.40000000000000000000   30
237.50000000000000000000   31
237.60000000000000000000   30
237.70000000000000000000   33
237.80000000000000000000   34
237.90000000000000000000   33
238.00000000000000000000   30
238.10000000000000000000   36
238.20000000000000000000   32
238.30000000000000000000   35
238.40000000000000000000   31
238.50000000000000000000   33
238.60000000000000000000   32
238.70000000000000000000   32
238.80000000000000000000   34
238.90000000000000000000   31
239.00000000000000000000   30
239.10000000000000000000   30
239.20000000000000000000   35
239.30000000000000000000   33
239.40000000000000000000   35
239.50000000000000000000   34
239.60000000000000000000   34
239.70000000000000000000   33
239.80000000000000000000   35
239.90000000000000000000   33
240.00000000000000000000   32
240.10000000000000000000   33
240.20000000000000000000   35
240.30000000000000000000   32
240.40000000000000000000   36
240.50000000000000000000   36
240.60000000000000000000   38
240.70000000000000000000   34
240.80000000000000000000   32
240.90000000000000000000   37
241.00000000000000000000   33
241.10000000000000000000   34
241.20000000000000000000   33
241.30000000000000000000   34
241.40000000000000000000   34
241.50000000000000000000   32
241.60000000000000000000   33
241.70000000000000000000   32
241.80000000000000000000   32
241.90000000000000000000   32
242.00000000000000000000   35
242.10000000000000000000   34
242.20000000000000000000   32
242.30000000000000000000   32
242.40000000000000000000   34
242.50000000000000000000   34
242.60000000000000000000   34
242.70000000000000000000   35
242.80000000000000000000   33
242.90000000000000000000   33
243.00000000000000000000   37
243.10000000000000000000   32
243.20000000000000000000   32
243.30000000000000000000   36
243.40000000000000000000   31
243.50000000000000000000   30
243.60000000000000000000   33
243.70000000000000000000   31
243.80000000000000000000   34
243.90000000000000000000   35
244.00000000000000000000   36
244.10000000000000000000   35
244.20000000000000000000   31
244.30000000000000000000   33
244.40000000000000000000   32
244.50000000000000000000   33
244.60000000000000000000   36
244.70000000000000000000   31
244.80000000000000000000   37
244.90000000000000000000   31
245.00000000000000000000   32
245.10000000000000000000   33
245.20000000000000000000   31
245.30000000000000000000   34
245.40000000000000000000   36
245.50000000000000000000   36
245.60000000000000000000   32
245.70000000000000000000   34
245.80000000000000000000   34
245.90000000000000000000   34
246.00000000000000000000   33
246.10000000000000000000   31
246.20000000000000000000   33
246.30000000000000000000   38
246.40000000000000000000   32
246.50000000000000000000   38
246.60000000000000000000   33
246.70000000000000000000   35
246.80000000000000000000   34
246.90000000000000000000   29
247.00000000000000000000   34
247.10000000000000000000   32
247.20000000000000000000   37
247.30000000000000000000   34
247.40000000000000000000   34
247.50000000000000000000   34
247.60000000000000000000   34
247.70000000000000000000   34
247.80000000000000000000   32
247.90000000000000000000   33
248.00000000000000000000   37
248.10000000000000000000   34
248.20000000000000000000   32
248.30000000000000000000   33
248.40000000000000000000   35
248.50000000000000000000   31
248.60000000000000000000   34
248.70000000000000000000   35
248.80000000000000000000   32
248.90000000000000000000   34
249.00000000000000000000   35
249.10000000000000000000   33
249.20000000000000000000   34
249.30000000000000000000   33
249.40000000000000000000   32
249.50000000000000000000   36
249.60000000000000000000   35
249.70000000000000000000   34
249.80000000000000000000   33
249.90000000000000000000   32
250.00000000000000000000   35
250.10000000000000000000   30
250.20000000000000000000   34
250.30000000000000000000   36
250.40000000000000000000   31
250.50000000000000000000   37
250.60000000000000000000   35
250.70000000000000000000   31
250.80000000000000000000   30
250.90000000000000000000   36
251.00000000000000000000   30
251.10000000000000000000   34
251.20000000000000000000   37
251.30000000000000000000   36
251.40000000000000000000   34
251.50000000000000000000   35
251.60000000000000000000   31
251.70000000000000000000   34
251.80000000000000000000   34
251.90000000000000000000   32
252.00000000000000000000   33
252.10000000000000000000   32
252.20000000000000000000   34
252.30000000000000000000   32
252.40000000000000000000   32
252.50000000000000000000   35
252.60000000000000000000   33
252.70000000000000000000   38
252.80000000000000000000   31
252.90000000000000000000   35
253.00000000000000000000   31
253.10000000000000000000   34
253.20000000000000000000   33
253.30000000000000000000   35
253.40000000000000000000   38
253.50000000000000000000   35
253.60000000000000000000   33
253.70000000000000000000   33
253.80000000000000000000   32
253.90000000000000000000   36
254.00000000000000000000   33
254.10000000000000000000   38
254.20000000000000000000   35
254.30000000000000000000   33
254.40000000000000000000   33
254.50000000000000000000   34
254.60000000000000000000   38
254.70000000000000000000   36
254.80000000000000000000   37
254.90000000000000000000   31
255.00000000000000000000   38
255.10000000000000000000   34
255.20000000000000000000   29
255.30000000000000000000   34
255.40000000000000000000   38
255.50000000000000000000   35
255.60000000000000000000   32
255.70000000000000000000   38
255.80000000000000000000   37
255.90000000000000000000   33
256.00000000000000000000   35
256.10000000000000000000   31
256.20000000000000000000   34
256.30000000000000000000   34
256.40000000000000000000   35
256.50000000000000000000   33
256.60000000000000000000   35
256.70000000000000000000   33
256.80000000000000000000   31
256.90000000000000000000   33
257.00000000000000000000   33
257.10000000000000000000   34
257.20000000000000000000   33
257.30000000000000000000   31
257.40000000000000000000   32
257.50000000000000000000   31
257.60000000000000000000   31
257.70000000000000000000   35
257.80000000000000000000   31
257.90000000000000000000   33
258.00000000000000000000   32
258.10000000000000000000   36
258.20000000000000000000   31
258.30000000000000000000   34
258.40000000000000000000   35
258.50000000000000000000   32
258.60000000000000000000   30
258.70000000000000000000   34
258.80000000000000000000   36
258.90000000000000000000   33
259.00000000000000000000   32
259.10000000000000000000   36
259.20000000000000000000   33
259.30000000000000000000   33
259.40000000000000000000   30
259.50000000000000000000   32
259.60000000000000000000   37
259.70000000000000000000   33
259.80000000000000000000   31
259.90000000000000000000   33
260.00000000000000000000   35
260.10000000000000000000   34
260.20000000000000000000   32
260.30000000000000000000   34
260.40000000000000000000   34
260.50000000000000000000   34
260.60000000000000000000   35
260.70000000000000000000   33
260.80000000000000000000   35
260.90000000000000000000   35
261.00000000000000000000   33
261.10000000000000000000   34
261.20000000000000000000   30
261.30000000000000000000   31
261.40000000000000000000   36
261.50000000000000000000   34
261.60000000000000000000   29
261.70000000000000000000   34
261.80000000000000000000   32
261.90000000000000000000   32
262.00000000000000000000   31
262.10000000000000000000   29
262.20000000000000000000   31
262.30000000000000000000   35
262.40000000000000000000   35
262.50000000000000000000   33
262.60000000000000000000   33
262.70000000000000000000   35
262.80000000000000000000   34
262.90000000000000000000   31
263.00000000000000000000   29
263.10000000000000000000   35
263.20000000000000000000   34
263.30000000000000000000   37
263.40000000000000000000   36
263.50000000000000000000   35
263.60000000000000000000   38
263.70000000000000000000   37
263.80000000000000000000   33
263.90000000000000000000   31
264.00000000000000000000   35
264.10000000000000000000   33
264.20000000000000000000   37
264.30000000000000000000   34
264.40000000000000000000   33
264.50000000000000000000   29
264.60000000000000000000   28
264.70000000000000000000   35
264.80000000000000000000   34
264.90000000000000000000   35
265.00000000000000000000   33
265.10000000000000000000   37
265.20000000000000000000   34
265.30000000000000000000   36
265.40000000000000000000   36
265.50000000000000000000   34
265.60000000000000000000   41
265.70000000000000000000   34
265.80000000000000000000   32
265.90000000000000000000   36
266.00000000000000000000   37
266.10000000000000000000   33
266.20000000000000000000   29
266.30000000000000000000   39
266.40000000000000000000   30
266.50000000000000000000   35
266.60000000000000000000   36
266.70000000000000000000   34
266.80000000000000000000   34
266.90000000000000000000   34
267.00000000000000000000   35
267.10000000000000000000   37
267.20000000000000000000   37
267.30000000000000000000   37
267.40000000000000000000   38
267.50000000000000000000   29
267.60000000000000000000   36
267.70000000000000000000   34
267.80000000000000000000   30
267.90000000000000000000   27
268.00000000000000000000   31
268.10000000000000000000   28
268.20000000000000000000   31
268.30000000000000000000   30
268.40000000000000000000   31
268.50000000000000000000   30
268.60000000000000000000   31
268.70000000000000000000   28
268.80000000000000000000   33
268.90000000000000000000   30
269.00000000000000000000   35
269.10000000000000000000   31
269.20000000000000000000   34
269.30000000000000000000   31
269.40000000000000000000   31
269.50000000000000000000   29
269.60000000000000000000   30
269.70000000000000000000   29
269.80000000000000000000   28
269.90000000000000000000   34
270.00000000000000000000   30
270.10000000000000000000   28
270.20000000000000000000   32
270.30000000000000000000   33
270.40000000000000000000   34
270.50000000000000000000   32
270.60000000000000000000   33
270.70000000000000000000   33
270.80000000000000000000   33
270.90000000000000000000   28
271.00000000000000000000   30
271.10000000000000000000   30
271.20000000000000000000   31
271.30000000000000000000   32
271.40000000000000000000   27
271.50000000000000000000   33
271.60000000000000000000   32
271.70000000000000000000   32
271.80000000000000000000   32
271.90000000000000000000   32
272.00000000000000000000   30
272.10000000000000000000   28
272.20000000000000000000   33
272.30000000000000000000   28
272.40000000000000000000   28
272.50000000000000000000   27
272.60000000000000000000   26
272.70000000000000000000   27
272.80000000000000000000   26
272.90000000000000000000   29
273.00000000000000000000   30
273.10000000000000000000   29
273.20000000000000000000   26
273.30000000000000000000   30
273.40000000000000000000   34
273.50000000000000000000   35
273.60000000000000000000   32
273.70000000000000000000   30
273.80000000000000000000   30
273.90000000000000000000   32
274.00000000000000000000   32
274.10000000000000000000   35
274.20000000000000000000   32
274.30000000000000000000   30
274.40000000000000000000   34
274.50000000000000000000   38
274.60000000000000000000   30
274.70000000000000000000   31
274.80000000000000000000   30
274.90000000000000000000   33
275.00000000000000000000   31
275.10000000000000000000   31
275.20000000000000000000   31
275.30000000000000000000   27
275.40000000000000000000   32
275.50000000000000000000   30
275.60000000000000000000   28
275.70000000000000000000   27
275.80000000000000000000   33
275.90000000000000000000   35
276.00000000000000000000   35
276.10000000000000000000   35
276.20000000000000000000   32
276.30000000000000000000   30
276.40000000000000000000   32
276.50000000000000000000   29
276.60000000000000000000   31
276.70000000000000000000   33
276.80000000000000000000   35
276.90000000000000000000   30
277.00000000000000000000   30
277.10000000000000000000   27
277.20000000000000000000   30
277.30000000000000000000   32
277.40000000000000000000   32
277.50000000000000000000   28
277.60000000000000000000   31
277.70000000000000000000   28
277.80000000000000000000   30
277.90000000000000000000   25
278.00000000000000000000   31
278.10000000000000000000   29
278.20000000000000000000   33
278.30000000000000000000   26
278.40000000000000000000   31
278.50000000000000000000   28
278.60000000000000000000   27
278.70000000000000000000   35
278.80000000000000000000   30
278.90000000000000000000   29
279.00000000000000000000   37
279.10000000000000000000   33
279.20000000000000000000   30
279.30000000000000000000   29
279.40000000000000000000   30
279.50000000000000000000   30
279.60000000000000000000   28
279.70000000000000000000   30
279.80000000000000000000   28
279.90000000000000000000   31
280.00000000000000000000   32
280.10000000000000000000   29
280.20000000000000000000   28
280.30000000000000000000   26
280.40000000000000000000   30
280.50000000000000000000   30
280.60000000000000000000   31
280.70000000000000000000   31
280.80000000000000000000   33
280.90000000000000000000   28
281.00000000000000000000   30
281.10000000000000000000   29
281.20000000000000000000   33
281.30000000000000000000   33
281.40000000000000000000   31
281.50000000000000000000   34
281.60000000000000000000   34
281.70000000000000000000   30
281.80000000000000000000   30
281.90000000000000000000   31
282.00000000000000000000   29
282.10000000000000000000   27
282.20000000000000000000   30
282.30000000000000000000   30
282.40000000000000000000   29
282.50000000000000000000   32
282.60000000000000000000   30
282.70000000000000000000   29
282.80000000000000000000   29
282.90000000000000000000   30
283.00000000000000000000   30
283.10000000000000000000   30
283.20000000000000000000   28
283.30000000000000000000   24
283.40000000000000000000   26
283.50000000000000000000   28
283.60000000000000000000   31
283.70000000000000000000   31
283.80000000000000000000   34
283.90000000000000000000   32
284.00000000000000000000   30
284.10000000000000000000   32
284.20000000000000000000   28
284.30000000000000000000   28
284.40000000000000000000   27
284.50000000000000000000   32
284.60000000000000000000   28
284.70000000000000000000   32
284.80000000000000000000   28
284.90000000000000000000   33
285.00000000000000000000   27
285.10000000000000000000   35
285.20000000000000000000   30
285.30000000000000000000   26
285.40000000000000000000   29
285.50000000000000000000   26
285.60000000000000000000   29
285.70000000000000000000   29
285.80000000000000000000   27
285.90000000000000000000   29
286.00000000000000000000   29
286.10000000000000000000   30
286.20000000000000000000   32
286.30000000000000000000   31
286.40000000000000000000   32
286.50000000000000000000   32
286.60000000000000000000   33
286.70000000000000000000   32
286.80000000000000000000   31
286.90000000000000000000   33
287.00000000000000000000   33
287.10000000000000000000   30
287.20000000000000000000   32
287.30000000000000000000   33
287.40000000000000000000   32
287.50000000000000000000   31
287.60000000000000000000   34
287.70000000000000000000   28
287.80000000000000000000   33
287.90000000000000000000   31
288.00000000000000000000   26
288.10000000000000000000   28
288.20000000000000000000   27
288.30000000000000000000   31
288.40000000000000000000   29
288.50000000000000000000   32
288.60000000000000000000   29
288.70000000000000000000   32
288.80000000000000000000   32
288.90000000000000000000   32
289.00000000000000000000   31
289.10000000000000000000   34
289.20000000000000000000   30
289.30000000000000000000   32
289.40000000000000000000   29
289.50000000000000000000   34
289.60000000000000000000   31
289.70000000000000000000   32
289.80000000000000000000   34
289.90000000000000000000   31
290.00000000000000000000   34
290.10000000000000000000   35
290.20000000000000000000   28
290.30000000000000000000   29
290.40000000000000000000   33
290.50000000000000000000   29
290.60000000000000000000   30
290.70000000000000000000   32
290.80000000000000000000   28
290.90000000000000000000   28
291.00000000000000000000   31
291.10000000000000000000   31
291.20000000000000000000   33
291.30000000000000000000   31
291.40000000000000000000   31
291.50000000000000000000   33
291.60000000000000000000   29
291.70000000000000000000   31
291.80000000000000000000   29
291.90000000000000000000   31
292.00000000000000000000   30
292.10000000000000000000   31
292.20000000000000000000   28
292.30000000000000000000   31
292.40000000000000000000   26
292.50000000000000000000   27
292.60000000000000000000   26
292.70000000000000000000   29
292.80000000000000000000   30
292.90000000000000000000   34
293.00000000000000000000   29
293.10000000000000000000   30
293.20000000000000000000   34
293.30000000000000000000   33
293.40000000000000000000   29
293.50000000000000000000   30
293.60000000000000000000   29
293.70000000000000000000   29
293.80000000000000000000   26
293.90000000000000000000   30
294.00000000000000000000   34
294.10000000000000000000   28
294.20000000000000000000   30
294.30000000000000000000   29
294.40000000000000000000   32
294.50000000000000000000   28
294.60000000000000000000   29
294.70000000000000000000   33
294.80000000000000000000   35
294.90000000000000000000   28
295.00000000000000000000   29
295.10000000000000000000   29
295.20000000000000000000   30
295.30000000000000000000   35
295.40000000000000000000   34
295.50000000000000000000   36
295.60000000000000000000   29
295.70000000000000000000   28
295.80000000000000000000   25
295.90000000000000000000   26
296.00000000000000000000   32
296.10000000000000000000   34
296.20000000000000000000   29
296.30000000000000000000   31
296.40000000000000000000   31
296.50000000000000000000   31
296.60000000000000000000   36
296.70000000000000000000   33
296.80000000000000000000   29
296.90000000000000000000   28
297.00000000000000000000   30
297.10000000000000000000   30
297.20000000000000000000   31
297.30000000000000000000   29
297.40000000000000000000   32
297.50000000000000000000   32
297.60000000000000000000   29
297.70000000000000000000   30
297.80000000000000000000   29
297.90000000000000000000   32
298.00000000000000000000   31
298.10000000000000000000   28
298.20000000000000000000   30
298.30000000000000000000   31
298.40000000000000000000   28
298.50000000000000000000   31
298.60000000000000000000   28
298.70000000000000000000   32
298.80000000000000000000   26
298.90000000000000000000   28
299.00000000000000000000   28
299.10000000000000000000   30
299.20000000000000000000   31
299.30000000000000000000   29
299.40000000000000000000   34
299.50000000000000000000   29
299.60000000000000000000   34
299.70000000000000000000   33
299.80000000000000000000   31
299.90000000000000000000   24
300.00000000000000000000   31
300.10000000000000000000   32
300.20000000000000000000   31
300.30000000000000000000   29
300.40000000000000000000   30
300.50000000000000000000   32
300.60000000000000000000   31
300.70000000000000000000   36
300.80000000000000000000   32
300.90000000000000000000   33
301.00000000000000000000   30
301.10000000000000000000   30
301.20000000000000000000   30
301.30000000000000000000   29
301.40000000000000000000   29
301.50000000000000000000   29
301.60000000000000000000   33
301.70000000000000000000   32
301.80000000000000000000   33
301.90000000000000000000   31
302.00000000000000000000   32
302.10000000000000000000   31
302.20000000000000000000   29
302.30000000000000000000   37
302.40000000000000000000   36
302.50000000000000000000   38
302.60000000000000000000   34
302.70000000000000000000   32
302.80000000000000000000   36
302.90000000000000000000   40
303.00000000000000000000   41
303.10000000000000000000   38
303.20000000000000000000   33
303.30000000000000000000   38
303.40000000000000000000   37
303.50000000000000000000   32
303.60000000000000000000   32
303.70000000000000000000   30
303.80000000000000000000   35
303.90000000000000000000   33
304.00000000000000000000   30
304.10000000000000000000   31
304.20000000000000000000   31
304.30000000000000000000   29
304.40000000000000000000   34
304.50000000000000000000   36
304.60000000000000000000   33
304.70000000000000000000   31
304.80000000000000000000   30
304.90000000000000000000   32
305.00000000000000000000   37
305.10000000000000000000   37
305.20000000000000000000   36
305.30000000000000000000   34
305.40000000000000000000   34
305.50000000000000000000   29
305.60000000000000000000   30
305.70000000000000000000   31
305.80000000000000000000   29
305.90000000000000000000   34
306.00000000000000000000   34
306.10000000000000000000   32
306.20000000000000000000   32
306.30000000000000000000   32
306.40000000000000000000   33
306.50000000000000000000   31
306.60000000000000000000   32
306.70000000000000000000   30
306.80000000000000000000   29
306.90000000000000000000   34
307.00000000000000000000   30
307.10000000000000000000   33
307.20000000000000000000   29
307.30000000000000000000   33
307.40000000000000000000   31
307.50000000000000000000   31
307.60000000000000000000   27
307.70000000000000000000   33
307.80000000000000000000   30
307.90000000000000000000   29
308.00000000000000000000   27
308.10000000000000000000   31
308.20000000000000000000   30
308.30000000000000000000   30
308.40000000000000000000   31
308.50000000000000000000   29
308.60000000000000000000   28
308.70000000000000000000   30
308.80000000000000000000   30
308.90000000000000000000   30
309.00000000000000000000   29
309.10000000000000000000   29
309.20000000000000000000   35
309.30000000000000000000   32
309.40000000000000000000   30
309.50000000000000000000   30
309.60000000000000000000   27
309.70000000000000000000   36
309.80000000000000000000   36
309.90000000000000000000   36
310.00000000000000000000   28
310.10000000000000000000   32
310.20000000000000000000   33
310.30000000000000000000   33
310.40000000000000000000   30
310.50000000000000000000   30
310.60000000000000000000   28
310.70000000000000000000   32
310.80000000000000000000   30
310.90000000000000000000   36
311.00000000000000000000   33
311.10000000000000000000   36
311.20000000000000000000   32
311.30000000000000000000   33
311.40000000000000000000   32
311.50000000000000000000   32
311.60000000000000000000   28
311.70000000000000000000   32
311.80000000000000000000   38
311.90000000000000000000   36
312.00000000000000000000   37
312.10000000000000000000   32
312.20000000000000000000   30
312.30000000000000000000   32
312.40000000000000000000   31
312.50000000000000000000   35
312.60000000000000000000   31
312.70000000000000000000   33
312.80000000000000000000   33
312.90000000000000000000   32
313.00000000000000000000   31
313.10000000000000000000   28
313.20000000000000000000   30
313.30000000000000000000   29
313.40000000000000000000   29
313.50000000000000000000   33
313.60000000000000000000   26
313.70000000000000000000   30
313.80000000000000000000   30
313.90000000000000000000   29
314.00000000000000000000   30
314.10000000000000000000   28
314.20000000000000000000   32
314.30000000000000000000   29
314.40000000000000000000   33
314.50000000000000000000   30
314.60000000000000000000   30
314.70000000000000000000   27
314.80000000000000000000   30
314.90000000000000000000   26
315.00000000000000000000   31
315.10000000000000000000   30
315.20000000000000000000   29
315.30000000000000000000   27
315.40000000000000000000   31
315.50000000000000000000   28
315.60000000000000000000   30
315.70000000000000000000   30
315.80000000000000000000   29
315.90000000000000000000   29
316.00000000000000000000   36
316.10000000000000000000   28
316.20000000000000000000   30
316.30000000000000000000   29
316.40000000000000000000   30
316.50000000000000000000   34
316.60000000000000000000   32
316.70000000000000000000   27
316.80000000000000000000   27
316.90000000000000000000   29
317.00000000000000000000   33
317.10000000000000000000   30
317.20000000000000000000   32
317.30000000000000000000   30
317.40000000000000000000   30
317.50000000000000000000   33
317.60000000000000000000   33
317.70000000000000000000   33
317.80000000000000000000   31
317.90000000000000000000   30
318.00000000000000000000   30
318.10000000000000000000   33
318.20000000000000000000   31
318.30000000000000000000   31
318.40000000000000000000   29
318.50000000000000000000   32
318.60000000000000000000   33
318.70000000000000000000   31
318.80000000000000000000   34
318.90000000000000000000   35
319.00000000000000000000   30
319.10000000000000000000   32
319.20000000000000000000   33
319.30000000000000000000   35
319.40000000000000000000   33
319.50000000000000000000   31
319.60000000000000000000   35
319.70000000000000000000   32
319.80000000000000000000   32
319.90000000000000000000   31
320.00000000000000000000   33
320.10000000000000000000   28
320.20000000000000000000   33
320.30000000000000000000   33
320.40000000000000000000   32
320.50000000000000000000   30
320.60000000000000000000   31
320.70000000000000000000   31
320.80000000000000000000   32
320.90000000000000000000   34
321.00000000000000000000   33
321.10000000000000000000   32
321.20000000000000000000   29
321.30000000000000000000   31
321.40000000000000000000   29
321.50000000000000000000   27
321.60000000000000000000   25
321.70000000000000000000   26
321.80000000000000000000   29
321.90000000000000000000   32
322.00000000000000000000   26
322.10000000000000000000   25
322.20000000000000000000   25
322.30000000000000000000   28
322.40000000000000000000   25
322.50000000000000000000   22
322.60000000000000000000   28
322.70000000000000000000   29
322.80000000000000000000   28
322.90000000000000000000   30
323.00000000000000000000   28
323.10000000000000000000   29
323.20000000000000000000   28
323.30000000000000000000   30
323.40000000000000000000   25
323.50000000000000000000   26
323.60000000000000000000   26
323.70000000000000000000   26
323.80000000000000000000   31
323.90000000000000000000   26
324.00000000000000000000   30
324.10000000000000000000   29
324.20000000000000000000   28
324.30000000000000000000   31
324.40000000000000000000   27
324.50000000000000000000   30
324.60000000000000000000   26
324.70000000000000000000   26
324.80000000000000000000   29
324.90000000000000000000   32
325.00000000000000000000   31
325.10000000000000000000   27
325.20000000000000000000   29
325.30000000000000000000   26
325.40000000000000000000   23
325.50000000000000000000   29
325.60000000000000000000   25
325.70000000000000000000   28
325.80000000000000000000   28
325.90000000000000000000   26
326.00000000000000000000   28
326.10000000000000000000   32
326.20000000000000000000   29
326.30000000000000000000   34
326.40000000000000000000   32
326.50000000000000000000   34
326.60000000000000000000   32
326.70000000000000000000   29
326.80000000000000000000   32
326.90000000000000000000   31
327.00000000000000000000   27
327.10000000000000000000   28
327.20000000000000000000   29
327.30000000000000000000   28
327.40000000000000000000   31
327.50000000000000000000   30
327.60000000000000000000   31
327.70000000000000000000   31
327.80000000000000000000   33
327.90000000000000000000   32
328.00000000000000000000   32
328.10000000000000000000   30
328.20000000000000000000   34
328.30000000000000000000   31
328.40000000000000000000   31
328.50000000000000000000   33
328.60000000000000000000   32
328.70000000000000000000   29
328.80000000000000000000   32
328.90000000000000000000   29
329.00000000000000000000   31
329.10000000000000000000   32
329.20000000000000000000   32
329.30000000000000000000   33
329.40000000000000000000   31
329.50000000000000000000   32
329.60000000000000000000   32
329.70000000000000000000   33
329.80000000000000000000   32
329.90000000000000000000   30
330.00000000000000000000   29
330.10000000000000000000   33
330.20000000000000000000   34
330.30000000000000000000   33
330.40000000000000000000   30
330.50000000000000000000   34
330.60000000000000000000   33
330.70000000000000000000   32
330.80000000000000000000   33
330.90000000000000000000   34
331.00000000000000000000   34
331.10000000000000000000   32
331.20000000000000000000   34
331.30000000000000000000   33
331.40000000000000000000   30
331.50000000000000000000   33
331.60000000000000000000   30
331.70000000000000000000   35
331.80000000000000000000   34
331.90000000000000000000   33
332.00000000000000000000   31
332.10000000000000000000   33
332.20000000000000000000   32
332.30000000000000000000   34
332.40000000000000000000   31
332.50000000000000000000   30
332.60000000000000000000   36
332.70000000000000000000   28
332.80000000000000000000   28
332.90000000000000000000   25
333.00000000000000000000   28
333.10000000000000000000   31
333.20000000000000000000   28
333.30000000000000000000   28
333.40000000000000000000   31
333.50000000000000000000   33
333.60000000000000000000   28
333.70000000000000000000   27
333.80000000000000000000   28
333.90000000000000000000   27
334.00000000000000000000   32
334.10000000000000000000   30
334.20000000000000000000   29
334.30000000000000000000   29
334.40000000000000000000   31
334.50000000000000000000   28
334.60000000000000000000   29
334.70000000000000000000   30
334.80000000000000000000   30
334.90000000000000000000   24
335.00000000000000000000   29
335.10000000000000000000   26
335.20000000000000000000   27
335.30000000000000000000   33
335.40000000000000000000   30
335.50000000000000000000   33
335.60000000000000000000   34
335.70000000000000000000   32
335.80000000000000000000   30
335.90000000000000000000   31
336.00000000000000000000   31
336.10000000000000000000   32
336.20000000000000000000   30
336.30000000000000000000   31
336.40000000000000000000   33
336.50000000000000000000   30
336.60000000000000000000   26
336.70000000000000000000   30
336.80000000000000000000   28
336.90000000000000000000   32
337.00000000000000000000   30
337.10000000000000000000   28
337.20000000000000000000   32
337.30000000000000000000   31
337.40000000000000000000   32
337.50000000000000000000   32
337.60000000000000000000   30
337.70000000000000000000   29
337.80000000000000000000   29
337.90000000000000000000   28
338.00000000000000000000   29
338.10000000000000000000   31
338.20000000000000000000   28
338.30000000000000000000   29
338.40000000000000000000   31
338.50000000000000000000   30
338.60000000000000000000   28
338.70000000000000000000   30
338.80000000000000000000   29
338.90000000000000000000   30
339.00000000000000000000   31
339.10000000000000000000   30
339.20000000000000000000   28
339.30000000000000000000   30
339.40000000000000000000   29
339.50000000000000000000   30
339.60000000000000000000   28
339.70000000000000000000   31
339.80000000000000000000   31
339.90000000000000000000   27
340.00000000000000000000   29
340.10000000000000000000   30
340.20000000000000000000   30
340.30000000000000000000   31
340.40000000000000000000   30
340.50000000000000000000   31
340.60000000000000000000   31
340.70000000000000000000   29
340.80000000000000000000   28
340.90000000000000000000   32
341.00000000000000000000   33
341.10000000000000000000   29
341.20000000000000000000   31
341.30000000000000000000   28
341.40000000000000000000   31
341.50000000000000000000   33
341.60000000000000000000   28
341.70000000000000000000   32
341.80000000000000000000   30
341.90000000000000000000   32
342.00000000000000000000   29
342.10000000000000000000   27
342.20000000000000000000   31
342.30000000000000000000   29
342.40000000000000000000   29
342.50000000000000000000   29
342.60000000000000000000   34
342.70000000000000000000   31
342.80000000000000000000   29
342.90000000000000000000   30
343.00000000000000000000   33
343.10000000000000000000   30
343.20000000000000000000   25
343.30000000000000000000   32
343.40000000000000000000   28
343.50000000000000000000   30
343.60000000000000000000   32
343.70000000000000000000   31
343.80000000000000000000   30
343.90000000000000000000   32
344.00000000000000000000   29
344.10000000000000000000   30
344.20000000000000000000   28
344.30000000000000000000   27
344.40000000000000000000   33
344.50000000000000000000   32
344.60000000000000000000   28
344.70000000000000000000   31
344.80000000000000000000   29
344.90000000000000000000   31
345.00000000000000000000   33
345.10000000000000000000   30
345.20000000000000000000   31
345.30000000000000000000   32
345.40000000000000000000   32
345.50000000000000000000   29
345.60000000000000000000   30
345.70000000000000000000   31
345.80000000000000000000   32
345.90000000000000000000   31
346.00000000000000000000   29
346.10000000000000000000   31
346.20000000000000000000   33
346.30000000000000000000   34
346.40000000000000000000   33
346.50000000000000000000   35
346.60000000000000000000   31
346.70000000000000000000   33
346.80000000000000000000   28
346.90000000000000000000   32
347.00000000000000000000   27
347.10000000000000000000   28
347.20000000000000000000   32
347.30000000000000000000   34
347.40000000000000000000   32
347.50000000000000000000   35
347.60000000000000000000   33
347.70000000000000000000   30
347.80000000000000000000   27
347.90000000000000000000   31
348.00000000000000000000   34
348.10000000000000000000   32
348.20000000000000000000   29
348.30000000000000000000   34
348.40000000000000000000   25
348.50000000000000000000   33
348.60000000000000000000   28
348.70000000000000000000   31
348.80000000000000000000   29
348.90000000000000000000   30
349.00000000000000000000   29
349.10000000000000000000   32
349.20000000000000000000   26
349.30000000000000000000   31
349.40000000000000000000   32
349.50000000000000000000   30
349.60000000000000000000   31
349.70000000000000000000   29
349.80000000000000000000   27
349.90000000000000000000   30
350.00000000000000000000   27
350.10000000000000000000   29
350.20000000000000000000   26
350.30000000000000000000   29
350.40000000000000000000   29
350.50000000000000000000   29
350.60000000000000000000   28
350.70000000000000000000   33
350.80000000000000000000   30
350.90000000000000000000   35
351.00000000000000000000   30
351.10000000000000000000   28
351.20000000000000000000   31
351.30000000000000000000   31
351.40000000000000000000   32
351.50000000000000000000   32
351.60000000000000000000   33
351.70000000000000000000   34
351.80000000000000000000   31
351.90000000000000000000   30
352.00000000000000000000   28
352.10000000000000000000   30
352.20000000000000000000   33
352.30000000000000000000   31
352.40000000000000000000   32
352.50000000000000000000   32
352.60000000000000000000   34
352.70000000000000000000   34
352.80000000000000000000   32
352.90000000000000000000   36
353.00000000000000000000   33
353.10000000000000000000   30
353.20000000000000000000   30
353.30000000000000000000   33
353.40000000000000000000   33
353.50000000000000000000   32
353.60000000000000000000   36
353.70000000000000000000   34
353.80000000000000000000   33
353.90000000000000000000   34
354.00000000000000000000   26
354.10000000000000000000   30
354.20000000000000000000   28
354.30000000000000000000   25
354.40000000000000000000   32
354.50000000000000000000   31
354.60000000000000000000   31
354.70000000000000000000   32
354.80000000000000000000   32
354.90000000000000000000   30
355.00000000000000000000   32
355.10000000000000000000   30
355.20000000000000000000   33
355.30000000000000000000   29
355.40000000000000000000   30
355.50000000000000000000   31
355.60000000000000000000   27
355.70000000000000000000   26
355.80000000000000000000   28
355.90000000000000000000   29
356.00000000000000000000   30
356.10000000000000000000   29
356.20000000000000000000   33
356.30000000000000000000   32
356.40000000000000000000   30
356.50000000000000000000   25
356.60000000000000000000   30
356.70000000000000000000   28
356.80000000000000000000   28
356.90000000000000000000   28
357.00000000000000000000   30
357.10000000000000000000   32
357.20000000000000000000   30
357.30000000000000000000   28
357.40000000000000000000   29
357.50000000000000000000   33
357.60000000000000000000   31
357.70000000000000000000   32
357.80000000000000000000   32
357.90000000000000000000   31
358.00000000000000000000   28
358.10000000000000000000   29
358.20000000000000000000   30
358.30000000000000000000   27
358.40000000000000000000   25
358.50000000000000000000   23
358.60000000000000000000   24
358.70000000000000000000   28
358.80000000000000000000   26
358.90000000000000000000   29
359.00000000000000000000   30
359.10000000000000000000   29
359.20000000000000000000   29
359.30000000000000000000   26
359.40000000000000000000   29
359.50000000000000000000   34
359.60000000000000000000   31
359.70000000000000000000   28
359.80000000000000000000   30
359.90000000000000000000   28
360.00000000000000000000   29
360.10000000000000000000   29
360.20000000000000000000   24
360.30000000000000000000   25
360.40000000000000000000   25
360.50000000000000000000   28
360.60000000000000000000   25
360.70000000000000000000   34
360.80000000000000000000   28
360.90000000000000000000   25
361.00000000000000000000   25
361.10000000000000000000   26
361.20000000000000000000   33
361.30000000000000000000   30
361.40000000000000000000   30
361.50000000000000000000   31
361.60000000000000000000   29
361.70000000000000000000   30
361.80000000000000000000   28
361.90000000000000000000   31
362.00000000000000000000   29
362.10000000000000000000   30
362.20000000000000000000   29
362.30000000000000000000   27
362.40000000000000000000   27
362.50000000000000000000   27
362.60000000000000000000   27
362.70000000000000000000   26
362.80000000000000000000   25
362.90000000000000000000   27
363.00000000000000000000   24
363.10000000000000000000   26
363.20000000000000000000   27
363.30000000000000000000   29
363.40000000000000000000   28
363.50000000000000000000   29
363.60000000000000000000   31
363.70000000000000000000   25
363.80000000000000000000   27
363.90000000000000000000   26
364.00000000000000000000   26
364.10000000000000000000   26
364.20000000000000000000   25
364.30000000000000000000   29
364.40000000000000000000   24
364.50000000000000000000   31
364.60000000000000000000   28
364.70000000000000000000   33
364.80000000000000000000   30
364.90000000000000000000   33
365.00000000000000000000   29
365.10000000000000000000   31
365.20000000000000000000   29
365.30000000000000000000   33
365.40000000000000000000   32
365.50000000000000000000   31
365.60000000000000000000   30
365.70000000000000000000   30
365.80000000000000000000   27
365.90000000000000000000   29
366.00000000000000000000   29
366.10000000000000000000   30
366.20000000000000000000   34
366.30000000000000000000   32
366.40000000000000000000   31
366.50000000000000000000   32
366.60000000000000000000   31
366.70000000000000000000   29
366.80000000000000000000   27
366.90000000000000000000   30
367.00000000000000000000   33
367.10000000000000000000   31
367.20000000000000000000   29
367.30000000000000000000   31
367.40000000000000000000   31
367.50000000000000000000   30
367.60000000000000000000   31
367.70000000000000000000   31
367.80000000000000000000   29
367.90000000000000000000   29
368.00000000000000000000   28
368.10000000000000000000   31
368.20000000000000000000   32
368.30000000000000000000   30
368.40000000000000000000   30
368.50000000000000000000   30
368.60000000000000000000   35
368.70000000000000000000   34
368.80000000000000000000   33
368.90000000000000000000   34
369.00000000000000000000   29
369.10000000000000000000   32
369.20000000000000000000   32
369.30000000000000000000   28
369.40000000000000000000   28
369.50000000000000000000   31
369.60000000000000000000   29
369.70000000000000000000   28
369.80000000000000000000   33
369.90000000000000000000   29
370.00000000000000000000   31
370.10000000000000000000   34
370.20000000000000000000   31
370.30000000000000000000   31
370.40000000000000000000   30
370.50000000000000000000   29
370.60000000000000000000   29
370.70000000000000000000   33
370.80000000000000000000   33
370.90000000000000000000   32
371.00000000000000000000   28
371.10000000000000000000   28
371.20000000000000000000   30
371.30000000000000000000   31
371.40000000000000000000   32
371.50000000000000000000   33
371.60000000000000000000   34
371.70000000000000000000   30
371.80000000000000000000   33
371.90000000000000000000   30
372.00000000000000000000   34
372.10000000000000000000   33
372.20000000000000000000   33
372.30000000000000000000   29
372.40000000000000000000   30
372.50000000000000000000   29
372.60000000000000000000   31
372.70000000000000000000   31
372.80000000000000000000   30
372.90000000000000000000   33
373.00000000000000000000   34
373.10000000000000000000   33
373.20000000000000000000   30
373.30000000000000000000   30
373.40000000000000000000   30
373.50000000000000000000   30
373.60000000000000000000   33
373.70000000000000000000   32
373.80000000000000000000   33
373.90000000000000000000   33
374.00000000000000000000   30
374.10000000000000000000   30
374.20000000000000000000   32
374.30000000000000000000   31
374.40000000000000000000   31
374.50000000000000000000   31
374.60000000000000000000   31
374.70000000000000000000   29
374.80000000000000000000   28
374.90000000000000000000   31
375.00000000000000000000   31
375.10000000000000000000   32
375.20000000000000000000   30
375.30000000000000000000   27
375.40000000000000000000   25
375.50000000000000000000   24
375.60000000000000000000   28
375.70000000000000000000   25
375.80000000000000000000   29
375.90000000000000000000   27
376.00000000000000000000   28
376.10000000000000000000   26
376.20000000000000000000   28
376.30000000000000000000   26
376.40000000000000000000   28
376.50000000000000000000   31
376.60000000000000000000   29
376.70000000000000000000   27
376.80000000000000000000   28
376.90000000000000000000   28
377.00000000000000000000   26
377.10000000000000000000   30
377.20000000000000000000   25
377.30000000000000000000   29
377.40000000000000000000   27
377.50000000000000000000   30
377.60000000000000000000   28
377.70000000000000000000   31
377.80000000000000000000   31
377.90000000000000000000   36
378.00000000000000000000   31
378.10000000000000000000   29
378.20000000000000000000   31
378.30000000000000000000   31
378.40000000000000000000   32
378.50000000000000000000   30
378.60000000000000000000   31
378.70000000000000000000   30
378.80000000000000000000   24
378.90000000000000000000   30
379.00000000000000000000   27
379.10000000000000000000   25
379.20000000000000000000   26
379.30000000000000000000   24
379.40000000000000000000   28
379.50000000000000000000   28
379.60000000000000000000   28
379.70000000000000000000   26
379.80000000000000000000   27
379.90000000000000000000   27
380.00000000000000000000   22
380.10000000000000000000   20
380.20000000000000000000   25
380.30000000000000000000   24
380.40000000000000000000   26
380.50000000000000000000   22
380.60000000000000000000   30
380.70000000000000000000   29
380.80000000000000000000   25
380.90000000000000000000   28
381.00000000000000000000   28
381.10000000000000000000   27
381.20000000000000000000   28
381.30000000000000000000   27
381.40000000000000000000   27
381.50000000000000000000   28
381.60000000000000000000   28
381.70000000000000000000   25
381.80000000000000000000   25
381.90000000000000000000   27
382.00000000000000000000   28
382.10000000000000000000   26
382.20000000000000000000   28
382.30000000000000000000   24
382.40000000000000000000   26
382.50000000000000000000   27
382.60000000000000000000   26
382.70000000000000000000   24
382.80000000000000000000   24
382.90000000000000000000   30
383.00000000000000000000   26
383.10000000000000000000   28
383.20000000000000000000   22
383.30000000000000000000   23
383.40000000000000000000   22
383.50000000000000000000   26
383.60000000000000000000   28
383.70000000000000000000   27
383.80000000000000000000   26
383.90000000000000000000   26
384.00000000000000000000   29
384.10000000000000000000   28
384.20000000000000000000   26
384.30000000000000000000   26
384.40000000000000000000   26
384.50000000000000000000   29
384.60000000000000000000   27
384.70000000000000000000   27
384.80000000000000000000   28
384.90000000000000000000   27
385.00000000000000000000   27
385.10000000000000000000   29
385.20000000000000000000   27
385.30000000000000000000   26
385.40000000000000000000   26
385.50000000000000000000   28
385.60000000000000000000   28
385.70000000000000000000   28
385.80000000000000000000   30
385.90000000000000000000   29
386.00000000000000000000   25
386.10000000000000000000   25
386.20000000000000000000   29
386.30000000000000000000   29
386.40000000000000000000   29
386.50000000000000000000   26
386.60000000000000000000   30
386.70000000000000000000   28
386.80000000000000000000   30
386.90000000000000000000   27
387.00000000000000000000   27
387.10000000000000000000   29
387.20000000000000000000   26
387.30000000000000000000   27
387.40000000000000000000   28
387.50000000000000000000   25
387.60000000000000000000   29
387.70000000000000000000   27
387.80000000000000000000   24
387.90000000000000000000   28
388.00000000000000000000   25
388.10000000000000000000   27
388.20000000000000000000   25
388.30000000000000000000   26
388.40000000000000000000   27
388.50000000000000000000   25
388.60000000000000000000   28
388.70000000000000000000   23
388.80000000000000000000   27
388.90000000000000000000   26
389.00000000000000000000   28
389.10000000000000000000   27
389.20000000000000000000   28
389.30000000000000000000   26
389.40000000000000000000   26
389.50000000000000000000   26
389.60000000000000000000   26
389.70000000000000000000   27
389.80000000000000000000   29
389.90000000000000000000   25
390.00000000000000000000   25
390.10000000000000000000   26
390.20000000000000000000   27
390.30000000000000000000   28
390.40000000000000000000   22
390.50000000000000000000   30
390.60000000000000000000   28
390.70000000000000000000   24
390.80000000000000000000   28
390.90000000000000000000   26
391.00000000000000000000   26
391.10000000000000000000   31
391.20000000000000000000   29
391.30000000000000000000   26
391.40000000000000000000   25
391.50000000000000000000   26
391.60000000000000000000   27
391.70000000000000000000   27
391.80000000000000000000   28
391.90000000000000000000   28
392.00000000000000000000   27
392.10000000000000000000   28
392.20000000000000000000   27
392.30000000000000000000   25
392.40000000000000000000   26
392.50000000000000000000   29
392.60000000000000000000   27
392.70000000000000000000   29
392.80000000000000000000   29
392.90000000000000000000   28
393.00000000000000000000   26
393.10000000000000000000   30
393.20000000000000000000   28
393.30000000000000000000   29
393.40000000000000000000   28
393.50000000000000000000   28
393.60000000000000000000   27
393.70000000000000000000   29
393.80000000000000000000   27
393.90000000000000000000   29
394.00000000000000000000   26
394.10000000000000000000   27
394.20000000000000000000   28
394.30000000000000000000   28
394.40000000000000000000   27
394.50000000000000000000   24
394.60000000000000000000   24
394.70000000000000000000   30
394.80000000000000000000   25
394.90000000000000000000   29
395.00000000000000000000   28
395.10000000000000000000   30
395.20000000000000000000   27
395.30000000000000000000   28
395.40000000000000000000   28
395.50000000000000000000   29
395.60000000000000000000   27
395.70000000000000000000   27
395.80000000000000000000   29
395.90000000000000000000   30
396.00000000000000000000   27
396.10000000000000000000   26
396.20000000000000000000   29
396.30000000000000000000   27
396.40000000000000000000   25
396.50000000000000000000   29
396.60000000000000000000   26
396.70000000000000000000   28
396.80000000000000000000   27
396.90000000000000000000   28
397.00000000000000000000   25
397.10000000000000000000   27
397.20000000000000000000   25
397.30000000000000000000   26
397.40000000000000000000   31
397.50000000000000000000   26
397.60000000000000000000   27
397.70000000000000000000   27
397.80000000000000000000   26
397.90000000000000000000   26
398.00000000000000000000   24
398.10000000000000000000   31
398.20000000000000000000   23
398.30000000000000000000   29
398.40000000000000000000   26
398.50000000000000000000   25
398.60000000000000000000   29
398.70000000000000000000   28
398.80000000000000000000   31
398.90000000000000000000   31
399.00000000000000000000   31
399.10000000000000000000   31
399.20000000000000000000   31
399.30000000000000000000   31
399.40000000000000000000   31
399.50000000000000000000   31
399.60000000000000000000   31
399.70000000000000000000   31
