# Total_native_contacts: 524
#Frame Native_contacts
0 456
1 456
2 444
3 437
4 435
5 438
6 445
7 446
8 455
9 451
10 450
11 446
12 446
13 440
14 452
15 452
16 444
17 442
18 454
19 459
20 458
21 446
22 462
23 449
24 448
25 449
26 458
27 445
28 457
29 451
30 447
31 451
32 453
33 454
34 444
35 445
36 452
37 451
38 457
39 451
40 453
41 457
42 451
43 451
44 445
45 441
46 448
47 456
48 450
49 441
50 456
51 453
52 450
53 442
54 452
55 462
56 451
57 459
58 441
59 456
60 443
61 438
62 438
63 436
64 451
65 446
66 443
67 454
68 451
69 442
70 443
71 453
72 442
73 440
74 448
75 435
76 447
77 443
78 440
79 448
80 451
81 457
82 458
83 456
84 460
85 452
86 457
87 468
88 461
89 456
90 463
91 455
92 462
93 456
94 471
95 463
96 468
97 446
98 457
99 451
100 448
101 460
102 459
103 454
104 460
105 452
106 446
107 456
108 466
109 457
110 458
111 456
112 459
113 462
114 473
115 460
116 453
117 465
118 452
119 458
120 466
121 462
122 460
123 468
124 460
125 458
126 460
127 466
128 460
129 464
130 458
131 468
132 460
133 460
134 460
135 453
136 457
137 462
138 463
139 465
140 463
141 461
142 462
143 462
144 475
145 466
146 461
147 462
148 454
149 457
150 459
151 458
152 461
153 465
154 466
155 469
156 462
157 467
158 472
159 460
160 460
161 458
162 460
163 464
164 458
165 469
166 458
167 453
168 461
169 460
170 458
171 458
172 460
173 448
174 456
175 458
176 455
177 444
178 458
179 449
180 459
181 454
182 461
183 457
184 457
185 445
186 450
187 449
188 455
189 459
190 449
191 444
192 450
193 464
194 461
195 461
196 469
197 464
198 459
199 462
200 452
201 452
202 456
203 457
204 447
205 465
206 462
207 450
208 447
209 459
210 455
211 457
212 454
213 457
214 448
215 451
216 456
217 456
218 453
219 453
220 451
221 452
222 460
223 455
224 452
225 453
226 448
227 458
228 453
229 458
230 457
231 462
232 462
233 454
234 456
235 435
236 441
237 439
238 446
239 448
240 449
241 442
242 443
243 454
244 450
245 457
246 455
247 451
248 443
249 445
250 448
251 446
252 443
253 444
254 446
255 440
256 428
257 444
258 443
259 450
260 443
261 443
262 438
263 446
264 442
265 447
266 442
267 441
268 442
269 441
270 446
271 446
272 432
273 445
274 440
275 445
276 448
277 449
278 443
279 446
280 449
281 452
282 448
283 445
284 444
285 449
286 436
287 436
288 439
289 435
290 444
291 447
292 445
293 446
294 455
295 446
296 446
297 444
298 444
299 438
300 441
301 439
302 448
303 440
304 439
305 437
306 436
307 435
308 446
309 443
310 442
311 443
312 436
313 442
314 435
315 436
316 443
317 434
318 427
319 443
320 453
321 450
322 448
323 447
324 445
325 442
326 449
327 439
328 450
329 443
330 441
331 449
332 444
333 446
334 445
335 448
336 436
337 447
338 450
339 449
340 448
341 441
342 449
343 439
344 439
345 438
346 443
347 441
348 440
349 442
350 454
351 441
352 436
353 434
354 437
355 444
356 437
357 432
358 429
359 432
360 441
361 444
362 448
363 444
364 454
365 445
366 441
367 437
368 441
369 437
370 449
371 454
372 451
373 451
374 433
375 430
376 442
377 431
378 443
379 441
380 436
381 428
382 440
383 439
384 441
385 438
386 434
387 447
388 430
389 425
390 431
391 441
392 427
393 432
394 429
395 435
396 426
397 438
398 422
399 431
400 421
401 423
402 432
403 428
404 437
405 430
406 429
407 435
408 432
409 423
410 436
411 428
412 432
413 436
414 434
415 430
416 436
417 434
418 428
419 427
420 430
421 436
422 432
423 437
424 441
425 442
426 439
427 436
428 421
429 430
430 426
431 427
432 423
433 427
434 432
435 429
436 431
437 431
438 430
439 431
440 425
441 426
442 417
443 424
444 421
445 437
446 435
447 428
448 434
449 447
450 437
451 430
452 428
453 424
454 431
455 425
456 432
457 430
458 428
459 435
460 432
461 440
462 431
463 424
464 433
465 424
466 439
467 430
468 437
469 425
470 431
471 428
472 426
473 421
474 419
475 414
476 424
477 434
478 430
479 428
480 424
481 423
482 431
483 430
484 430
485 419
486 424
487 421
488 423
489 422
490 428
491 414
492 422
493 431
494 421
495 429
496 435
497 428
498 421
499 426
500 428
501 427
502 428
503 430
504 447
505 431
506 429
507 433
508 430
509 452
510 426
511 433
512 429
513 440
514 427
515 429
516 425
517 436
518 426
519 431
520 431
521 430
522 437
523 431
524 431
525 430
526 437
527 437
528 434
529 436
530 434
531 420
532 425
533 426
534 428
535 419
536 430
537 426
538 418
539 425
540 426
541 421
542 426
543 433
544 425
545 427
546 419
547 430
548 429
549 435
550 439
551 424
552 432
553 422
554 433
555 433
556 432
557 436
558 434
559 426
560 434
561 430
562 437
563 439
564 443
565 430
566 428
567 425
568 421
569 431
570 420
571 429
572 435
573 422
574 435
575 436
576 423
577 433
578 424
579 423
580 430
581 434
582 433
583 438
584 421
585 438
586 421
587 429
588 423
589 423
590 422
591 427
592 426
593 432
594 423
595 432
596 437
597 431
598 436
599 432
600 432
601 440
602 436
603 432
604 422
605 432
606 437
607 443
608 436
609 429
610 432
611 431
612 439
613 438
614 431
615 432
616 431
617 436
618 434
619 430
620 435
621 438
622 441
623 437
624 436
625 437
626 439
627 439
628 447
629 434
630 434
631 444
632 432
633 449
634 438
635 440
636 440
637 443
638 441
639 436
640 438
641 442
642 441
643 428
644 446
645 442
646 439
647 438
648 444
649 451
650 457
651 450
652 446
653 443
654 446
655 441
656 439
657 438
658 442
659 443
660 436
661 441
662 426
663 435
664 416
665 430
666 433
667 427
668 438
669 421
670 431
671 425
672 432
673 422
674 419
675 423
676 431
677 435
678 437
679 433
680 432
681 440
682 430
683 414
684 433
685 427
686 423
687 418
688 427
689 425
690 425
691 426
692 422
693 419
694 428
695 438
696 434
697 450
698 442
699 436
700 438
701 446
702 437
703 436
704 433
705 436
706 450
707 437
708 444
709 428
710 441
711 442
712 445
713 440
714 439
715 441
716 442
717 455
718 445
719 435
720 431
721 437
722 447
723 447
724 443
725 442
726 443
727 434
728 438
729 445
730 435
731 426
732 438
733 445
734 436
735 451
736 432
737 434
738 446
739 444
740 435
741 445
742 436
743 440
744 453
745 442
746 441
747 447
748 447
749 431
750 444
751 437
752 449
753 443
754 440
755 445
756 439
757 436
758 439
759 435
760 437
761 428
762 431
763 434
764 447
765 436
766 440
767 438
768 444
769 440
770 435
771 447
772 442
773 430
774 451
775 437
776 443
777 442
778 440
779 431
780 437
781 445
782 435
783 437
784 436
785 437
786 440
787 428
788 438
789 429
790 420
791 436
792 431
793 432
794 438
795 437
796 440
797 437
798 433
799 436
800 435
801 437
802 442
803 436
804 427
805 426
806 432
807 438
808 439
809 437
810 431
811 431
812 410
813 433
814 424
815 430
816 429
817 424
818 422
819 423
820 425
821 423
822 424
823 421
824 432
825 435
826 444
827 428
828 435
829 419
830 422
831 437
832 441
833 433
834 430
835 442
836 418
837 422
838 433
839 433
840 430
841 434
842 423
843 431
844 428
845 417
846 423
847 420
848 414
849 422
850 405
851 416
852 425
853 429
854 424
855 420
856 423
857 420
858 429
859 428
860 429
861 435
862 433
863 440
864 429
865 439
866 442
867 432
868 439
869 440
870 434
871 444
872 437
873 434
874 436
875 443
876 431
877 444
878 430
879 432
880 431
881 430
882 431
883 432
884 438
885 446
886 452
887 440
888 432
889 429
890 438
891 428
892 441
893 435
894 430
895 429
896 438
897 434
898 436
899 430
900 429
901 434
902 436
903 436
904 442
905 430
906 437
907 426
908 425
909 444
910 430
911 433
912 424
913 428
914 431
915 423
916 432
917 416
918 425
919 409
920 438
921 418
922 420
923 419
924 420
925 423
926 416
927 415
928 421
929 423
930 429
931 425
932 433
933 420
934 424
935 414
936 421
937 418
938 420
939 428
940 425
941 431
942 429
943 428
944 429
945 435
946 428
947 432
948 432
949 427
950 422
951 429
952 431
953 423
954 421
955 424
956 426
957 422
958 432
959 418
960 419
961 436
962 426
963 422
964 426
965 429
966 419
967 424
968 423
969 426
970 429
971 426
972 429
973 434
974 431
975 431
976 428
977 433
978 427
979 426
980 423
981 425
982 435
983 424
984 431
985 436
986 435
987 417
988 433
989 427
990 425
991 422
992 426
993 424
994 424
995 419
996 418
997 417
998 423
999 425
1000 424
1001 438
1002 436
1003 424
1004 435
1005 437
1006 428
1007 417
1008 420
1009 426
1010 430
1011 430
1012 432
1013 422
1014 419
1015 422
1016 416
1017 428
1018 424
1019 417
1020 421
1021 432
1022 422
1023 426
1024 433
1025 432
1026 429
1027 426
1028 422
1029 431
1030 431
1031 422
1032 427
1033 422
1034 423
1035 436
1036 432
1037 427
1038 435
1039 430
1040 430
1041 428
1042 411
1043 425
1044 431
1045 417
1046 429
1047 431
1048 429
1049 425
1050 425
1051 436
1052 422
1053 422
1054 426
1055 424
1056 423
1057 429
1058 420
1059 434
1060 428
1061 427
1062 415
1063 419
1064 433
1065 432
1066 418
1067 424
1068 422
1069 420
1070 425
1071 425
1072 423
1073 432
1074 426
1075 424
1076 426
1077 419
1078 412
1079 415
1080 431
1081 428
1082 426
1083 429
1084 427
1085 425
1086 431
1087 432
1088 423
1089 427
1090 430
1091 432
1092 430
1093 434
1094 436
1095 432
1096 437
1097 431
1098 432
1099 444
1100 438
1101 443
1102 437
1103 441
1104 440
1105 441
1106 441
1107 441
1108 431
1109 433
1110 432
1111 437
1112 429
1113 435
1114 437
1115 442
1116 444
1117 441
1118 423
1119 440
1120 430
1121 433
1122 436
1123 433
1124 437
1125 437
1126 426
1127 434
1128 421
1129 423
1130 436
1131 443
1132 440
1133 425
1134 431
1135 444
1136 448
1137 445
1138 440
1139 443
1140 437
1141 446
1142 439
1143 439
1144 433
1145 432
1146 444
1147 439
1148 442
1149 436
1150 433
1151 436
1152 434
1153 435
1154 429
1155 437
1156 434
1157 438
1158 437
1159 439
1160 437
1161 441
1162 441
1163 440
1164 434
1165 431
1166 436
1167 432
1168 429
1169 429
1170 431
1171 439
1172 429
1173 445
1174 432
1175 433
1176 447
1177 432
1178 426
1179 430
1180 433
1181 429
1182 434
1183 433
1184 443
1185 435
1186 416
1187 422
1188 423
1189 421
1190 418
1191 424
1192 427
1193 431
1194 433
1195 427
1196 437
1197 425
1198 430
1199 438
1200 439
1201 425
1202 434
1203 431
1204 437
1205 437
1206 429
1207 438
1208 427
1209 441
1210 437
1211 451
1212 444
1213 446
1214 433
1215 432
1216 437
1217 433
1218 432
1219 435
1220 436
1221 433
1222 434
1223 441
1224 436
1225 434
1226 434
1227 434
1228 429
1229 428
1230 433
1231 435
1232 430
1233 425
1234 438
1235 433
1236 445
1237 435
1238 433
1239 422
1240 429
1241 440
1242 430
1243 436
1244 426
1245 427
1246 429
1247 432
1248 427
1249 429
1250 433
1251 423
1252 433
1253 433
1254 442
1255 440
1256 444
1257 436
1258 451
1259 440
1260 434
1261 440
1262 444
1263 450
1264 448
1265 448
1266 440
1267 451
1268 447
1269 443
1270 434
1271 446
1272 442
1273 437
1274 438
1275 448
1276 439
1277 447
1278 454
1279 455
1280 444
1281 442
1282 448
1283 437
1284 447
1285 441
1286 438
1287 454
1288 435
1289 447
1290 438
1291 440
1292 442
1293 441
1294 442
1295 444
1296 443
1297 444
1298 444
1299 435
1300 434
1301 435
1302 431
1303 429
1304 444
1305 432
1306 435
1307 440
1308 433
1309 430
1310 433
1311 440
1312 421
1313 412
1314 428
1315 409
1316 421
1317 432
1318 427
1319 422
1320 417
1321 430
1322 426
1323 418
1324 412
1325 426
1326 420
1327 419
1328 427
1329 421
1330 426
1331 430
1332 412
1333 419
1334 414
1335 420
1336 414
1337 427
1338 436
1339 427
1340 419
1341 433
1342 430
1343 427
1344 426
1345 425
1346 436
1347 439
1348 438
1349 434
1350 434
1351 441
1352 435
1353 432
1354 432
1355 423
1356 431
1357 433
1358 435
1359 432
1360 434
1361 436
1362 427
1363 418
1364 430
1365 430
1366 432
1367 430
1368 432
1369 421
1370 425
1371 422
1372 429
1373 422
1374 410
1375 425
1376 428
1377 421
1378 437
1379 429
1380 431
1381 431
1382 438
1383 426
1384 431
1385 427
1386 438
1387 427
1388 438
1389 427
1390 426
1391 432
1392 435
1393 434
1394 424
1395 430
1396 432
1397 436
1398 423
1399 425
1400 435
1401 439
1402 436
1403 432
1404 439
1405 436
1406 440
1407 426
1408 430
1409 432
1410 433
1411 430
1412 430
1413 429
1414 437
1415 421
1416 435
1417 425
1418 430
1419 427
1420 428
1421 438
1422 438
1423 437
1424 446
1425 423
1426 431
1427 429
1428 430
1429 431
1430 435
1431 420
1432 415
1433 425
1434 426
1435 425
1436 420
1437 415
1438 429
1439 424
1440 420
1441 420
1442 408
1443 429
1444 429
1445 437
1446 423
1447 416
1448 425
1449 414
1450 417
1451 427
1452 418
1453 414
1454 421
1455 415
1456 420
1457 422
1458 423
1459 419
1460 420
1461 415
1462 416
1463 403
1464 414
1465 407
1466 410
1467 404
1468 402
1469 411
1470 406
1471 401
1472 409
1473 408
1474 406
1475 397
1476 401
1477 403
1478 408
1479 399
1480 397
1481 407
1482 407
1483 412
1484 411
1485 418
1486 409
1487 399
1488 412
1489 412
1490 417
1491 417
1492 409
1493 418
1494 408
1495 415
1496 413
1497 418
1498 411
1499 417
1500 401
1501 403
1502 399
1503 398
1504 405
1505 406
1506 405
1507 398
1508 402
1509 405
1510 390
1511 396
1512 395
1513 402
1514 401
1515 391
1516 382
1517 398
1518 401
1519 395
1520 395
1521 397
1522 396
1523 391
1524 408
1525 407
1526 400
1527 395
1528 389
1529 398
1530 403
1531 399
1532 398
1533 400
1534 405
1535 398
1536 408
1537 401
1538 407
1539 414
1540 408
1541 404
1542 406
1543 407
1544 398
1545 401
1546 397
1547 400
1548 403
1549 407
1550 399
1551 400
1552 397
1553 397
1554 399
1555 394
1556 391
1557 393
1558 397
1559 388
1560 396
1561 403
1562 406
1563 399
1564 392
1565 400
1566 402
1567 413
1568 396
1569 405
1570 406
1571 398
1572 400
1573 396
1574 406
1575 403
1576 400
1577 393
1578 393
1579 396
1580 408
1581 391
1582 390
1583 391
1584 401
1585 406
1586 393
1587 400
1588 387
1589 394
1590 400
1591 391
1592 397
1593 391
1594 397
1595 389
1596 393
1597 387
1598 393
1599 402
1600 397
1601 388
1602 391
1603 387
1604 398
1605 395
1606 397
1607 392
1608 395
1609 384
1610 390
1611 388
1612 389
1613 393
1614 406
1615 398
1616 405
1617 392
1618 407
1619 410
1620 408
1621 399
1622 393
1623 400
1624 394
1625 386
1626 395
1627 400
1628 396
1629 390
1630 396
1631 399
1632 396
1633 402
1634 405
1635 394
1636 397
1637 393
1638 395
1639 399
1640 392
1641 397
1642 397
1643 395
1644 397
1645 396
1646 396
1647 398
1648 399
1649 403
1650 397
1651 406
1652 404
1653 398
1654 403
1655 405
1656 401
1657 402
1658 409
1659 404
1660 407
1661 412
1662 410
1663 413
1664 416
1665 409
1666 411
1667 405
1668 398
1669 395
1670 401
1671 409
1672 404
1673 417
1674 408
1675 393
1676 388
1677 394
1678 382
1679 400
1680 399
1681 400
1682 401
1683 404
1684 390
1685 393
1686 393
1687 400
1688 389
1689 390
1690 397
1691 379
1692 396
1693 392
1694 398
1695 408
1696 405
1697 404
1698 392
1699 400
1700 393
1701 393
1702 405
1703 394
1704 402
1705 394
1706 397
1707 405
1708 399
1709 408
1710 399
1711 400
1712 401
1713 399
1714 402
1715 405
1716 395
1717 402
1718 398
1719 393
1720 386
1721 392
1722 394
1723 394
1724 391
1725 400
1726 405
1727 395
1728 406
1729 392
1730 406
1731 401
1732 394
1733 393
1734 391
1735 389
1736 400
1737 399
1738 399
1739 401
1740 400
1741 403
1742 400
1743 399
1744 405
1745 405
1746 401
1747 410
1748 400
1749 409
1750 405
1751 401
1752 404
1753 399
1754 388
1755 402
1756 399
1757 398
1758 392
1759 398
1760 398
1761 395
1762 395
1763 401
1764 398
1765 392
1766 409
1767 398
1768 405
1769 400
1770 408
1771 403
1772 410
1773 407
1774 389
1775 407
1776 410
1777 402
1778 405
1779 399
1780 392
1781 397
1782 400
1783 392
1784 404
1785 403
1786 407
1787 399
1788 397
1789 397
1790 390
1791 404
1792 406
1793 408
1794 397
1795 399
1796 401
1797 409
1798 398
1799 400
1800 405
1801 384
1802 393
1803 395
1804 394
1805 387
1806 387
1807 387
1808 401
1809 396
1810 393
1811 390
1812 403
1813 407
1814 404
1815 398
1816 399
1817 411
1818 405
1819 405
1820 402
1821 407
1822 406
1823 402
1824 403
1825 410
1826 410
1827 412
1828 413
1829 406
1830 416
1831 413
1832 423
1833 414
1834 406
1835 409
1836 408
1837 407
1838 406
1839 402
1840 400
1841 402
1842 398
1843 403
1844 407
1845 411
1846 405
1847 399
1848 406
1849 408
1850 398
1851 401
1852 416
1853 413
1854 405
1855 416
1856 406
1857 400
1858 409
1859 406
1860 403
1861 412
1862 400
1863 406
1864 398
1865 400
1866 401
1867 403
1868 407
1869 403
1870 403
1871 394
1872 405
1873 398
1874 403
1875 399
1876 397
1877 404
1878 404
1879 408
1880 400
1881 399
1882 397
1883 399
1884 388
1885 393
1886 396
1887 405
1888 402
1889 387
1890 400
1891 403
1892 403
1893 401
1894 407
1895 398
1896 400
1897 401
1898 406
1899 404
1900 385
1901 409
1902 383
1903 387
1904 390
1905 395
1906 387
1907 402
1908 400
1909 405
1910 406
1911 407
1912 413
1913 407
1914 401
1915 404
1916 392
1917 401
1918 409
1919 407
1920 412
1921 403
1922 403
1923 410
1924 411
1925 408
1926 401
1927 402
1928 409
1929 408
1930 410
1931 401
1932 394
1933 407
1934 406
1935 408
1936 406
1937 402
1938 419
1939 410
1940 411
1941 413
1942 413
1943 415
1944 414
1945 406
1946 408
1947 406
1948 402
1949 395
1950 405
1951 398
1952 404
1953 398
1954 399
1955 396
1956 400
1957 396
1958 402
1959 405
1960 406
1961 415
1962 401
1963 404
1964 412
1965 408
1966 416
1967 405
1968 398
1969 413
1970 411
1971 407
1972 420
1973 408
1974 409
1975 416
1976 406
1977 404
1978 415
1979 405
1980 413
1981 414
1982 413
1983 416
1984 408
1985 415
1986 407
1987 405
1988 413
1989 404
1990 400
1991 406
1992 413
1993 407
1994 412
1995 404
1996 403
1997 402
1998 400
1999 395
2000 395
2001 394
2002 401
2003 390
2004 392
2005 405
2006 415
2007 413
2008 406
2009 406
2010 417
2011 412
2012 411
2013 413
2014 402
2015 403
2016 398
2017 390
2018 402
2019 406
2020 393
2021 393
2022 400
2023 406
2024 387
2025 388
2026 397
2027 393
2028 403
2029 399
2030 388
2031 404
2032 391
2033 395
2034 390
2035 408
2036 402
2037 402
2038 395
2039 395
2040 396
2041 394
2042 388
2043 399
2044 390
2045 390
2046 405
2047 395
2048 416
2049 406
2050 404
2051 401
2052 404
2053 401
2054 401
2055 407
2056 406
2057 399
2058 410
2059 406
2060 407
2061 404
2062 411
2063 395
2064 400
2065 396
2066 399
2067 406
2068 398
2069 408
2070 397
2071 400
2072 416
2073 409
2074 409
2075 403
2076 402
2077 401
2078 405
2079 396
2080 395
2081 404
2082 400
2083 403
2084 403
2085 401
2086 405
2087 391
2088 406
2089 405
2090 407
2091 405
2092 404
2093 400
2094 395
2095 399
2096 396
2097 385
2098 393
2099 394
2100 382
2101 389
2102 394
2103 390
2104 394
2105 403
2106 409
2107 401
2108 396
2109 390
2110 398
2111 402
2112 399
2113 401
2114 398
2115 397
2116 389
2117 399
2118 400
2119 397
2120 395
2121 391
2122 389
2123 401
2124 408
2125 396
2126 403
2127 401
2128 393
2129 394
2130 385
2131 389
2132 386
2133 397
2134 393
2135 392
2136 399
2137 388
2138 401
2139 391
2140 396
2141 389
2142 390
2143 393
2144 393
2145 387
2146 392
2147 387
2148 389
2149 394
2150 389
2151 389
2152 390
2153 395
2154 393
2155 394
2156 397
2157 393
2158 396
2159 397
2160 402
2161 401
2162 396
2163 391
2164 406
2165 407
2166 413
2167 404
2168 402
2169 400
2170 402
2171 405
2172 395
2173 398
2174 401
2175 398
2176 401
2177 397
2178 403
2179 396
2180 407
2181 400
2182 408
2183 396
2184 398
2185 386
2186 400
2187 399
2188 404
2189 404
2190 417
2191 404
2192 418
2193 415
2194 411
2195 410
2196 419
2197 413
2198 413
2199 408
2200 409
2201 413
2202 409
2203 418
2204 415
2205 417
2206 422
2207 419
2208 421
2209 418
2210 413
2211 426
2212 418
2213 422
2214 422
2215 423
2216 421
2217 425
2218 425
2219 424
2220 428
2221 422
2222 417
2223 415
2224 418
2225 407
2226 421
2227 420
2228 407
2229 423
2230 408
2231 400
2232 410
2233 419
2234 423
2235 425
2236 434
2237 427
2238 425
2239 424
2240 426
2241 424
2242 421
2243 423
2244 431
2245 431
2246 426
2247 422
2248 412
2249 417
2250 428
2251 419
2252 425
2253 421
2254 417
2255 432
2256 432
2257 431
2258 426
2259 426
2260 423
2261 432
2262 426
2263 421
2264 428
2265 423
2266 410
2267 420
2268 415
2269 433
2270 420
2271 419
2272 419
2273 427
2274 420
2275 422
2276 418
2277 415
2278 417
2279 418
2280 416
2281 420
2282 423
2283 424
2284 425
2285 425
2286 418
2287 422
2288 421
2289 422
2290 421
2291 426
2292 422
2293 417
2294 423
2295 423
2296 419
2297 420
2298 421
2299 419
2300 427
2301 417
2302 422
2303 404
2304 413
2305 416
2306 411
2307 420
2308 407
2309 394
2310 403
2311 415
2312 400
2313 410
2314 405
2315 419
2316 420
2317 408
2318 418
2319 405
2320 411
2321 417
2322 405
2323 412
2324 415
2325 412
2326 414
2327 405
2328 411
2329 412
2330 411
2331 408
2332 413
2333 401
2334 405
2335 409
2336 407
2337 402
2338 404
2339 402
2340 404
2341 400
2342 404
2343 402
2344 403
2345 399
2346 408
2347 411
2348 418
2349 409
2350 412
2351 422
2352 416
2353 410
2354 416
2355 425
2356 418
2357 416
2358 412
2359 403
2360 411
2361 412
2362 400
2363 409
2364 405
2365 405
2366 411
2367 409
2368 418
2369 413
2370 410
2371 403
2372 411
2373 416
2374 413
2375 412
2376 411
2377 408
2378 404
2379 410
2380 411
2381 406
2382 405
2383 403
2384 411
2385 402
2386 406
2387 401
2388 406
2389 408
2390 414
2391 412
2392 410
2393 411
2394 409
2395 404
2396 404
2397 397
2398 385
2399 404
2400 403
2401 401
2402 400
2403 412
2404 401
2405 413
2406 403
2407 405
2408 407
2409 404
2410 404
2411 405
2412 405
2413 396
2414 406
2415 396
2416 403
2417 402
2418 410
2419 410
2420 405
2421 399
2422 407
2423 408
2424 409
2425 409
2426 408
2427 414
2428 405
2429 408
2430 398
2431 394
2432 399
2433 403
2434 406
2435 403
2436 402
2437 408
2438 413
2439 412
2440 414
2441 410
2442 411
2443 408
2444 403
2445 404
2446 398
2447 395
2448 404
2449 398
2450 412
2451 404
2452 397
2453 404
2454 411
2455 396
2456 409
2457 413
2458 407
2459 398
2460 406
2461 406
2462 403
2463 402
2464 408
2465 400
2466 403
2467 395
2468 402
2469 406
2470 415
2471 404
2472 409
2473 405
2474 402
2475 403
2476 400
2477 392
2478 401
2479 407
2480 402
2481 392
2482 404
2483 401
2484 399
2485 398
2486 398
2487 403
2488 406
2489 401
2490 392
2491 400
2492 394
2493 395
2494 396
2495 392
2496 398
2497 403
2498 402
2499 398
2500 397
2501 405
2502 406
2503 402
2504 404
2505 402
2506 403
2507 406
2508 406
2509 405
2510 409
2511 407
2512 408
2513 397
2514 405
2515 399
2516 395
2517 405
2518 398
2519 402
2520 399
2521 406
2522 390
2523 397
2524 394
2525 386
2526 397
2527 392
2528 391
2529 388
2530 389
2531 393
2532 392
2533 400
2534 387
2535 391
2536 390
2537 395
2538 402
2539 401
2540 400
2541 398
2542 397
2543 392
2544 395
2545 390
2546 397
2547 393
2548 391
2549 390
2550 398
2551 401
2552 406
2553 400
2554 401
2555 403
2556 407
2557 410
2558 401
2559 411
2560 393
2561 413
2562 398
2563 402
2564 408
2565 415
2566 409
2567 412
2568 412
2569 406
2570 407
2571 405
2572 407
2573 410
2574 399
2575 403
2576 408
2577 402
2578 410
2579 412
2580 408
2581 407
2582 408
2583 400
2584 396
2585 413
2586 413
2587 408
2588 404
2589 407
2590 410
2591 412
2592 415
2593 403
2594 400
2595 399
2596 412
2597 404
2598 405
2599 407
2600 394
2601 410
2602 417
2603 407
2604 409
2605 401
2606 401
2607 394
2608 405
2609 396
2610 403
2611 405
2612 408
2613 403
2614 410
2615 396
2616 403
2617 403
2618 397
2619 400
2620 401
2621 398
2622 415
2623 408
2624 404
2625 397
2626 405
2627 416
2628 414
2629 406
2630 406
2631 399
2632 409
2633 414
2634 409
2635 413
2636 410
2637 407
2638 411
2639 411
2640 414
2641 406
2642 408
2643 412
2644 410
2645 406
2646 408
2647 412
2648 420
2649 407
2650 405
2651 411
2652 412
2653 412
2654 399
2655 392
2656 408
2657 396
2658 399
2659 405
2660 397
2661 402
2662 396
2663 389
2664 398
2665 388
2666 394
2667 387
2668 383
2669 386
2670 377
2671 383
2672 388
2673 387
2674 389
2675 385
2676 394
2677 393
2678 394
2679 395
2680 393
2681 388
2682 392
2683 398
2684 392
2685 397
2686 385
2687 399
2688 393
2689 392
2690 395
2691 397
2692 388
2693 398
2694 394
2695 388
2696 390
2697 387
2698 390
2699 395
2700 390
2701 392
2702 377
2703 388
2704 389
2705 384
2706 392
2707 401
2708 388
2709 396
2710 389
2711 392
2712 395
2713 393
2714 395
2715 395
2716 394
2717 393
2718 396
2719 387
2720 395
2721 390
2722 395
2723 389
2724 397
2725 386
2726 380
2727 388
2728 381
2729 381
2730 392
2731 387
2732 388
2733 392
2734 387
2735 385
2736 386
2737 379
2738 380
2739 380
2740 393
2741 394
2742 384
2743 387
2744 387
2745 391
2746 392
2747 386
2748 390
2749 384
2750 385
2751 381
2752 377
2753 373
2754 380
2755 389
2756 383
2757 385
2758 385
2759 398
2760 392
2761 389
2762 394
2763 392
2764 387
2765 389
2766 383
2767 390
2768 394
2769 381
2770 392
2771 386
2772 383
2773 383
2774 386
2775 388
2776 369
2777 378
2778 378
2779 386
2780 384
2781 386
2782 376
2783 385
2784 378
2785 386
2786 384
2787 382
2788 388
2789 386
2790 398
2791 387
2792 396
2793 386
2794 384
2795 389
2796 388
2797 395
2798 389
2799 396
2800 393
2801 402
2802 395
2803 395
2804 393
2805 393
2806 395
2807 392
2808 384
2809 388
2810 396
2811 401
2812 394
2813 395
2814 401
2815 390
2816 399
2817 394
2818 395
2819 392
2820 394
2821 397
2822 398
2823 401
2824 396
2825 398
2826 394
2827 389
2828 400
2829 394
2830 404
2831 396
2832 398
2833 395
2834 397
2835 393
2836 405
2837 398
2838 399
2839 400
2840 392
2841 401
2842 398
2843 387
2844 391
2845 398
2846 391
2847 392
2848 390
2849 401
2850 396
2851 391
2852 386
2853 386
2854 395
2855 396
2856 389
2857 395
2858 403
2859 394
2860 401
2861 397
2862 400
2863 392
2864 390
2865 404
2866 401
2867 394
2868 397
2869 394
2870 395
2871 396
2872 382
2873 404
2874 396
2875 393
2876 393
2877 400
2878 390
2879 385
2880 395
2881 391
2882 381
2883 399
2884 384
2885 391
2886 390
2887 388
2888 389
2889 391
2890 387
2891 391
2892 391
2893 390
2894 389
2895 391
2896 393
2897 399
2898 391
2899 394
2900 401
2901 389
2902 393
2903 386
2904 389
2905 395
2906 395
2907 401
2908 398
2909 388
2910 380
2911 381
2912 390
2913 378
2914 393
2915 390
2916 393
2917 397
2918 388
2919 396
2920 390
2921 395
2922 400
2923 401
2924 403
2925 390
2926 394
2927 402
2928 400
2929 395
2930 390
2931 392
2932 399
2933 403
2934 394
2935 396
2936 386
2937 388
2938 391
2939 394
2940 385
2941 393
2942 389
2943 395
2944 397
2945 396
2946 390
2947 402
2948 388
2949 385
2950 391
2951 382
2952 373
2953 382
2954 375
2955 378
2956 379
2957 382
2958 387
2959 389
2960 387
2961 386
2962 383
2963 393
2964 395
2965 390
2966 381
2967 388
2968 382
2969 385
2970 376
2971 378
2972 372
2973 375
2974 373
2975 378
2976 385
2977 381
2978 372
2979 380
2980 371
2981 377
2982 370
2983 378
2984 378
2985 378
2986 379
2987 375
2988 378
2989 373
2990 377
2991 369
2992 380
2993 382
2994 380
2995 376
2996 374
2997 385
2998 373
2999 380
3000 369
3001 379
3002 377
3003 376
3004 374
3005 376
3006 368
3007 372
3008 367
3009 360
3010 373
3011 367
3012 370
3013 366
3014 365
3015 356
3016 369
3017 369
3018 358
3019 355
3020 365
3021 370
3022 367
3023 358
3024 372
3025 369
3026 362
3027 357
3028 370
3029 379
3030 368
3031 364
3032 351
3033 373
3034 371
3035 366
3036 369
3037 361
3038 364
3039 374
3040 372
3041 366
3042 367
3043 357
3044 369
3045 367
3046 380
3047 369
3048 369
3049 373
3050 372
3051 362
3052 375
3053 361
3054 367
3055 369
3056 360
3057 361
3058 369
3059 366
3060 375
3061 373
3062 369
3063 359
3064 376
3065 365
3066 371
3067 360
3068 358
3069 366
3070 373
3071 375
3072 368
3073 356
3074 378
3075 358
3076 361
3077 354
3078 371
3079 370
3080 368
3081 370
3082 367
3083 361
3084 378
3085 365
3086 365
3087 371
3088 370
3089 358
3090 358
3091 370
3092 358
3093 369
3094 359
3095 361
3096 373
3097 363
3098 372
3099 374
3100 358
3101 367
3102 361
3103 357
3104 372
3105 375
3106 368
3107 365
3108 360
3109 351
3110 367
3111 364
3112 354
3113 366
3114 364
3115 361
3116 365
3117 373
3118 363
3119 359
3120 351
3121 353
3122 350
3123 355
3124 357
3125 356
3126 367
3127 356
3128 359
3129 359
3130 374
3131 361
3132 362
3133 354
3134 361
3135 351
3136 356
3137 359
3138 355
3139 355
3140 350
3141 354
3142 353
3143 362
3144 359
3145 362
3146 351
3147 359
3148 354
3149 352
3150 363
3151 358
3152 364
3153 355
3154 358
3155 351
3156 361
3157 356
3158 360
3159 355
3160 357
3161 362
3162 343
3163 352
3164 350
3165 349
3166 352
3167 355
3168 347
3169 347
3170 354
3171 348
3172 348
3173 351
3174 340
3175 352
3176 347
3177 346
3178 352
3179 346
3180 342
3181 347
3182 348
3183 350
3184 353
3185 345
3186 346
3187 345
3188 351
3189 353
3190 347
3191 345
3192 350
3193 344
3194 343
3195 342
3196 344
3197 350
3198 350
3199 350
3200 338
3201 359
3202 342
3203 340
3204 342
3205 344
3206 342
3207 346
3208 349
3209 352
3210 350
3211 355
3212 347
3213 356
3214 358
3215 353
3216 347
3217 345
3218 356
3219 345
3220 348
3221 348
3222 354
3223 345
3224 351
3225 351
3226 354
3227 353
3228 350
3229 353
3230 349
3231 343
3232 357
3233 351
3234 351
3235 354
3236 361
3237 346
3238 353
3239 352
3240 352
3241 350
3242 351
3243 351
3244 357
3245 336
3246 354
3247 351
3248 342
3249 362
3250 353
3251 354
3252 349
3253 345
3254 351
3255 350
3256 356
3257 355
3258 351
3259 350
3260 351
3261 363
3262 353
3263 360
3264 357
3265 345
3266 348
3267 352
3268 357
3269 352
3270 351
3271 359
3272 350
3273 346
3274 347
3275 351
3276 354
3277 357
3278 352
3279 350
3280 353
3281 339
3282 347
3283 350
3284 343
3285 339
3286 356
3287 344
3288 349
3289 354
3290 356
3291 343
3292 353
3293 354
3294 348
3295 344
3296 349
3297 348
3298 346
3299 346
3300 347
3301 347
3302 355
3303 351
3304 356
3305 352
3306 345
3307 354
3308 358
3309 348
3310 344
3311 354
3312 343
3313 351
3314 358
3315 358
3316 355
3317 355
3318 349
3319 356
3320 359
3321 342
3322 351
3323 341
3324 358
3325 358
3326 342
3327 350
3328 340
3329 343
3330 355
3331 349
3332 354
3333 353
3334 347
3335 336
3336 344
3337 344
3338 353
3339 344
3340 342
3341 354
3342 346
3343 346
3344 351
3345 356
3346 344
3347 338
3348 352
3349 347
3350 347
3351 325
3352 334
3353 328
3354 331
3355 332
3356 334
3357 333
3358 325
3359 329
3360 333
3361 325
3362 323
3363 330
3364 320
3365 330
3366 319
3367 319
3368 333
3369 332
3370 330
3371 331
3372 328
3373 325
3374 327
3375 331
3376 329
3377 335
3378 324
3379 327
3380 332
3381 340
3382 339
3383 345
3384 350
3385 347
3386 349
3387 358
3388 360
3389 352
3390 351
3391 355
3392 359
3393 366
3394 365
3395 347
3396 355
3397 353
3398 341
3399 346
3400 340
3401 347
3402 339
3403 341
3404 337
3405 345
3406 353
3407 348
3408 351
3409 342
3410 352
3411 354
3412 354
3413 347
3414 347
3415 355
3416 350
3417 341
3418 345
3419 334
3420 333
3421 342
3422 343
3423 342
3424 346
3425 345
3426 347
3427 344
3428 351
3429 352
3430 352
3431 360
3432 353
3433 365
3434 346
3435 351
3436 357
3437 355
3438 355
3439 349
3440 353
3441 349
3442 353
3443 356
3444 345
3445 351
3446 348
3447 350
3448 353
3449 346
3450 347
3451 346
3452 347
3453 348
3454 349
3455 353
3456 358
3457 350
3458 353
3459 351
3460 355
3461 351
3462 341
3463 349
3464 349
3465 344
3466 346
3467 351
3468 342
3469 351
3470 345
3471 354
3472 355
3473 356
3474 351
3475 352
3476 359
3477 358
3478 354
3479 355
3480 351
3481 351
3482 342
3483 358
3484 350
3485 345
3486 351
3487 351
3488 342
3489 337
3490 330
3491 317
3492 322
3493 332
3494 325
3495 336
3496 333
3497 330
3498 334
3499 333
3500 338
3501 339
3502 332
3503 331
3504 338
3505 329
3506 330
3507 325
3508 330
3509 330
3510 320
3511 329
3512 334
3513 340
3514 340
3515 331
3516 331
3517 334
3518 333
3519 336
3520 344
3521 338
3522 353
3523 348
3524 355
3525 343
3526 349
3527 349
3528 346
3529 351
3530 351
3531 346
3532 343
3533 342
3534 330
3535 333
3536 335
3537 335
3538 340
3539 331
3540 332
3541 338
3542 338
3543 344
3544 340
3545 332
3546 351
3547 332
3548 344
3549 349
3550 346
3551 339
3552 345
3553 352
3554 354
3555 351
3556 353
3557 358
3558 346
3559 344
3560 349
3561 354
3562 342
3563 349
3564 340
3565 339
3566 338
3567 337
3568 336
3569 337
3570 333
3571 331
3572 329
3573 324
3574 337
3575 323
3576 329
3577 333
3578 326
3579 321
3580 327
3581 336
3582 327
3583 320
3584 332
3585 326
3586 326
3587 329
3588 335
3589 328
3590 337
3591 326
3592 329
3593 335
3594 328
3595 322
3596 327
3597 325
3598 324
3599 328
3600 323
3601 320
3602 334
3603 322
3604 330
3605 328
3606 327
3607 324
3608 318
3609 331
3610 330
3611 325
3612 321
3613 324
3614 313
3615 312
3616 314
3617 306
3618 320
3619 320
3620 330
3621 323
3622 326
3623 325
3624 325
3625 320
3626 322
3627 317
3628 320
3629 323
3630 329
3631 325
3632 315
3633 318
3634 319
3635 330
3636 325
3637 316
3638 314
3639 326
3640 321
3641 319
3642 320
3643 327
3644 324
3645 324
3646 327
3647 323
3648 321
3649 321
3650 319
3651 320
3652 325
3653 319
3654 320
3655 333
3656 317
3657 316
3658 330
3659 324
3660 326
3661 325
3662 324
3663 315
3664 324
3665 320
3666 315
3667 325
3668 316
3669 323
3670 320
3671 320
3672 324
3673 326
3674 320
3675 325
3676 324
3677 318
3678 322
3679 318
3680 320
3681 328
3682 322
3683 320
3684 322
3685 312
3686 319
3687 318
3688 320
3689 319
3690 324
3691 318
3692 321
3693 317
3694 320
3695 320
3696 321
3697 312
3698 319
3699 323
3700 324
3701 321
3702 316
3703 321
3704 318
3705 321
3706 319
3707 326
3708 321
3709 322
3710 320
3711 315
3712 325
3713 318
3714 318
3715 320
3716 313
3717 317
3718 318
3719 320
3720 322
3721 317
3722 322
3723 315
3724 323
3725 313
3726 323
3727 325
3728 315
3729 317
3730 322
3731 319
3732 318
3733 321
3734 320
3735 322
3736 316
3737 318
3738 321
3739 326
3740 315
3741 329
3742 325
3743 317
3744 316
3745 318
3746 321
3747 319
3748 322
3749 323
3750 320
3751 315
3752 315
3753 314
3754 315
3755 310
3756 317
3757 317
3758 318
3759 311
3760 309
3761 318
3762 320
3763 318
3764 317
3765 317
3766 320
3767 325
3768 316
3769 314
3770 307
3771 322
3772 309
3773 312
3774 313
3775 312
3776 308
3777 309
3778 311
3779 303
3780 308
3781 302
3782 307
3783 308
3784 309
3785 309
3786 302
3787 309
3788 310
3789 310
3790 310
3791 312
3792 303
3793 310
3794 318
3795 318
3796 312
3797 319
3798 315
3799 302
3800 312
3801 317
3802 311
3803 310
3804 303
3805 304
3806 304
3807 317
3808 310
3809 322
3810 314
3811 306
3812 309
3813 301
3814 303
3815 299
3816 306
3817 306
3818 304
3819 301
3820 306
3821 295
3822 305
3823 305
3824 303
3825 300
3826 304
3827 312
3828 301
3829 310
3830 309
3831 303
3832 293
3833 300
3834 301
3835 307
3836 296
3837 304
3838 301
3839 300
3840 304
3841 294
3842 295
3843 301
3844 295
3845 315
3846 308
3847 307
3848 311
3849 300
3850 298
3851 305
3852 300
3853 300
3854 312
3855 318
3856 308
3857 302
3858 318
3859 312
3860 312
3861 316
3862 307
3863 311
3864 311
3865 309
3866 310
3867 314
3868 311
3869 313
3870 309
3871 312
3872 313
3873 306
3874 316
3875 315
3876 310
3877 312
3878 311
3879 313
3880 313
3881 315
3882 317
3883 302
3884 314
3885 310
3886 309
3887 306
3888 307
3889 306
3890 308
3891 305
3892 303
3893 313
3894 315
3895 319
3896 316
3897 313
3898 316
3899 316
3900 320
3901 310
3902 322
3903 317
3904 320
3905 309
3906 311
3907 318
3908 318
3909 320
3910 322
3911 315
3912 310
3913 314
3914 326
3915 325
3916 318
3917 323
3918 319
3919 309
3920 305
3921 306
3922 310
3923 313
3924 312
3925 317
3926 328
3927 316
3928 317
3929 321
3930 317
3931 323
3932 318
3933 312
3934 318
3935 318
3936 313
3937 313
3938 321
3939 317
3940 327
3941 318
3942 320
3943 318
3944 314
3945 322
3946 325
3947 314
3948 327
3949 318
3950 322
3951 325
3952 326
3953 327
3954 321
3955 326
3956 323
3957 321
3958 322
3959 315
3960 326
3961 324
3962 319
3963 316
3964 321
3965 322
3966 326
3967 323
3968 327
3969 323
3970 324
3971 322
3972 323
3973 324
3974 324
3975 328
3976 327
3977 320
3978 326
3979 321
3980 321
3981 323
3982 329
3983 329
3984 326
3985 324
3986 320
3987 325
3988 326
3989 327
3990 331
3991 328
3992 326
3993 321
3994 324
3995 320
3996 324
3997 324
3998 318
