2.000000000000000000e+02 5.460002595830712124e+01
2.003999938964843750e+02 5.599853782940713387e+01
2.008000030517578125e+02 6.804248678006661066e+01
2.011999969482421875e+02 6.240366951765508219e+01
2.016000061035156250e+02 7.003178041089333306e+01
2.020000000000000000e+02 5.459367407745754974e+01
2.023999938964843750e+02 4.154176019297463540e+01
2.028000030517578125e+02 8.037788419259010197e+01
2.031999969482421875e+02 8.090547939655360210e+01
2.036000061035156250e+02 5.620309860472896446e+01
2.040000000000000000e+02 6.502883408914009067e+01
2.043999938964843750e+02 7.701033480939621256e+01
2.048000030517578125e+02 6.961745612633980329e+01
2.051999969482421875e+02 4.773799957021796558e+01
2.056000061035156250e+02 5.010384681591287404e+01
2.060000000000000000e+02 6.853800059655296195e+01
2.063999938964843750e+02 5.004170864759453252e+01
2.068000030517578125e+02 4.700838519076921784e+01
2.071999969482421875e+02 5.531301725687085735e+01
2.076000061035156250e+02 8.559873006800144424e+01
2.080000000000000000e+02 5.589477928076394875e+01
2.083999938964843750e+02 6.077633446056710653e+01
2.088000030517578125e+02 4.595809943124828578e+01
2.091999969482421875e+02 7.511936055626895836e+01
2.096000061035156250e+02 3.228098208278179726e+01
2.100000000000000000e+02 6.661657977929245078e+01
2.103999938964843750e+02 5.884350861497428298e+01
2.108000030517578125e+02 7.226969275321773978e+01
2.111999969482421875e+02 3.146835815600450204e+01
2.116000061035156250e+02 6.159946325916192933e+01
2.120000000000000000e+02 6.772419477236670105e+01
2.123999938964843750e+02 8.125252678370762283e+01
2.128000030517578125e+02 2.296637423655231558e+01
2.131999969482421875e+02 3.621241784237561490e+01
2.136000061035156250e+02 5.473903643061437663e+01
2.140000000000000000e+02 5.147332974223748181e+01
2.143999938964843750e+02 5.063270688021187738e+01
2.148000030517578125e+02 4.668508903145152544e+01
2.151999969482421875e+02 5.346842020047917998e+01
2.156000061035156250e+02 4.887146863102979211e+01
2.160000000000000000e+02 4.742612920615876959e+01
2.163999938964843750e+02 3.621427998376330493e+01
2.168000030517578125e+02 2.957650093805055036e+01
2.171999969482421875e+02 3.881841855551186882e+01
2.176000061035156250e+02 4.842720556124582743e+01
2.180000000000000000e+02 8.227729051991533993e+01
2.183999938964843750e+02 7.128410463249186080e+01
2.188000030517578125e+02 6.388174613342407326e+01
2.191999969482421875e+02 6.193838204972487915e+01
2.196000061035156250e+02 7.060111055915128020e+01
2.200000000000000000e+02 6.516255633415168802e+01
2.203999938964843750e+02 6.237442155884960471e+01
2.208000030517578125e+02 2.301170819937873091e+01
2.211999969482421875e+02 5.046721606565078844e+01
2.216000061035156250e+02 4.860990914010536557e+01
2.220000000000000000e+02 5.483883230986955937e+01
2.223999938964843750e+02 5.749508436994732818e+01
2.228000030517578125e+02 4.795316012610085465e+01
2.231999969482421875e+02 7.616313824864481319e+01
2.236000061035156250e+02 8.761916829263211071e+01
2.240000000000000000e+02 6.012701240679908210e+01
2.243999938964843750e+02 8.037376090896773917e+01
2.248000030517578125e+02 8.479065998190498021e+01
2.251999969482421875e+02 6.604460410071168042e+01
2.256000061035156250e+02 6.072700631900006130e+01
2.260000000000000000e+02 7.521447078392998264e+01
2.263999938964843750e+02 5.493275592948567976e+01
2.268000030517578125e+02 5.936269137527290951e+01
2.271999969482421875e+02 8.226813057817864205e+01
2.276000061035156250e+02 4.603988630347635080e+01
2.280000000000000000e+02 2.809140498767766303e+01
2.283999938964843750e+02 1.772095985908670457e+01
2.288000030517578125e+02 2.039512867448112488e+01
2.291999969482421875e+02 2.194557154367540974e+01
2.296000061035156250e+02 3.324387423050221457e+01
2.300000000000000000e+02 4.850929967380594121e+01
2.303999938964843750e+02 6.258155713515652963e+01
2.308000030517578125e+02 5.416318419743288359e+01
2.311999969482421875e+02 6.914468574807617074e+01
2.316000061035156250e+02 8.462335753119225501e+01
2.320000000000000000e+02 3.949271733650473948e+01
2.323999938964843750e+02 4.396629588239571262e+01
2.328000030517578125e+02 3.879655533828349689e+01
2.331999969482421875e+02 9.466121707419848263e+00
2.336000061035156250e+02 8.812231528175757944e+00
2.340000000000000000e+02 7.657555893893646548e+00
2.343999938964843750e+02 8.490878058939429707e+00
2.348000030517578125e+02 1.175526441918055731e+01
2.351999969482421875e+02 1.096566590509963923e+01
2.356000061035156250e+02 1.039039418218202115e+01
2.360000000000000000e+02 1.081851650344219884e+01
2.363999938964843750e+02 1.113629050542750498e+01
2.368000030517578125e+02 1.045350870985037872e+01
2.371999969482421875e+02 1.136723142112988327e+01
2.376000061035156250e+02 1.167016720368366123e+01
2.380000000000000000e+02 1.053602693094484799e+01
2.383999938964843750e+02 6.378341873159195430e+00
2.388000030517578125e+02 7.070897027244850364e+00
2.391999969482421875e+02 5.735630013208508515e+00
2.396000061035156250e+02 6.993224074779904598e+00
2.400000000000000000e+02 5.980369222912170990e+00
2.403999938964843750e+02 5.614319756730979272e+00
2.408000030517578125e+02 5.403484587869209044e+00
2.411999969482421875e+02 6.088913327930463026e+00
2.416000061035156250e+02 5.838294137735281275e+00
2.420000000000000000e+02 5.850779312557100376e+00
2.423999938964843750e+02 5.545095332130995480e+00
2.428000030517578125e+02 5.524963887080301284e+00
2.431999969482421875e+02 8.012874054096101872e+00
2.436000061035156250e+02 5.316881538148421349e+00
2.440000000000000000e+02 6.032117643071464030e+00
2.443999938964843750e+02 6.124581454360308541e+00
2.448000030517578125e+02 5.984777903876953076e+00
2.451999969482421875e+02 6.155810943269070634e+00
2.456000061035156250e+02 6.225899263577716169e+00
2.460000000000000000e+02 6.715745346633037904e+00
2.463999938964843750e+02 5.930487483048434427e+00
2.468000030517578125e+02 6.023890377799101081e+00
2.471999969482421875e+02 5.876302227225662200e+00
2.476000061035156250e+02 5.832312431318560364e+00
2.480000000000000000e+02 6.119223413494100150e+00
2.483999938964843750e+02 5.873939947728009869e+00
2.488000030517578125e+02 5.885259621221655912e+00
2.491999969482421875e+02 5.903764821253984607e+00
2.496000061035156250e+02 6.366704860252455411e+00
2.500000000000000000e+02 5.804116002619338133e+00
2.503999938964843750e+02 6.407553772982224061e+00
2.508000030517578125e+02 6.596151665274771148e+00
2.511999969482421875e+02 5.681564414551133702e+00
2.516000061035156250e+02 6.288242645248447005e+00
2.520000000000000000e+02 6.052648928465203859e+00
2.523999938964843750e+02 6.188647112287986474e+00
2.528000030517578125e+02 6.200538485484928586e+00
2.531999969482421875e+02 6.654404653417605786e+00
2.536000061035156250e+02 6.419029407337015769e+00
2.540000000000000000e+02 6.811304550742817376e+00
2.543999938964843750e+02 9.653688254785574685e+00
2.548000030517578125e+02 1.136787023543711683e+01
2.551999969482421875e+02 1.093003262824287525e+01
2.556000061035156250e+02 1.202509409481827340e+01
2.560000000000000000e+02 1.142500546627089619e+01
2.563999938964843750e+02 1.204199042093663152e+01
2.567999877929687500e+02 1.093570536022288486e+01
2.572000122070312500e+02 1.087842886675832688e+01
2.576000061035156250e+02 1.155911732235577638e+01
2.580000000000000000e+02 1.115804498667393041e+01
2.583999938964843750e+02 1.090598944127104097e+01
2.587999877929687500e+02 1.133994687783292221e+01
2.592000122070312500e+02 1.139414648676403452e+01
2.596000061035156250e+02 1.039050660186273056e+01
2.600000000000000000e+02 1.113073980283148501e+01
2.603999938964843750e+02 1.123794263286189832e+01
2.607999877929687500e+02 1.187592750140130704e+01
2.612000122070312500e+02 1.135556954881744751e+01
2.616000061035156250e+02 1.166397136999273343e+01
2.620000000000000000e+02 1.183922618446687203e+01
2.623999938964843750e+02 1.133111679067357080e+01
2.627999877929687500e+02 1.169494927497044046e+01
2.632000122070312500e+02 1.092629307060778565e+01
2.636000061035156250e+02 1.104011396007911117e+01
2.640000000000000000e+02 9.844978551366867947e+00
2.643999938964843750e+02 1.190310215652433889e+01
2.647999877929687500e+02 1.185923587119162015e+01
2.652000122070312500e+02 9.410298778084731808e+00
2.656000061035156250e+02 9.420290535385243302e+00
2.660000000000000000e+02 8.716027872078326411e+00
2.663999938964843750e+02 9.478773403656690633e+00
2.667999877929687500e+02 6.220385616073382806e+00
2.672000122070312500e+02 9.639501425077027008e+00
2.676000061035156250e+02 1.016267207330007238e+01
2.680000000000000000e+02 1.087261258377282758e+01
2.683999938964843750e+02 1.072965085860802859e+01
2.687999877929687500e+02 9.935039078867605511e+00
2.692000122070312500e+02 1.123870030127984165e+01
2.696000061035156250e+02 8.077901129095900856e+00
2.700000000000000000e+02 1.115474507513176938e+01
2.703999938964843750e+02 1.018081545750733241e+01
2.707999877929687500e+02 1.085625160309456483e+01
2.712000122070312500e+02 1.043341044916400406e+01
2.716000061035156250e+02 1.042396633188678656e+01
2.720000000000000000e+02 1.051218988566109402e+01
2.723999938964843750e+02 1.163194774188153069e+01
2.727999877929687500e+02 9.395154951272539634e+00
2.732000122070312500e+02 9.497916337670162079e+00
2.736000061035156250e+02 8.968708094674781250e+00
2.740000000000000000e+02 1.062653014222858694e+01
2.743999938964843750e+02 9.999320402252678264e+00
2.747999877929687500e+02 8.923012155723789363e+00
2.752000122070312500e+02 4.349306356963203335e+00
2.756000061035156250e+02 5.419416755881078629e+00
2.760000000000000000e+02 7.927675564568891886e+00
2.763999938964843750e+02 4.436924900745468747e+00
2.767999877929687500e+02 7.656180192452151978e+00
2.772000122070312500e+02 4.406084567028583088e+00
2.776000061035156250e+02 8.077472028848291075e+00
2.780000000000000000e+02 6.794926768372752335e+00
2.783999938964843750e+02 4.669894301978277262e+00
2.787999877929687500e+02 4.206953116930402636e+00
2.792000122070312500e+02 6.542943306249997093e+00
2.796000061035156250e+02 4.462080951997720035e+00
2.800000000000000000e+02 4.942459100075289768e+00
2.803999938964843750e+02 5.081111734141269487e+00
2.807999877929687500e+02 2.920228527129362206e+00
2.812000122070312500e+02 3.466547725129567326e+00
2.816000061035156250e+02 2.845076878149026989e+00
2.820000000000000000e+02 2.759466772077400432e+00
2.823999938964843750e+02 3.435906550374318247e+00
2.827999877929687500e+02 4.191675890378738778e+00
2.832000122070312500e+02 4.459037774067327931e+00
2.836000061035156250e+02 3.446436061816581020e+00
2.840000000000000000e+02 3.014503580188715226e+00
2.843999938964843750e+02 3.265652246259595159e+00
2.847999877929687500e+02 6.398266235253789347e+00
2.852000122070312500e+02 4.033672613405880902e+00
2.856000061035156250e+02 3.130248191079866071e+00
2.860000000000000000e+02 3.417951967164814864e+00
2.863999938964843750e+02 4.380504578563368945e+00
2.867999877929687500e+02 4.859847790997568140e+00
2.872000122070312500e+02 3.533357403881993264e+00
2.876000061035156250e+02 7.354248545173249774e+00
2.880000000000000000e+02 5.232918239071554289e+00
2.883999938964843750e+02 4.717083530258561197e+00
2.887999877929687500e+02 4.458257531990911460e+00
2.892000122070312500e+02 4.114672607760192946e+00
2.896000061035156250e+02 3.877070264572354485e+00
2.900000000000000000e+02 4.094330117641810318e+00
2.903999938964843750e+02 4.152381798083089492e+00
2.907999877929687500e+02 4.962632123413766472e+00
2.912000122070312500e+02 8.430198438857701149e+00
2.916000061035156250e+02 7.638869702322684141e+00
2.920000000000000000e+02 3.952461176715845514e+00
2.923999938964843750e+02 5.781581776370557257e+00
2.927999877929687500e+02 4.340650133073131300e+00
2.932000122070312500e+02 4.267080508179399878e+00
2.936000061035156250e+02 4.702914669493865496e+00
2.940000000000000000e+02 6.302977417918081748e+00
2.943999938964843750e+02 7.710620023192706896e+00
2.947999877929687500e+02 7.834298436882700223e+00
2.952000122070312500e+02 8.590257493603388639e+00
2.956000061035156250e+02 6.831473133165962608e+00
2.960000000000000000e+02 4.395970111166693783e+00
2.963999938964843750e+02 6.199618691507422064e+00
2.967999877929687500e+02 4.295675122996014395e+00
2.972000122070312500e+02 4.162615378403896393e+00
2.976000061035156250e+02 4.418988458152100840e+00
2.980000000000000000e+02 5.320193415772031642e+00
2.983999938964843750e+02 5.372471538304025351e+00
2.987999877929687500e+02 4.865558634334714583e+00
2.992000122070312500e+02 4.587715456710638406e+00
2.996000061035156250e+02 5.625058258924341636e+00
3.000000000000000000e+02 4.252477769587259537e+00
3.003999938964843750e+02 4.512120608594844207e+00
3.007999877929687500e+02 6.902323521515831395e+00
3.012000122070312500e+02 4.764918686021830219e+00
3.016000061035156250e+02 5.037295577835515736e+00
3.020000000000000000e+02 4.855753898391367507e+00
3.023999938964843750e+02 4.291884275326391496e+00
3.027999877929687500e+02 4.098035569323672078e+00
3.032000122070312500e+02 4.437062030453300387e+00
3.036000061035156250e+02 4.414377222214612928e+00
3.040000000000000000e+02 4.447982440440676477e+00
3.043999938964843750e+02 4.494078643029946640e+00
3.047999877929687500e+02 4.688771048956223986e+00
3.052000122070312500e+02 3.857491860219887769e+00
3.056000061035156250e+02 4.155088479749080577e+00
3.060000000000000000e+02 4.501499962240282038e+00
3.063999938964843750e+02 4.190248347713841248e+00
3.067999877929687500e+02 3.910012322369395221e+00
3.072000122070312500e+02 3.881167976653686846e+00
3.076000061035156250e+02 4.477255906459986612e+00
3.080000000000000000e+02 4.473616014789487672e+00
3.083999938964843750e+02 4.911926180835188838e+00
3.087999877929687500e+02 4.635489347013606043e+00
3.092000122070312500e+02 4.338265480770927773e+00
3.096000061035156250e+02 4.201397210458237552e+00
3.100000000000000000e+02 4.744296659234912283e+00
3.103999938964843750e+02 4.516354295221440829e+00
3.107999877929687500e+02 4.616848423154880088e+00
3.112000122070312500e+02 3.958644265542143881e+00
3.116000061035156250e+02 4.534932379832715021e+00
3.120000000000000000e+02 4.135182193325533717e+00
3.123999938964843750e+02 5.226995731268988088e+00
3.127999877929687500e+02 4.375595268562816997e+00
3.132000122070312500e+02 4.262653578099706131e+00
3.136000061035156250e+02 4.384293732399812349e+00
3.140000000000000000e+02 3.990269500792320567e+00
3.143999938964843750e+02 8.002895455164745542e+00
3.147999877929687500e+02 7.237861465707680964e+00
3.152000122070312500e+02 7.104755355994697652e+00
3.156000061035156250e+02 6.874661047135184333e+00
3.160000000000000000e+02 7.497566405622095864e+00
3.163999938964843750e+02 4.576264708094580413e+00
3.167999877929687500e+02 4.085218759865316684e+00
3.172000122070312500e+02 3.995969531441792899e+00
3.176000061035156250e+02 4.066744424439828975e+00
3.180000000000000000e+02 3.876860053762943181e+00
3.183999938964843750e+02 3.948737352853712412e+00
3.187999877929687500e+02 3.896839118033134763e+00
3.192000122070312500e+02 4.370318536313664737e+00
3.196000061035156250e+02 7.043366467469913239e+00
3.200000000000000000e+02 8.739084169766265120e+00
