1.000000000000000000e+02 4.177015679056361286e+00
1.001999969482421875e+02 4.979653142551213385e+00
1.004000015258789062e+02 4.868610757990680327e+00
1.005999984741210938e+02 7.378728684939752647e+00
1.008000030517578125e+02 6.336567774524630714e+00
1.010000000000000000e+02 7.755952941610144258e+00
1.011999969482421875e+02 4.178013655457055719e+00
1.014000015258789062e+02 9.550253540974507516e+00
1.015999984741210938e+02 5.012705580823456408e+00
1.018000030517578125e+02 4.863662836497029573e+00
1.020000000000000000e+02 1.016017418574516284e+01
1.021999969482421875e+02 6.983840215093153780e+00
1.024000015258789062e+02 1.021236901126777141e+01
1.025999984741210938e+02 8.858684282198382220e+00
1.028000030517578125e+02 6.071309234493095452e+00
1.030000000000000000e+02 6.032894979629872090e+00
1.031999969482421875e+02 8.124584459898557043e+00
1.034000015258789062e+02 4.694200259205856263e+00
1.035999984741210938e+02 5.786620258870612155e+00
1.038000030517578125e+02 3.041039204769338866e+00
1.040000000000000000e+02 5.149722196760285087e+00
1.041999969482421875e+02 3.026349482456393236e+00
1.044000015258789062e+02 3.689606018920527308e+00
1.045999984741210938e+02 2.777389163280308271e+00
1.048000030517578125e+02 4.634972358948993509e+00
1.050000000000000000e+02 3.453341570727603838e+00
1.051999969482421875e+02 1.706220050275732536e+00
1.054000015258789062e+02 1.074635976561059358e+01
1.055999984741210938e+02 5.965869583095619433e+00
1.058000030517578125e+02 6.279712008825353742e+00
1.060000000000000000e+02 2.982700590442695532e+00
1.061999969482421875e+02 3.583173961192422041e+00
1.064000015258789062e+02 4.045935128632876854e+00
1.065999984741210938e+02 4.027564252967430036e+00
1.068000030517578125e+02 6.965543408751702970e+00
1.070000000000000000e+02 3.434284830940301347e+00
1.071999969482421875e+02 4.012808983616348080e+00
1.074000015258789062e+02 3.410320785861990167e+00
1.075999984741210938e+02 2.690274945814643548e+00
1.078000030517578125e+02 3.795690084195491920e+00
1.080000000000000000e+02 4.032276700374026746e+00
1.081999969482421875e+02 3.157985972785813722e+00
1.084000015258789062e+02 3.769938771435872749e+00
1.085999984741210938e+02 4.899689918639028363e+00
1.088000030517578125e+02 6.421879708423453792e+00
1.090000000000000000e+02 2.444657730615493740e+00
1.091999969482421875e+02 3.452224569552111433e+00
1.094000015258789062e+02 3.019956805895552598e+00
1.095999984741210938e+02 2.947170589850728550e+00
1.098000030517578125e+02 1.723834055977675916e+00
1.100000000000000000e+02 3.603653198378562017e+00
1.101999969482421875e+02 2.339888181300210590e+00
1.104000015258789062e+02 2.340442396323296315e+00
1.105999984741210938e+02 2.752695238650287202e+00
1.108000030517578125e+02 2.816568072085675833e+00
1.110000000000000000e+02 3.017236517550089481e+00
1.111999969482421875e+02 2.591272392008022951e+00
1.114000015258789062e+02 2.137646375349522287e+00
1.115999984741210938e+02 3.751663603082327825e+00
1.118000030517578125e+02 5.416254740154125891e+00
1.120000000000000000e+02 3.558655978096815886e+00
1.121999969482421875e+02 5.981481524920592818e+00
1.124000015258789062e+02 5.298087651452829228e+00
1.125999984741210938e+02 5.048115219354476935e+00
1.128000030517578125e+02 4.344833828315991298e+00
1.130000000000000000e+02 3.268015129049712364e+00
1.131999969482421875e+02 5.636382298440259397e+00
1.134000015258789062e+02 4.715756812372602802e+00
1.135999984741210938e+02 2.636483819530889949e+00
1.138000030517578125e+02 5.710254597132919052e+00
1.140000000000000000e+02 1.624754424482049764e+00
1.141999969482421875e+02 2.599213800098707061e+00
1.144000015258789062e+02 5.368354223355122912e+00
1.145999984741210938e+02 4.626947137888069328e+00
1.148000030517578125e+02 2.581189818866935326e+00
1.150000000000000000e+02 2.741618499568847955e+00
1.151999969482421875e+02 2.487498987756632918e+00
1.154000015258789062e+02 2.705852542586175247e+00
1.155999984741210938e+02 2.994934666400384859e+00
1.158000030517578125e+02 5.347462603193884334e+00
1.160000000000000000e+02 4.248989327337113764e+00
1.161999969482421875e+02 1.480925308370239613e+00
1.164000015258789062e+02 4.732285196319725884e+00
1.165999984741210938e+02 1.718826813631357808e+00
1.168000030517578125e+02 3.598191594469952292e+00
1.170000000000000000e+02 2.599729888714039649e+00
1.171999969482421875e+02 2.555130626433078422e+00
1.174000015258789062e+02 3.244761924551135657e+00
1.175999984741210938e+02 2.644762114681804999e+00
1.178000030517578125e+02 3.333824951313779650e+00
1.180000000000000000e+02 3.166133304424952222e+00
1.181999969482421875e+02 2.578212955150988694e+00
1.184000015258789062e+02 4.656951223365093817e+00
1.185999984741210938e+02 6.700491906661826036e+00
1.188000030517578125e+02 5.166741459946634585e+00
1.190000000000000000e+02 4.579742022339428509e+00
1.191999969482421875e+02 3.026581483172313458e+00
1.194000015258789062e+02 4.619072661723631512e+00
1.195999984741210938e+02 3.847216794431822073e+00
1.198000030517578125e+02 4.050440591632351151e+00
1.200000000000000000e+02 3.431490595727264115e+00
1.201999969482421875e+02 3.303661661652937287e+00
1.204000015258789062e+02 3.497765909988074462e+00
1.205999984741210938e+02 3.999090952366964657e+00
1.208000030517578125e+02 3.805704760312544899e+00
1.210000000000000000e+02 3.692531306654099676e+00
1.211999969482421875e+02 2.798729739615422929e+00
1.214000015258789062e+02 4.169256656170937880e+00
1.215999984741210938e+02 4.624738480509707372e+00
1.218000030517578125e+02 5.236321859960209935e+00
1.220000000000000000e+02 5.728571747886084253e+00
1.221999969482421875e+02 2.979108310707485607e+00
1.224000015258789062e+02 3.636784671652157908e+00
1.225999984741210938e+02 3.254306860407852220e+00
1.228000030517578125e+02 1.512856065735141753e+00
1.230000000000000000e+02 2.772729157810623235e+00
1.231999969482421875e+02 2.425083420439139381e+00
1.234000015258789062e+02 2.523985161600431848e+00
1.235999984741210938e+02 3.902449008393854779e+00
1.238000030517578125e+02 4.490125899599544113e+00
1.240000000000000000e+02 2.229325948868449370e+00
1.241999969482421875e+02 2.427449783334728384e+00
1.244000015258789062e+02 3.763408793999071911e+00
1.245999984741210938e+02 6.067821313934605776e+00
1.248000030517578125e+02 5.844796891710888787e+00
1.250000000000000000e+02 2.249551947997073587e+00
1.251999969482421875e+02 5.321194664112978145e+00
1.254000015258789062e+02 6.207034201415312147e+00
1.255999984741210938e+02 5.306496361335516276e+00
1.258000030517578125e+02 3.978657766009178420e+00
1.260000000000000000e+02 6.855143542864880146e+00
1.261999969482421875e+02 4.533455259964532580e+00
1.264000015258789062e+02 3.172361670765120323e+00
1.265999984741210938e+02 2.825950935855937818e+00
1.268000030517578125e+02 2.317636555574998702e+00
1.270000000000000000e+02 2.608605118212923291e+00
1.271999969482421875e+02 3.362234035189455739e+00
1.274000015258789062e+02 2.980475568922785978e+00
1.275999984741210938e+02 3.511611983587331842e+00
1.278000030517578125e+02 4.033927820679582332e+00
1.280000000000000000e+02 3.309750119956271330e+00
1.281999969482421875e+02 6.497107246831040683e+00
1.283999938964843750e+02 2.379167370853568997e+00
1.286000061035156250e+02 4.883059078224111005e+00
1.288000030517578125e+02 2.325111099763740086e+00
1.290000000000000000e+02 1.779034259990381228e+00
1.291999969482421875e+02 3.115520474405867102e+00
1.293999938964843750e+02 3.395269102867838118e+00
1.296000061035156250e+02 4.861360353061025208e+00
1.298000030517578125e+02 4.732118328987267475e+00
1.300000000000000000e+02 2.288389432817397484e+00
1.301999969482421875e+02 2.674646926952217729e+00
1.303999938964843750e+02 3.843978396639921691e+00
1.306000061035156250e+02 4.084415738194579149e+00
1.308000030517578125e+02 5.806502938240499567e+00
1.310000000000000000e+02 5.923592955888027589e+00
1.311999969482421875e+02 3.596416694357203792e+00
1.313999938964843750e+02 3.428692447884486683e+00
1.316000061035156250e+02 2.871546870843604715e+00
1.318000030517578125e+02 3.599113198186661755e+00
1.320000000000000000e+02 4.580879040737619867e+00
1.321999969482421875e+02 3.054404974341881740e+00
1.323999938964843750e+02 3.833537241674126683e+00
1.326000061035156250e+02 3.413480570926603619e+00
1.328000030517578125e+02 3.254181718376418342e+00
1.330000000000000000e+02 2.545841812324058040e+00
1.331999969482421875e+02 3.736590388679950969e+00
1.333999938964843750e+02 2.682004284843636732e+00
1.336000061035156250e+02 8.180943337967676143e+00
1.338000030517578125e+02 5.980457469711063290e+00
1.340000000000000000e+02 5.623473663362274166e+00
1.341999969482421875e+02 8.433483035541387451e+00
1.343999938964843750e+02 4.576780295114445174e+00
1.346000061035156250e+02 1.028321637511496967e+01
1.348000030517578125e+02 8.108304787246103373e+00
1.350000000000000000e+02 2.819686700944863400e+00
1.351999969482421875e+02 1.536915346326759080e+00
1.353999938964843750e+02 3.613818196889813095e+00
1.356000061035156250e+02 6.323164822297847820e+00
1.358000030517578125e+02 3.300424988549405914e+00
1.360000000000000000e+02 5.349562822686436014e+00
1.361999969482421875e+02 4.972313274914725412e+00
1.363999938964843750e+02 4.598653440139846005e+00
1.366000061035156250e+02 3.865085468188239837e+00
1.368000030517578125e+02 4.730094834814977389e+00
1.370000000000000000e+02 6.096963284964965091e+00
1.371999969482421875e+02 7.522581747982864719e+00
1.373999938964843750e+02 4.431021122479201324e+00
1.376000061035156250e+02 5.401328344978975515e+00
1.378000030517578125e+02 2.291646468740787146e+00
1.380000000000000000e+02 3.395506227203169303e+00
1.381999969482421875e+02 4.899305844187591852e+00
1.383999938964843750e+02 3.680177578721981035e+00
1.386000061035156250e+02 4.715942994574408687e+00
1.388000030517578125e+02 7.507477925908768057e+00
1.390000000000000000e+02 6.373364513511663887e+00
1.391999969482421875e+02 8.852227553143350747e+00
1.393999938964843750e+02 6.604466458719670641e+00
1.396000061035156250e+02 7.876748288053066815e+00
1.398000030517578125e+02 6.303680289407473047e+00
1.400000000000000000e+02 8.700031689242402777e+00
1.401999969482421875e+02 7.218232271911006137e+00
1.403999938964843750e+02 8.043281356682523864e+00
1.406000061035156250e+02 7.443820971647386209e+00
1.408000030517578125e+02 8.342406419926126304e+00
1.410000000000000000e+02 6.087658955017724693e+00
1.411999969482421875e+02 5.567538627561431142e+00
1.413999938964843750e+02 6.043218348464479028e+00
1.416000061035156250e+02 9.771863344958870101e+00
1.418000030517578125e+02 8.296499893270960158e+00
1.420000000000000000e+02 9.894241313769690294e+00
1.421999969482421875e+02 9.692214625432608699e+00
1.423999938964843750e+02 8.654763615826972512e+00
1.426000061035156250e+02 8.603618345311053517e+00
1.428000030517578125e+02 7.986468950440267278e+00
1.430000000000000000e+02 8.612567580376238041e+00
1.431999969482421875e+02 7.610190564416503101e+00
1.433999938964843750e+02 4.109241399893632796e+00
1.436000061035156250e+02 3.271060455875024697e+00
1.438000030517578125e+02 5.265046301161429909e+00
1.440000000000000000e+02 6.191042776440181861e+00
1.441999969482421875e+02 6.024471603761977434e+00
1.443999938964843750e+02 4.386225667423119035e+00
1.446000061035156250e+02 5.645088600123054690e+00
1.448000030517578125e+02 1.033172671803143494e+01
1.450000000000000000e+02 1.016790055291975570e+01
1.451999969482421875e+02 6.319124123393379477e+00
1.453999938964843750e+02 4.605544777825391733e+00
1.456000061035156250e+02 1.189892163957688886e+01
1.458000030517578125e+02 1.249472407596681478e+01
1.460000000000000000e+02 6.828890939265268578e+00
1.461999969482421875e+02 7.632768772079809416e+00
1.463999938964843750e+02 4.705782321854862893e+00
1.466000061035156250e+02 8.186459340525908956e+00
1.468000030517578125e+02 7.243634206826401467e+00
1.470000000000000000e+02 3.999333855540821325e+00
1.471999969482421875e+02 3.699097348460552048e+00
1.473999938964843750e+02 3.462535134428022854e+00
1.476000061035156250e+02 3.096040196730452720e+00
1.478000030517578125e+02 4.654609288267739231e+00
1.480000000000000000e+02 7.076998871119537071e+00
1.481999969482421875e+02 8.030154669833079240e+00
1.483999938964843750e+02 7.482293420949101659e+00
1.486000061035156250e+02 4.970638836921447812e+00
1.488000030517578125e+02 4.422168239186288652e+00
1.490000000000000000e+02 1.030278839791946943e+01
1.491999969482421875e+02 9.800546991753016357e+00
1.493999938964843750e+02 1.518957340922022325e+01
1.496000061035156250e+02 1.940964015789639774e+01
1.498000030517578125e+02 2.517155137340182236e+01
1.500000000000000000e+02 3.227319975904744354e+01
1.501999969482421875e+02 3.094680544675405542e+01
1.503999938964843750e+02 4.013668337098089722e+01
1.506000061035156250e+02 5.503846604396098030e+01
1.508000030517578125e+02 8.357859222809824473e+01
1.510000000000000000e+02 6.804118317074636479e+01
1.511999969482421875e+02 7.978119528356907608e+01
1.513999938964843750e+02 6.578373030806193356e+01
1.516000061035156250e+02 8.327829022860798602e+01
1.518000030517578125e+02 7.485065615751560131e+01
1.520000000000000000e+02 6.886360312064664413e+01
1.521999969482421875e+02 6.354692508014072416e+01
1.523999938964843750e+02 6.797879470686788750e+01
1.526000061035156250e+02 6.927514066219708866e+01
1.528000030517578125e+02 6.104801714270659829e+01
1.530000000000000000e+02 3.482862611681125031e+01
1.531999969482421875e+02 4.475512587577974699e+01
1.533999938964843750e+02 7.632164607422620861e+01
1.536000061035156250e+02 6.323430661872725977e+01
1.538000030517578125e+02 5.485974125523634370e+01
1.540000000000000000e+02 5.194288456544430943e+01
1.541999969482421875e+02 4.333927566669859743e+01
1.543999938964843750e+02 3.310598496222061726e+01
1.546000061035156250e+02 6.505314356320629088e+01
1.548000030517578125e+02 1.053604240438612436e+02
1.550000000000000000e+02 7.128439808515527432e+01
1.551999969482421875e+02 5.861945896524479593e+01
1.553999938964843750e+02 4.171969122073885927e+01
1.556000061035156250e+02 6.233971473524358942e+01
1.558000030517578125e+02 5.782621012729384802e+01
1.560000000000000000e+02 4.305791182694321861e+01
1.561999969482421875e+02 3.618642544957193508e+01
1.563999938964843750e+02 4.238447700982389676e+01
1.566000061035156250e+02 5.557300295682887992e+01
1.568000030517578125e+02 4.799873873169356386e+01
1.570000000000000000e+02 7.396910152147594886e+01
1.571999969482421875e+02 5.442044815998809781e+01
1.573999938964843750e+02 5.334125709146356087e+01
1.576000061035156250e+02 7.902223570404760267e+01
1.578000030517578125e+02 4.878117675320184787e+01
1.580000000000000000e+02 7.305183874810771272e+01
1.581999969482421875e+02 8.566497985033861085e+01
1.583999938964843750e+02 6.653855705317498348e+01
1.586000061035156250e+02 8.768430601958996817e+01
1.588000030517578125e+02 6.690764314080534803e+01
1.590000000000000000e+02 8.646704435941045119e+01
1.591999969482421875e+02 8.035191402042634934e+01
1.593999938964843750e+02 7.329356282650233823e+01
1.596000061035156250e+02 8.365546775941511726e+01
1.598000030517578125e+02 7.989042519066209991e+01
1.600000000000000000e+02 7.929240260477509139e+01
