200.00000000000000000000   17
200.10000000000000000000   18
200.20000000000000000000   19
200.30000000000000000000   20
200.40000000000000000000   23
200.50000000000000000000   20
200.60000000000000000000   19
200.70000000000000000000   18
200.80000000000000000000   22
200.90000000000000000000   22
201.00000000000000000000   21
201.10000000000000000000   19
201.20000000000000000000   17
201.30000000000000000000   16
201.40000000000000000000   17
201.50000000000000000000   19
201.60000000000000000000   15
201.70000000000000000000   19
201.80000000000000000000   19
201.90000000000000000000   19
202.00000000000000000000   17
202.10000000000000000000   18
202.20000000000000000000   19
202.30000000000000000000   21
202.40000000000000000000   17
202.50000000000000000000   17
202.60000000000000000000   21
202.70000000000000000000   17
202.80000000000000000000   18
202.90000000000000000000   17
203.00000000000000000000   19
203.10000000000000000000   17
203.20000000000000000000   15
203.30000000000000000000   19
203.40000000000000000000   19
203.50000000000000000000   21
203.60000000000000000000   19
203.70000000000000000000   17
203.80000000000000000000   14
203.90000000000000000000   11
204.00000000000000000000   12
204.10000000000000000000   12
204.20000000000000000000   10
204.30000000000000000000   9
204.40000000000000000000   10
204.50000000000000000000   10
204.60000000000000000000   11
204.70000000000000000000   10
204.80000000000000000000   12
204.90000000000000000000   11
205.00000000000000000000   10
205.10000000000000000000   7
205.20000000000000000000   14
205.30000000000000000000   21
205.40000000000000000000   21
205.50000000000000000000   21
205.60000000000000000000   19
205.70000000000000000000   19
205.80000000000000000000   20
205.90000000000000000000   19
206.00000000000000000000   21
206.10000000000000000000   15
206.20000000000000000000   14
206.30000000000000000000   16
206.40000000000000000000   16
206.50000000000000000000   17
206.60000000000000000000   15
206.70000000000000000000   17
206.80000000000000000000   14
206.90000000000000000000   16
207.00000000000000000000   17
207.10000000000000000000   16
207.20000000000000000000   18
207.30000000000000000000   17
207.40000000000000000000   18
207.50000000000000000000   17
207.60000000000000000000   19
207.70000000000000000000   19
207.80000000000000000000   16
207.90000000000000000000   17
208.00000000000000000000   17
208.10000000000000000000   15
208.20000000000000000000   17
208.30000000000000000000   16
208.40000000000000000000   15
208.50000000000000000000   17
208.60000000000000000000   19
208.70000000000000000000   15
208.80000000000000000000   18
208.90000000000000000000   17
209.00000000000000000000   19
209.10000000000000000000   20
209.20000000000000000000   19
209.30000000000000000000   17
209.40000000000000000000   18
209.50000000000000000000   17
209.60000000000000000000   18
209.70000000000000000000   17
209.80000000000000000000   16
209.90000000000000000000   17
210.00000000000000000000   16
210.10000000000000000000   16
210.20000000000000000000   17
210.30000000000000000000   16
210.40000000000000000000   16
210.50000000000000000000   12
210.60000000000000000000   13
210.70000000000000000000   17
210.80000000000000000000   14
210.90000000000000000000   15
211.00000000000000000000   13
211.10000000000000000000   11
211.20000000000000000000   14
211.30000000000000000000   19
211.40000000000000000000   15
211.50000000000000000000   18
211.60000000000000000000   16
211.70000000000000000000   15
211.80000000000000000000   17
211.90000000000000000000   20
212.00000000000000000000   16
212.10000000000000000000   18
212.20000000000000000000   18
212.30000000000000000000   18
212.40000000000000000000   21
212.50000000000000000000   18
212.60000000000000000000   20
212.70000000000000000000   17
212.80000000000000000000   18
212.90000000000000000000   17
213.00000000000000000000   16
213.10000000000000000000   14
213.20000000000000000000   13
213.30000000000000000000   11
213.40000000000000000000   18
213.50000000000000000000   15
213.60000000000000000000   15
213.70000000000000000000   14
213.80000000000000000000   16
213.90000000000000000000   17
214.00000000000000000000   16
214.10000000000000000000   19
214.20000000000000000000   18
214.30000000000000000000   16
214.40000000000000000000   15
214.50000000000000000000   14
214.60000000000000000000   15
214.70000000000000000000   14
214.80000000000000000000   16
214.90000000000000000000   18
215.00000000000000000000   14
215.10000000000000000000   13
215.20000000000000000000   13
215.30000000000000000000   13
215.40000000000000000000   13
215.50000000000000000000   13
215.60000000000000000000   13
215.70000000000000000000   14
215.80000000000000000000   13
215.90000000000000000000   14
216.00000000000000000000   16
216.10000000000000000000   16
216.20000000000000000000   17
216.30000000000000000000   16
216.40000000000000000000   14
216.50000000000000000000   15
216.60000000000000000000   16
216.70000000000000000000   13
216.80000000000000000000   14
216.90000000000000000000   14
217.00000000000000000000   15
217.10000000000000000000   14
217.20000000000000000000   13
217.30000000000000000000   14
217.40000000000000000000   13
217.50000000000000000000   14
217.60000000000000000000   13
217.70000000000000000000   14
217.80000000000000000000   12
217.90000000000000000000   16
218.00000000000000000000   15
218.10000000000000000000   12
218.20000000000000000000   12
218.30000000000000000000   15
218.40000000000000000000   14
218.50000000000000000000   13
218.60000000000000000000   15
218.70000000000000000000   14
218.80000000000000000000   20
218.90000000000000000000   16
219.00000000000000000000   19
219.10000000000000000000   19
219.20000000000000000000   20
219.30000000000000000000   21
219.40000000000000000000   16
219.50000000000000000000   20
219.60000000000000000000   18
219.70000000000000000000   19
219.80000000000000000000   17
219.90000000000000000000   14
220.00000000000000000000   19
220.10000000000000000000   19
220.20000000000000000000   19
220.30000000000000000000   19
220.40000000000000000000   23
220.50000000000000000000   20
220.60000000000000000000   16
220.70000000000000000000   17
220.80000000000000000000   18
220.90000000000000000000   15
221.00000000000000000000   19
221.10000000000000000000   19
221.20000000000000000000   17
221.30000000000000000000   19
221.40000000000000000000   20
221.50000000000000000000   21
221.60000000000000000000   17
221.70000000000000000000   16
221.80000000000000000000   19
221.90000000000000000000   20
222.00000000000000000000   20
222.10000000000000000000   21
222.20000000000000000000   20
222.30000000000000000000   19
222.40000000000000000000   20
222.50000000000000000000   20
222.60000000000000000000   19
222.70000000000000000000   20
222.80000000000000000000   22
222.90000000000000000000   21
223.00000000000000000000   20
223.10000000000000000000   19
223.20000000000000000000   21
223.30000000000000000000   21
223.40000000000000000000   19
223.50000000000000000000   20
223.60000000000000000000   22
223.70000000000000000000   19
223.80000000000000000000   19
223.90000000000000000000   18
224.00000000000000000000   19
224.10000000000000000000   19
224.20000000000000000000   20
224.30000000000000000000   19
224.40000000000000000000   21
224.50000000000000000000   20
224.60000000000000000000   21
224.70000000000000000000   20
224.80000000000000000000   20
224.90000000000000000000   20
225.00000000000000000000   19
225.10000000000000000000   19
225.20000000000000000000   19
225.30000000000000000000   19
225.40000000000000000000   20
225.50000000000000000000   21
225.60000000000000000000   19
225.70000000000000000000   23
225.80000000000000000000   27
225.90000000000000000000   21
226.00000000000000000000   20
226.10000000000000000000   19
226.20000000000000000000   10
226.30000000000000000000   13
226.40000000000000000000   10
226.50000000000000000000   15
226.60000000000000000000   13
226.70000000000000000000   10
226.80000000000000000000   8
226.90000000000000000000   7
227.00000000000000000000   6
227.10000000000000000000   8
227.20000000000000000000   8
227.30000000000000000000   6
227.40000000000000000000   9
227.50000000000000000000   11
227.60000000000000000000   10
227.70000000000000000000   13
227.80000000000000000000   13
227.90000000000000000000   11
228.00000000000000000000   10
228.10000000000000000000   7
228.20000000000000000000   8
228.30000000000000000000   11
228.40000000000000000000   17
228.50000000000000000000   10
228.60000000000000000000   8
228.70000000000000000000   9
228.80000000000000000000   7
228.90000000000000000000   7
229.00000000000000000000   9
229.10000000000000000000   8
229.20000000000000000000   11
229.30000000000000000000   12
229.40000000000000000000   10
229.50000000000000000000   13
229.60000000000000000000   15
229.70000000000000000000   12
229.80000000000000000000   12
229.90000000000000000000   10
230.00000000000000000000   13
230.10000000000000000000   6
230.20000000000000000000   8
230.30000000000000000000   11
230.40000000000000000000   15
230.50000000000000000000   12
230.60000000000000000000   15
230.70000000000000000000   12
230.80000000000000000000   11
230.90000000000000000000   9
231.00000000000000000000   15
231.10000000000000000000   10
231.20000000000000000000   13
231.30000000000000000000   14
231.40000000000000000000   8
231.50000000000000000000   13
231.60000000000000000000   9
231.70000000000000000000   11
231.80000000000000000000   15
231.90000000000000000000   11
232.00000000000000000000   15
232.10000000000000000000   15
232.20000000000000000000   12
232.30000000000000000000   13
232.40000000000000000000   14
232.50000000000000000000   8
232.60000000000000000000   13
232.70000000000000000000   7
232.80000000000000000000   8
232.90000000000000000000   9
233.00000000000000000000   13
233.10000000000000000000   16
233.20000000000000000000   9
233.30000000000000000000   8
233.40000000000000000000   9
233.50000000000000000000   7
233.60000000000000000000   14
233.70000000000000000000   13
233.80000000000000000000   15
233.90000000000000000000   20
234.00000000000000000000   15
234.10000000000000000000   10
234.20000000000000000000   14
234.30000000000000000000   12
234.40000000000000000000   10
234.50000000000000000000   13
234.60000000000000000000   12
234.70000000000000000000   11
234.80000000000000000000   12
234.90000000000000000000   11
235.00000000000000000000   9
235.10000000000000000000   13
235.20000000000000000000   13
235.30000000000000000000   15
235.40000000000000000000   12
235.50000000000000000000   15
235.60000000000000000000   13
235.70000000000000000000   12
235.80000000000000000000   11
235.90000000000000000000   15
236.00000000000000000000   13
236.10000000000000000000   5
236.20000000000000000000   7
236.30000000000000000000   14
236.40000000000000000000   6
236.50000000000000000000   12
236.60000000000000000000   11
236.70000000000000000000   13
236.80000000000000000000   12
236.90000000000000000000   10
237.00000000000000000000   14
237.10000000000000000000   13
237.20000000000000000000   14
237.30000000000000000000   12
237.40000000000000000000   12
237.50000000000000000000   9
237.60000000000000000000   13
237.70000000000000000000   14
237.80000000000000000000   8
237.90000000000000000000   6
238.00000000000000000000   11
238.10000000000000000000   14
238.20000000000000000000   12
238.30000000000000000000   13
238.40000000000000000000   13
238.50000000000000000000   12
238.60000000000000000000   15
238.70000000000000000000   13
238.80000000000000000000   12
238.90000000000000000000   14
239.00000000000000000000   17
239.10000000000000000000   17
239.20000000000000000000   12
239.30000000000000000000   9
239.40000000000000000000   10
239.50000000000000000000   9
239.60000000000000000000   12
239.70000000000000000000   10
239.80000000000000000000   10
239.90000000000000000000   8
240.00000000000000000000   8
240.10000000000000000000   12
240.20000000000000000000   9
240.30000000000000000000   6
240.40000000000000000000   9
240.50000000000000000000   11
240.60000000000000000000   9
240.70000000000000000000   9
240.80000000000000000000   13
240.90000000000000000000   11
241.00000000000000000000   10
241.10000000000000000000   10
241.20000000000000000000   12
241.30000000000000000000   12
241.40000000000000000000   7
241.50000000000000000000   11
241.60000000000000000000   11
241.70000000000000000000   9
241.80000000000000000000   10
241.90000000000000000000   6
242.00000000000000000000   7
242.10000000000000000000   9
242.20000000000000000000   9
242.30000000000000000000   12
242.40000000000000000000   15
242.50000000000000000000   12
242.60000000000000000000   15
242.70000000000000000000   20
242.80000000000000000000   16
242.90000000000000000000   18
243.00000000000000000000   15
243.10000000000000000000   16
243.20000000000000000000   15
243.30000000000000000000   10
243.40000000000000000000   13
243.50000000000000000000   17
243.60000000000000000000   16
243.70000000000000000000   17
243.80000000000000000000   19
243.90000000000000000000   19
244.00000000000000000000   19
244.10000000000000000000   16
244.20000000000000000000   17
244.30000000000000000000   19
244.40000000000000000000   14
244.50000000000000000000   6
244.60000000000000000000   10
244.70000000000000000000   18
244.80000000000000000000   14
244.90000000000000000000   14
245.00000000000000000000   15
245.10000000000000000000   16
245.20000000000000000000   18
245.30000000000000000000   18
245.40000000000000000000   19
245.50000000000000000000   17
245.60000000000000000000   17
245.70000000000000000000   18
245.80000000000000000000   18
245.90000000000000000000   17
246.00000000000000000000   18
246.10000000000000000000   18
246.20000000000000000000   17
246.30000000000000000000   20
246.40000000000000000000   20
246.50000000000000000000   20
246.60000000000000000000   22
246.70000000000000000000   18
246.80000000000000000000   19
246.90000000000000000000   16
247.00000000000000000000   11
247.10000000000000000000   18
247.20000000000000000000   20
247.30000000000000000000   15
247.40000000000000000000   15
247.50000000000000000000   20
247.60000000000000000000   21
247.70000000000000000000   17
247.80000000000000000000   17
247.90000000000000000000   20
248.00000000000000000000   17
248.10000000000000000000   18
248.20000000000000000000   17
248.30000000000000000000   16
248.40000000000000000000   15
248.50000000000000000000   15
248.60000000000000000000   14
248.70000000000000000000   16
248.80000000000000000000   15
248.90000000000000000000   13
249.00000000000000000000   13
249.10000000000000000000   15
249.20000000000000000000   15
249.30000000000000000000   16
249.40000000000000000000   17
249.50000000000000000000   13
249.60000000000000000000   19
249.70000000000000000000   17
249.80000000000000000000   17
249.90000000000000000000   19
250.00000000000000000000   14
250.10000000000000000000   20
250.20000000000000000000   22
250.30000000000000000000   16
250.40000000000000000000   17
250.50000000000000000000   15
250.60000000000000000000   14
250.70000000000000000000   23
250.80000000000000000000   16
250.90000000000000000000   17
251.00000000000000000000   14
251.10000000000000000000   16
251.20000000000000000000   17
251.30000000000000000000   14
251.40000000000000000000   14
251.50000000000000000000   15
251.60000000000000000000   18
251.70000000000000000000   15
251.80000000000000000000   15
251.90000000000000000000   16
252.00000000000000000000   17
252.10000000000000000000   16
252.20000000000000000000   17
252.30000000000000000000   17
252.40000000000000000000   18
252.50000000000000000000   12
252.60000000000000000000   12
252.70000000000000000000   15
252.80000000000000000000   17
252.90000000000000000000   15
253.00000000000000000000   15
253.10000000000000000000   11
253.20000000000000000000   11
253.30000000000000000000   10
253.40000000000000000000   14
253.50000000000000000000   11
253.60000000000000000000   11
253.70000000000000000000   10
253.80000000000000000000   12
253.90000000000000000000   11
254.00000000000000000000   14
254.10000000000000000000   18
254.20000000000000000000   19
254.30000000000000000000   14
254.40000000000000000000   18
254.50000000000000000000   19
254.60000000000000000000   14
254.70000000000000000000   14
254.80000000000000000000   12
254.90000000000000000000   21
255.00000000000000000000   18
255.10000000000000000000   13
255.20000000000000000000   8
255.30000000000000000000   12
255.40000000000000000000   14
255.50000000000000000000   13
255.60000000000000000000   12
255.70000000000000000000   13
255.80000000000000000000   12
255.90000000000000000000   13
256.00000000000000000000   11
256.10000000000000000000   14
256.20000000000000000000   11
256.30000000000000000000   15
256.40000000000000000000   12
256.50000000000000000000   13
256.60000000000000000000   14
256.70000000000000000000   14
256.80000000000000000000   14
256.90000000000000000000   14
257.00000000000000000000   13
257.10000000000000000000   17
257.20000000000000000000   17
257.30000000000000000000   18
257.40000000000000000000   21
257.50000000000000000000   19
257.60000000000000000000   18
257.70000000000000000000   13
257.80000000000000000000   12
257.90000000000000000000   11
258.00000000000000000000   13
258.10000000000000000000   13
258.20000000000000000000   12
258.30000000000000000000   13
258.40000000000000000000   13
258.50000000000000000000   13
258.60000000000000000000   15
258.70000000000000000000   17
258.80000000000000000000   15
258.90000000000000000000   14
259.00000000000000000000   16
259.10000000000000000000   18
259.20000000000000000000   21
259.30000000000000000000   17
259.40000000000000000000   14
259.50000000000000000000   14
259.60000000000000000000   15
259.70000000000000000000   13
259.80000000000000000000   11
259.90000000000000000000   14
260.00000000000000000000   14
260.10000000000000000000   11
260.20000000000000000000   11
260.30000000000000000000   8
260.40000000000000000000   9
260.50000000000000000000   10
260.60000000000000000000   9
260.70000000000000000000   14
260.80000000000000000000   10
260.90000000000000000000   13
261.00000000000000000000   10
261.10000000000000000000   12
261.20000000000000000000   9
261.30000000000000000000   9
261.40000000000000000000   16
261.50000000000000000000   8
261.60000000000000000000   7
261.70000000000000000000   7
261.80000000000000000000   4
261.90000000000000000000   8
262.00000000000000000000   6
262.10000000000000000000   9
262.20000000000000000000   4
262.30000000000000000000   7
262.40000000000000000000   10
262.50000000000000000000   9
262.60000000000000000000   12
262.70000000000000000000   11
262.80000000000000000000   12
262.90000000000000000000   10
263.00000000000000000000   11
263.10000000000000000000   10
263.20000000000000000000   6
263.30000000000000000000   10
263.40000000000000000000   11
263.50000000000000000000   13
263.60000000000000000000   9
263.70000000000000000000   11
263.80000000000000000000   15
263.90000000000000000000   17
264.00000000000000000000   18
264.10000000000000000000   17
264.20000000000000000000   18
264.30000000000000000000   15
264.40000000000000000000   20
264.50000000000000000000   12
264.60000000000000000000   19
264.70000000000000000000   13
264.80000000000000000000   12
264.90000000000000000000   14
265.00000000000000000000   12
265.10000000000000000000   15
265.20000000000000000000   16
265.30000000000000000000   15
265.40000000000000000000   16
265.50000000000000000000   15
265.60000000000000000000   19
265.70000000000000000000   14
265.80000000000000000000   16
265.90000000000000000000   19
266.00000000000000000000   20
266.10000000000000000000   22
266.20000000000000000000   20
266.30000000000000000000   22
266.40000000000000000000   22
266.50000000000000000000   22
266.60000000000000000000   20
266.70000000000000000000   22
266.80000000000000000000   17
266.90000000000000000000   17
267.00000000000000000000   16
267.10000000000000000000   15
267.20000000000000000000   24
267.30000000000000000000   24
267.40000000000000000000   22
267.50000000000000000000   19
267.60000000000000000000   24
267.70000000000000000000   21
267.80000000000000000000   16
267.90000000000000000000   20
268.00000000000000000000   20
268.10000000000000000000   17
268.20000000000000000000   13
268.30000000000000000000   16
268.40000000000000000000   20
268.50000000000000000000   20
268.60000000000000000000   17
268.70000000000000000000   21
268.80000000000000000000   17
268.90000000000000000000   18
269.00000000000000000000   17
269.10000000000000000000   19
269.20000000000000000000   19
269.30000000000000000000   21
269.40000000000000000000   20
269.50000000000000000000   13
269.60000000000000000000   17
269.70000000000000000000   14
269.80000000000000000000   11
269.90000000000000000000   14
270.00000000000000000000   12
270.10000000000000000000   14
270.20000000000000000000   10
270.30000000000000000000   8
270.40000000000000000000   12
270.50000000000000000000   11
270.60000000000000000000   11
270.70000000000000000000   13
270.80000000000000000000   16
270.90000000000000000000   11
271.00000000000000000000   8
271.10000000000000000000   14
271.20000000000000000000   12
271.30000000000000000000   10
271.40000000000000000000   9
271.50000000000000000000   7
271.60000000000000000000   9
271.70000000000000000000   12
271.80000000000000000000   12
271.90000000000000000000   15
272.00000000000000000000   16
272.10000000000000000000   14
272.20000000000000000000   15
272.30000000000000000000   13
272.40000000000000000000   18
272.50000000000000000000   15
272.60000000000000000000   18
272.70000000000000000000   15
272.80000000000000000000   13
272.90000000000000000000   16
273.00000000000000000000   16
273.10000000000000000000   14
273.20000000000000000000   14
273.30000000000000000000   13
273.40000000000000000000   16
273.50000000000000000000   14
273.60000000000000000000   17
273.70000000000000000000   14
273.80000000000000000000   15
273.90000000000000000000   16
274.00000000000000000000   17
274.10000000000000000000   14
274.20000000000000000000   14
274.30000000000000000000   17
274.40000000000000000000   19
274.50000000000000000000   12
274.60000000000000000000   14
274.70000000000000000000   18
274.80000000000000000000   15
274.90000000000000000000   16
275.00000000000000000000   16
275.10000000000000000000   17
275.20000000000000000000   18
275.30000000000000000000   17
275.40000000000000000000   19
275.50000000000000000000   16
275.60000000000000000000   13
275.70000000000000000000   15
275.80000000000000000000   15
275.90000000000000000000   14
276.00000000000000000000   14
276.10000000000000000000   15
276.20000000000000000000   20
276.30000000000000000000   16
276.40000000000000000000   16
276.50000000000000000000   16
276.60000000000000000000   8
276.70000000000000000000   10
276.80000000000000000000   11
276.90000000000000000000   10
277.00000000000000000000   9
277.10000000000000000000   10
277.20000000000000000000   10
277.30000000000000000000   11
277.40000000000000000000   12
277.50000000000000000000   11
277.60000000000000000000   17
277.70000000000000000000   14
277.80000000000000000000   11
277.90000000000000000000   17
278.00000000000000000000   6
278.10000000000000000000   4
278.20000000000000000000   14
278.30000000000000000000   9
278.40000000000000000000   16
278.50000000000000000000   10
278.60000000000000000000   12
278.70000000000000000000   6
278.80000000000000000000   4
278.90000000000000000000   2
279.00000000000000000000   4
279.10000000000000000000   8
279.20000000000000000000   5
279.30000000000000000000   9
279.40000000000000000000   16
279.50000000000000000000   12
279.60000000000000000000   13
279.70000000000000000000   14
279.80000000000000000000   16
279.90000000000000000000   18
280.00000000000000000000   18
280.10000000000000000000   19
280.20000000000000000000   17
280.30000000000000000000   9
280.40000000000000000000   18
280.50000000000000000000   16
280.60000000000000000000   21
280.70000000000000000000   19
280.80000000000000000000   16
280.90000000000000000000   16
281.00000000000000000000   16
281.10000000000000000000   22
281.20000000000000000000   20
281.30000000000000000000   15
281.40000000000000000000   19
281.50000000000000000000   19
281.60000000000000000000   22
281.70000000000000000000   18
281.80000000000000000000   19
281.90000000000000000000   20
282.00000000000000000000   18
282.10000000000000000000   20
282.20000000000000000000   20
282.30000000000000000000   21
282.40000000000000000000   21
282.50000000000000000000   21
282.60000000000000000000   21
282.70000000000000000000   22
282.80000000000000000000   22
282.90000000000000000000   22
283.00000000000000000000   22
283.10000000000000000000   16
283.20000000000000000000   17
283.30000000000000000000   16
283.40000000000000000000   18
283.50000000000000000000   17
283.60000000000000000000   15
283.70000000000000000000   19
283.80000000000000000000   16
283.90000000000000000000   14
284.00000000000000000000   16
284.10000000000000000000   16
284.20000000000000000000   15
284.30000000000000000000   14
284.40000000000000000000   15
284.50000000000000000000   18
284.60000000000000000000   14
284.70000000000000000000   12
284.80000000000000000000   18
284.90000000000000000000   14
285.00000000000000000000   14
285.10000000000000000000   14
285.20000000000000000000   15
285.30000000000000000000   13
285.40000000000000000000   13
285.50000000000000000000   14
285.60000000000000000000   16
285.70000000000000000000   15
285.80000000000000000000   17
285.90000000000000000000   14
286.00000000000000000000   15
286.10000000000000000000   16
286.20000000000000000000   15
286.30000000000000000000   14
286.40000000000000000000   16
286.50000000000000000000   14
286.60000000000000000000   14
286.70000000000000000000   15
286.80000000000000000000   14
286.90000000000000000000   13
287.00000000000000000000   16
287.10000000000000000000   15
287.20000000000000000000   14
287.30000000000000000000   14
287.40000000000000000000   17
287.50000000000000000000   15
287.60000000000000000000   17
287.70000000000000000000   15
287.80000000000000000000   16
287.90000000000000000000   19
288.00000000000000000000   14
288.10000000000000000000   17
288.20000000000000000000   16
288.30000000000000000000   22
288.40000000000000000000   21
288.50000000000000000000   22
288.60000000000000000000   21
288.70000000000000000000   21
288.80000000000000000000   16
288.90000000000000000000   16
289.00000000000000000000   17
289.10000000000000000000   17
289.20000000000000000000   15
289.30000000000000000000   17
289.40000000000000000000   21
289.50000000000000000000   21
289.60000000000000000000   16
289.70000000000000000000   14
289.80000000000000000000   15
289.90000000000000000000   16
290.00000000000000000000   15
290.10000000000000000000   16
290.20000000000000000000   17
290.30000000000000000000   15
290.40000000000000000000   16
290.50000000000000000000   18
290.60000000000000000000   16
290.70000000000000000000   19
290.80000000000000000000   22
290.90000000000000000000   21
291.00000000000000000000   20
291.10000000000000000000   17
291.20000000000000000000   18
291.30000000000000000000   19
291.40000000000000000000   22
291.50000000000000000000   17
291.60000000000000000000   19
291.70000000000000000000   21
291.80000000000000000000   18
291.90000000000000000000   24
292.00000000000000000000   18
292.10000000000000000000   17
292.20000000000000000000   17
292.30000000000000000000   15
292.40000000000000000000   18
292.50000000000000000000   19
292.60000000000000000000   20
292.70000000000000000000   19
292.80000000000000000000   18
292.90000000000000000000   17
293.00000000000000000000   18
293.10000000000000000000   20
293.20000000000000000000   18
293.30000000000000000000   19
293.40000000000000000000   19
293.50000000000000000000   18
293.60000000000000000000   20
293.70000000000000000000   16
293.80000000000000000000   18
293.90000000000000000000   18
294.00000000000000000000   20
294.10000000000000000000   19
294.20000000000000000000   19
294.30000000000000000000   15
294.40000000000000000000   15
294.50000000000000000000   16
294.60000000000000000000   20
294.70000000000000000000   20
294.80000000000000000000   18
294.90000000000000000000   16
295.00000000000000000000   18
295.10000000000000000000   16
295.20000000000000000000   16
295.30000000000000000000   18
295.40000000000000000000   19
295.50000000000000000000   13
295.60000000000000000000   14
295.70000000000000000000   12
295.80000000000000000000   13
295.90000000000000000000   13
296.00000000000000000000   15
296.10000000000000000000   16
296.20000000000000000000   13
296.30000000000000000000   11
296.40000000000000000000   9
296.50000000000000000000   8
296.60000000000000000000   15
296.70000000000000000000   12
296.80000000000000000000   15
296.90000000000000000000   14
297.00000000000000000000   15
297.10000000000000000000   16
297.20000000000000000000   12
297.30000000000000000000   11
297.40000000000000000000   17
297.50000000000000000000   15
297.60000000000000000000   11
297.70000000000000000000   13
297.80000000000000000000   11
297.90000000000000000000   15
298.00000000000000000000   7
298.10000000000000000000   10
298.20000000000000000000   11
298.30000000000000000000   11
298.40000000000000000000   10
298.50000000000000000000   11
298.60000000000000000000   12
298.70000000000000000000   16
298.80000000000000000000   12
298.90000000000000000000   10
299.00000000000000000000   15
299.10000000000000000000   14
299.20000000000000000000   20
299.30000000000000000000   17
299.40000000000000000000   17
299.50000000000000000000   13
299.60000000000000000000   6
299.70000000000000000000   6
299.80000000000000000000   9
299.90000000000000000000   8
300.00000000000000000000   10
300.10000000000000000000   11
300.20000000000000000000   12
300.30000000000000000000   8
300.40000000000000000000   11
300.50000000000000000000   14
300.60000000000000000000   13
300.70000000000000000000   14
300.80000000000000000000   11
300.90000000000000000000   12
301.00000000000000000000   8
301.10000000000000000000   11
301.20000000000000000000   12
301.30000000000000000000   9
301.40000000000000000000   12
301.50000000000000000000   12
301.60000000000000000000   16
301.70000000000000000000   15
301.80000000000000000000   16
301.90000000000000000000   16
302.00000000000000000000   12
302.10000000000000000000   10
302.20000000000000000000   8
302.30000000000000000000   9
302.40000000000000000000   11
302.50000000000000000000   13
302.60000000000000000000   11
302.70000000000000000000   11
302.80000000000000000000   11
302.90000000000000000000   14
303.00000000000000000000   16
303.10000000000000000000   14
303.20000000000000000000   12
303.30000000000000000000   13
303.40000000000000000000   18
303.50000000000000000000   14
303.60000000000000000000   12
303.70000000000000000000   17
303.80000000000000000000   13
303.90000000000000000000   16
304.00000000000000000000   11
304.10000000000000000000   17
304.20000000000000000000   16
304.30000000000000000000   13
304.40000000000000000000   14
304.50000000000000000000   10
304.60000000000000000000   10
304.70000000000000000000   12
304.80000000000000000000   10
304.90000000000000000000   10
305.00000000000000000000   12
305.10000000000000000000   11
305.20000000000000000000   8
305.30000000000000000000   7
305.40000000000000000000   7
305.50000000000000000000   10
305.60000000000000000000   14
305.70000000000000000000   9
305.80000000000000000000   10
305.90000000000000000000   10
306.00000000000000000000   10
306.10000000000000000000   10
306.20000000000000000000   8
306.30000000000000000000   8
306.40000000000000000000   7
306.50000000000000000000   8
306.60000000000000000000   6
306.70000000000000000000   6
306.80000000000000000000   6
306.90000000000000000000   7
307.00000000000000000000   9
307.10000000000000000000   9
307.20000000000000000000   7
307.30000000000000000000   7
307.40000000000000000000   7
307.50000000000000000000   8
307.60000000000000000000   7
307.70000000000000000000   15
307.80000000000000000000   13
307.90000000000000000000   13
308.00000000000000000000   14
308.10000000000000000000   14
308.20000000000000000000   9
308.30000000000000000000   6
308.40000000000000000000   6
308.50000000000000000000   11
308.60000000000000000000   9
308.70000000000000000000   17
308.80000000000000000000   14
308.90000000000000000000   12
309.00000000000000000000   13
309.10000000000000000000   11
309.20000000000000000000   11
309.30000000000000000000   13
309.40000000000000000000   12
309.50000000000000000000   15
309.60000000000000000000   11
309.70000000000000000000   14
309.80000000000000000000   15
309.90000000000000000000   10
310.00000000000000000000   10
310.10000000000000000000   11
310.20000000000000000000   16
310.30000000000000000000   15
310.40000000000000000000   13
310.50000000000000000000   12
310.60000000000000000000   13
310.70000000000000000000   9
310.80000000000000000000   10
310.90000000000000000000   14
311.00000000000000000000   14
311.10000000000000000000   18
311.20000000000000000000   15
311.30000000000000000000   11
311.40000000000000000000   8
311.50000000000000000000   11
311.60000000000000000000   12
311.70000000000000000000   15
311.80000000000000000000   18
311.90000000000000000000   10
312.00000000000000000000   14
312.10000000000000000000   13
312.20000000000000000000   20
312.30000000000000000000   18
312.40000000000000000000   17
312.50000000000000000000   18
312.60000000000000000000   16
312.70000000000000000000   18
312.80000000000000000000   17
312.90000000000000000000   18
313.00000000000000000000   20
313.10000000000000000000   15
313.20000000000000000000   18
313.30000000000000000000   15
313.40000000000000000000   15
313.50000000000000000000   15
313.60000000000000000000   15
313.70000000000000000000   11
313.80000000000000000000   10
313.90000000000000000000   10
314.00000000000000000000   13
314.10000000000000000000   14
314.20000000000000000000   17
314.30000000000000000000   13
314.40000000000000000000   14
314.50000000000000000000   20
314.60000000000000000000   18
314.70000000000000000000   18
314.80000000000000000000   16
314.90000000000000000000   18
315.00000000000000000000   17
315.10000000000000000000   18
315.20000000000000000000   14
315.30000000000000000000   18
315.40000000000000000000   19
315.50000000000000000000   18
315.60000000000000000000   17
315.70000000000000000000   18
315.80000000000000000000   17
315.90000000000000000000   16
316.00000000000000000000   16
316.10000000000000000000   14
316.20000000000000000000   16
316.30000000000000000000   16
316.40000000000000000000   18
316.50000000000000000000   20
316.60000000000000000000   18
316.70000000000000000000   16
316.80000000000000000000   14
316.90000000000000000000   13
317.00000000000000000000   14
317.10000000000000000000   14
317.20000000000000000000   14
317.30000000000000000000   14
317.40000000000000000000   17
317.50000000000000000000   15
317.60000000000000000000   12
317.70000000000000000000   15
317.80000000000000000000   14
317.90000000000000000000   14
318.00000000000000000000   13
318.10000000000000000000   11
318.20000000000000000000   11
318.30000000000000000000   13
318.40000000000000000000   9
318.50000000000000000000   13
318.60000000000000000000   13
318.70000000000000000000   10
318.80000000000000000000   9
318.90000000000000000000   12
319.00000000000000000000   8
319.10000000000000000000   7
319.20000000000000000000   8
319.30000000000000000000   8
319.40000000000000000000   11
319.50000000000000000000   8
319.60000000000000000000   6
319.70000000000000000000   7
319.80000000000000000000   8
319.90000000000000000000   6
320.00000000000000000000   6
320.10000000000000000000   5
320.20000000000000000000   9
320.30000000000000000000   8
320.40000000000000000000   8
320.50000000000000000000   7
320.60000000000000000000   8
320.70000000000000000000   10
320.80000000000000000000   8
320.90000000000000000000   13
321.00000000000000000000   8
321.10000000000000000000   6
321.20000000000000000000   9
321.30000000000000000000   9
321.40000000000000000000   3
321.50000000000000000000   7
321.60000000000000000000   10
321.70000000000000000000   7
321.80000000000000000000   10
321.90000000000000000000   10
322.00000000000000000000   8
322.10000000000000000000   10
322.20000000000000000000   11
322.30000000000000000000   11
322.40000000000000000000   14
322.50000000000000000000   13
322.60000000000000000000   15
322.70000000000000000000   17
322.80000000000000000000   10
322.90000000000000000000   12
323.00000000000000000000   12
323.10000000000000000000   13
323.20000000000000000000   13
323.30000000000000000000   16
323.40000000000000000000   14
323.50000000000000000000   11
323.60000000000000000000   11
323.70000000000000000000   14
323.80000000000000000000   14
323.90000000000000000000   13
324.00000000000000000000   12
324.10000000000000000000   19
324.20000000000000000000   11
324.30000000000000000000   14
324.40000000000000000000   14
324.50000000000000000000   17
324.60000000000000000000   14
324.70000000000000000000   16
324.80000000000000000000   15
324.90000000000000000000   15
325.00000000000000000000   15
325.10000000000000000000   18
325.20000000000000000000   20
325.30000000000000000000   20
325.40000000000000000000   17
325.50000000000000000000   19
325.60000000000000000000   16
325.70000000000000000000   17
325.80000000000000000000   16
325.90000000000000000000   17
326.00000000000000000000   17
326.10000000000000000000   19
326.20000000000000000000   16
326.30000000000000000000   15
326.40000000000000000000   14
326.50000000000000000000   15
326.60000000000000000000   17
326.70000000000000000000   14
326.80000000000000000000   14
326.90000000000000000000   16
327.00000000000000000000   20
327.10000000000000000000   15
327.20000000000000000000   19
327.30000000000000000000   16
327.40000000000000000000   17
327.50000000000000000000   12
327.60000000000000000000   10
327.70000000000000000000   17
327.80000000000000000000   8
327.90000000000000000000   14
328.00000000000000000000   17
328.10000000000000000000   14
328.20000000000000000000   14
328.30000000000000000000   17
328.40000000000000000000   17
328.50000000000000000000   21
328.60000000000000000000   15
328.70000000000000000000   16
328.80000000000000000000   18
328.90000000000000000000   15
329.00000000000000000000   15
329.10000000000000000000   13
329.20000000000000000000   15
329.30000000000000000000   15
329.40000000000000000000   15
329.50000000000000000000   17
329.60000000000000000000   19
329.70000000000000000000   16
329.80000000000000000000   19
329.90000000000000000000   18
330.00000000000000000000   19
330.10000000000000000000   22
330.20000000000000000000   17
330.30000000000000000000   17
330.40000000000000000000   16
330.50000000000000000000   12
330.60000000000000000000   15
330.70000000000000000000   17
330.80000000000000000000   17
330.90000000000000000000   14
331.00000000000000000000   16
331.10000000000000000000   17
331.20000000000000000000   17
331.30000000000000000000   16
331.40000000000000000000   17
331.50000000000000000000   17
331.60000000000000000000   12
331.70000000000000000000   14
331.80000000000000000000   11
331.90000000000000000000   12
332.00000000000000000000   11
332.10000000000000000000   13
332.20000000000000000000   11
332.30000000000000000000   9
332.40000000000000000000   13
332.50000000000000000000   16
332.60000000000000000000   15
332.70000000000000000000   15
332.80000000000000000000   18
332.90000000000000000000   18
333.00000000000000000000   18
333.10000000000000000000   13
333.20000000000000000000   16
333.30000000000000000000   16
333.40000000000000000000   14
333.50000000000000000000   14
333.60000000000000000000   17
333.70000000000000000000   14
333.80000000000000000000   14
333.90000000000000000000   10
334.00000000000000000000   11
334.10000000000000000000   10
334.20000000000000000000   11
334.30000000000000000000   10
334.40000000000000000000   15
334.50000000000000000000   13
334.60000000000000000000   13
334.70000000000000000000   15
334.80000000000000000000   17
334.90000000000000000000   16
335.00000000000000000000   11
335.10000000000000000000   15
335.20000000000000000000   15
335.30000000000000000000   12
335.40000000000000000000   11
335.50000000000000000000   18
335.60000000000000000000   16
335.70000000000000000000   14
335.80000000000000000000   12
335.90000000000000000000   13
336.00000000000000000000   14
336.10000000000000000000   15
336.20000000000000000000   17
336.30000000000000000000   19
336.40000000000000000000   20
336.50000000000000000000   15
336.60000000000000000000   19
336.70000000000000000000   16
336.80000000000000000000   17
336.90000000000000000000   16
337.00000000000000000000   17
337.10000000000000000000   15
337.20000000000000000000   17
337.30000000000000000000   12
337.40000000000000000000   15
337.50000000000000000000   16
337.60000000000000000000   15
337.70000000000000000000   14
337.80000000000000000000   18
337.90000000000000000000   16
338.00000000000000000000   16
338.10000000000000000000   20
338.20000000000000000000   18
338.30000000000000000000   16
338.40000000000000000000   16
338.50000000000000000000   16
338.60000000000000000000   20
338.70000000000000000000   19
338.80000000000000000000   17
338.90000000000000000000   18
339.00000000000000000000   12
339.10000000000000000000   12
339.20000000000000000000   11
339.30000000000000000000   13
339.40000000000000000000   7
339.50000000000000000000   13
339.60000000000000000000   13
339.70000000000000000000   11
339.80000000000000000000   14
339.90000000000000000000   16
340.00000000000000000000   11
340.10000000000000000000   15
340.20000000000000000000   13
340.30000000000000000000   13
340.40000000000000000000   12
340.50000000000000000000   20
340.60000000000000000000   19
340.70000000000000000000   12
340.80000000000000000000   15
340.90000000000000000000   18
341.00000000000000000000   19
341.10000000000000000000   20
341.20000000000000000000   18
341.30000000000000000000   15
341.40000000000000000000   17
341.50000000000000000000   17
341.60000000000000000000   18
341.70000000000000000000   15
341.80000000000000000000   16
341.90000000000000000000   15
342.00000000000000000000   16
342.10000000000000000000   16
342.20000000000000000000   15
342.30000000000000000000   16
342.40000000000000000000   16
342.50000000000000000000   18
342.60000000000000000000   15
342.70000000000000000000   14
342.80000000000000000000   18
342.90000000000000000000   15
343.00000000000000000000   15
343.10000000000000000000   16
343.20000000000000000000   15
343.30000000000000000000   16
343.40000000000000000000   15
343.50000000000000000000   15
343.60000000000000000000   15
343.70000000000000000000   16
343.80000000000000000000   15
343.90000000000000000000   13
344.00000000000000000000   14
344.10000000000000000000   13
344.20000000000000000000   16
344.30000000000000000000   13
344.40000000000000000000   11
344.50000000000000000000   13
344.60000000000000000000   12
344.70000000000000000000   17
344.80000000000000000000   16
344.90000000000000000000   15
345.00000000000000000000   14
345.10000000000000000000   13
345.20000000000000000000   15
345.30000000000000000000   10
345.40000000000000000000   11
345.50000000000000000000   12
345.60000000000000000000   12
345.70000000000000000000   13
345.80000000000000000000   15
345.90000000000000000000   15
346.00000000000000000000   8
346.10000000000000000000   12
346.20000000000000000000   9
346.30000000000000000000   11
346.40000000000000000000   11
346.50000000000000000000   11
346.60000000000000000000   12
346.70000000000000000000   11
346.80000000000000000000   9
346.90000000000000000000   8
347.00000000000000000000   8
347.10000000000000000000   12
347.20000000000000000000   13
347.30000000000000000000   13
347.40000000000000000000   14
347.50000000000000000000   12
347.60000000000000000000   9
347.70000000000000000000   13
347.80000000000000000000   18
347.90000000000000000000   20
348.00000000000000000000   17
348.10000000000000000000   17
348.20000000000000000000   11
348.30000000000000000000   15
348.40000000000000000000   15
348.50000000000000000000   16
348.60000000000000000000   12
348.70000000000000000000   17
348.80000000000000000000   14
348.90000000000000000000   8
349.00000000000000000000   13
349.10000000000000000000   14
349.20000000000000000000   14
349.30000000000000000000   13
349.40000000000000000000   14
349.50000000000000000000   15
349.60000000000000000000   11
349.70000000000000000000   12
349.80000000000000000000   16
349.90000000000000000000   12
350.00000000000000000000   15
350.10000000000000000000   18
350.20000000000000000000   16
350.30000000000000000000   20
350.40000000000000000000   17
350.50000000000000000000   17
350.60000000000000000000   14
350.70000000000000000000   12
350.80000000000000000000   13
350.90000000000000000000   14
351.00000000000000000000   19
351.10000000000000000000   12
351.20000000000000000000   12
351.30000000000000000000   14
351.40000000000000000000   7
351.50000000000000000000   10
351.60000000000000000000   13
351.70000000000000000000   13
351.80000000000000000000   9
351.90000000000000000000   11
352.00000000000000000000   9
352.10000000000000000000   8
352.20000000000000000000   7
352.30000000000000000000   13
352.40000000000000000000   13
352.50000000000000000000   12
352.60000000000000000000   11
352.70000000000000000000   8
352.80000000000000000000   9
352.90000000000000000000   10
353.00000000000000000000   11
353.10000000000000000000   9
353.20000000000000000000   7
353.30000000000000000000   11
353.40000000000000000000   14
353.50000000000000000000   14
353.60000000000000000000   14
353.70000000000000000000   12
353.80000000000000000000   10
353.90000000000000000000   11
354.00000000000000000000   8
354.10000000000000000000   8
354.20000000000000000000   12
354.30000000000000000000   7
354.40000000000000000000   9
354.50000000000000000000   11
354.60000000000000000000   10
354.70000000000000000000   14
354.80000000000000000000   13
354.90000000000000000000   10
355.00000000000000000000   9
355.10000000000000000000   10
355.20000000000000000000   7
355.30000000000000000000   9
355.40000000000000000000   13
355.50000000000000000000   12
355.60000000000000000000   12
355.70000000000000000000   13
355.80000000000000000000   13
355.90000000000000000000   16
356.00000000000000000000   16
356.10000000000000000000   10
356.20000000000000000000   14
356.30000000000000000000   10
356.40000000000000000000   15
356.50000000000000000000   13
356.60000000000000000000   12
356.70000000000000000000   8
356.80000000000000000000   7
356.90000000000000000000   7
357.00000000000000000000   9
357.10000000000000000000   7
357.20000000000000000000   10
357.30000000000000000000   9
357.40000000000000000000   6
357.50000000000000000000   8
357.60000000000000000000   11
357.70000000000000000000   8
357.80000000000000000000   11
357.90000000000000000000   9
358.00000000000000000000   8
358.10000000000000000000   11
358.20000000000000000000   9
358.30000000000000000000   11
358.40000000000000000000   11
358.50000000000000000000   11
358.60000000000000000000   10
358.70000000000000000000   14
358.80000000000000000000   8
358.90000000000000000000   11
359.00000000000000000000   14
359.10000000000000000000   9
359.20000000000000000000   8
359.30000000000000000000   6
359.40000000000000000000   10
359.50000000000000000000   12
359.60000000000000000000   8
359.70000000000000000000   9
359.80000000000000000000   11
359.90000000000000000000   8
360.00000000000000000000   6
360.10000000000000000000   10
360.20000000000000000000   13
360.30000000000000000000   14
360.40000000000000000000   9
360.50000000000000000000   9
360.60000000000000000000   13
360.70000000000000000000   11
360.80000000000000000000   7
360.90000000000000000000   10
361.00000000000000000000   11
361.10000000000000000000   11
361.20000000000000000000   10
361.30000000000000000000   11
361.40000000000000000000   11
361.50000000000000000000   10
361.60000000000000000000   13
361.70000000000000000000   15
361.80000000000000000000   13
361.90000000000000000000   13
362.00000000000000000000   13
362.10000000000000000000   13
362.20000000000000000000   11
362.30000000000000000000   14
362.40000000000000000000   14
362.50000000000000000000   13
362.60000000000000000000   12
362.70000000000000000000   14
362.80000000000000000000   10
362.90000000000000000000   9
363.00000000000000000000   12
363.10000000000000000000   13
363.20000000000000000000   13
363.30000000000000000000   16
363.40000000000000000000   15
363.50000000000000000000   15
363.60000000000000000000   15
363.70000000000000000000   14
363.80000000000000000000   17
363.90000000000000000000   15
364.00000000000000000000   15
364.10000000000000000000   12
364.20000000000000000000   15
364.30000000000000000000   13
364.40000000000000000000   13
364.50000000000000000000   14
364.60000000000000000000   13
364.70000000000000000000   14
364.80000000000000000000   16
364.90000000000000000000   16
365.00000000000000000000   17
365.10000000000000000000   11
365.20000000000000000000   10
365.30000000000000000000   9
365.40000000000000000000   7
365.50000000000000000000   6
365.60000000000000000000   9
365.70000000000000000000   11
365.80000000000000000000   13
365.90000000000000000000   7
366.00000000000000000000   7
366.10000000000000000000   13
366.20000000000000000000   7
366.30000000000000000000   7
366.40000000000000000000   12
366.50000000000000000000   11
366.60000000000000000000   11
366.70000000000000000000   12
366.80000000000000000000   11
366.90000000000000000000   11
367.00000000000000000000   10
367.10000000000000000000   11
367.20000000000000000000   8
367.30000000000000000000   11
367.40000000000000000000   10
367.50000000000000000000   13
367.60000000000000000000   12
367.70000000000000000000   12
367.80000000000000000000   14
367.90000000000000000000   13
368.00000000000000000000   13
368.10000000000000000000   12
368.20000000000000000000   15
368.30000000000000000000   13
368.40000000000000000000   15
368.50000000000000000000   13
368.60000000000000000000   14
368.70000000000000000000   11
368.80000000000000000000   15
368.90000000000000000000   15
369.00000000000000000000   16
369.10000000000000000000   12
369.20000000000000000000   13
369.30000000000000000000   15
369.40000000000000000000   15
369.50000000000000000000   14
369.60000000000000000000   13
369.70000000000000000000   12
369.80000000000000000000   12
369.90000000000000000000   14
370.00000000000000000000   12
370.10000000000000000000   11
370.20000000000000000000   12
370.30000000000000000000   11
370.40000000000000000000   12
370.50000000000000000000   9
370.60000000000000000000   11
370.70000000000000000000   8
370.80000000000000000000   12
370.90000000000000000000   8
371.00000000000000000000   11
371.10000000000000000000   14
371.20000000000000000000   16
371.30000000000000000000   14
371.40000000000000000000   18
371.50000000000000000000   13
371.60000000000000000000   12
371.70000000000000000000   13
371.80000000000000000000   17
371.90000000000000000000   14
372.00000000000000000000   17
372.10000000000000000000   17
372.20000000000000000000   15
372.30000000000000000000   16
372.40000000000000000000   13
372.50000000000000000000   19
372.60000000000000000000   16
372.70000000000000000000   19
372.80000000000000000000   20
372.90000000000000000000   19
373.00000000000000000000   20
373.10000000000000000000   13
373.20000000000000000000   16
373.30000000000000000000   11
373.40000000000000000000   13
373.50000000000000000000   17
373.60000000000000000000   13
373.70000000000000000000   16
373.80000000000000000000   19
373.90000000000000000000   13
374.00000000000000000000   15
374.10000000000000000000   16
374.20000000000000000000   17
374.30000000000000000000   17
374.40000000000000000000   14
374.50000000000000000000   15
374.60000000000000000000   16
374.70000000000000000000   21
374.80000000000000000000   23
374.90000000000000000000   22
375.00000000000000000000   23
375.10000000000000000000   21
375.20000000000000000000   23
375.30000000000000000000   21
375.40000000000000000000   17
375.50000000000000000000   17
375.60000000000000000000   17
375.70000000000000000000   18
375.80000000000000000000   15
375.90000000000000000000   11
376.00000000000000000000   11
376.10000000000000000000   16
376.20000000000000000000   10
376.30000000000000000000   14
376.40000000000000000000   10
376.50000000000000000000   10
376.60000000000000000000   11
376.70000000000000000000   13
376.80000000000000000000   14
376.90000000000000000000   9
377.00000000000000000000   12
377.10000000000000000000   13
377.20000000000000000000   13
377.30000000000000000000   13
377.40000000000000000000   12
377.50000000000000000000   12
377.60000000000000000000   11
377.70000000000000000000   14
377.80000000000000000000   12
377.90000000000000000000   14
378.00000000000000000000   12
378.10000000000000000000   11
378.20000000000000000000   14
378.30000000000000000000   12
378.40000000000000000000   10
378.50000000000000000000   12
378.60000000000000000000   7
378.70000000000000000000   7
378.80000000000000000000   11
378.90000000000000000000   11
379.00000000000000000000   12
379.10000000000000000000   11
379.20000000000000000000   14
379.30000000000000000000   13
379.40000000000000000000   16
379.50000000000000000000   13
379.60000000000000000000   13
379.70000000000000000000   11
379.80000000000000000000   20
379.90000000000000000000   15
380.00000000000000000000   15
380.10000000000000000000   13
380.20000000000000000000   11
380.30000000000000000000   14
380.40000000000000000000   13
380.50000000000000000000   12
380.60000000000000000000   13
380.70000000000000000000   13
380.80000000000000000000   15
380.90000000000000000000   15
381.00000000000000000000   14
381.10000000000000000000   15
381.20000000000000000000   15
381.30000000000000000000   17
381.40000000000000000000   14
381.50000000000000000000   17
381.60000000000000000000   12
381.70000000000000000000   16
381.80000000000000000000   12
381.90000000000000000000   14
382.00000000000000000000   11
382.10000000000000000000   10
382.20000000000000000000   10
382.30000000000000000000   14
382.40000000000000000000   12
382.50000000000000000000   16
382.60000000000000000000   8
382.70000000000000000000   15
382.80000000000000000000   15
382.90000000000000000000   16
383.00000000000000000000   12
383.10000000000000000000   9
383.20000000000000000000   7
383.30000000000000000000   7
383.40000000000000000000   6
383.50000000000000000000   11
383.60000000000000000000   9
383.70000000000000000000   11
383.80000000000000000000   11
383.90000000000000000000   9
384.00000000000000000000   11
384.10000000000000000000   11
384.20000000000000000000   12
384.30000000000000000000   11
384.40000000000000000000   16
384.50000000000000000000   17
384.60000000000000000000   13
384.70000000000000000000   14
384.80000000000000000000   17
384.90000000000000000000   14
385.00000000000000000000   11
385.10000000000000000000   7
385.20000000000000000000   7
385.30000000000000000000   5
385.40000000000000000000   13
385.50000000000000000000   10
385.60000000000000000000   6
385.70000000000000000000   9
385.80000000000000000000   8
385.90000000000000000000   8
386.00000000000000000000   8
386.10000000000000000000   13
386.20000000000000000000   9
386.30000000000000000000   15
386.40000000000000000000   13
386.50000000000000000000   10
386.60000000000000000000   11
386.70000000000000000000   14
386.80000000000000000000   13
386.90000000000000000000   17
387.00000000000000000000   15
387.10000000000000000000   18
387.20000000000000000000   13
387.30000000000000000000   15
387.40000000000000000000   17
387.50000000000000000000   18
387.60000000000000000000   16
387.70000000000000000000   13
387.80000000000000000000   13
387.90000000000000000000   16
388.00000000000000000000   10
388.10000000000000000000   16
388.20000000000000000000   21
388.30000000000000000000   18
388.40000000000000000000   17
388.50000000000000000000   15
388.60000000000000000000   19
388.70000000000000000000   15
388.80000000000000000000   16
388.90000000000000000000   18
389.00000000000000000000   14
389.10000000000000000000   17
389.20000000000000000000   20
389.30000000000000000000   16
389.40000000000000000000   18
389.50000000000000000000   19
389.60000000000000000000   15
389.70000000000000000000   15
389.80000000000000000000   18
389.90000000000000000000   23
390.00000000000000000000   22
390.10000000000000000000   19
390.20000000000000000000   22
390.30000000000000000000   18
390.40000000000000000000   17
390.50000000000000000000   20
390.60000000000000000000   20
390.70000000000000000000   21
390.80000000000000000000   17
390.90000000000000000000   22
391.00000000000000000000   15
391.10000000000000000000   18
391.20000000000000000000   19
391.30000000000000000000   21
391.40000000000000000000   17
391.50000000000000000000   21
391.60000000000000000000   22
391.70000000000000000000   24
391.80000000000000000000   23
391.90000000000000000000   23
392.00000000000000000000   24
392.10000000000000000000   26
392.20000000000000000000   21
392.30000000000000000000   23
392.40000000000000000000   24
392.50000000000000000000   20
392.60000000000000000000   19
392.70000000000000000000   19
392.80000000000000000000   20
392.90000000000000000000   16
393.00000000000000000000   16
393.10000000000000000000   21
393.20000000000000000000   20
393.30000000000000000000   19
393.40000000000000000000   18
393.50000000000000000000   13
393.60000000000000000000   18
393.70000000000000000000   20
393.80000000000000000000   20
393.90000000000000000000   16
394.00000000000000000000   19
394.10000000000000000000   20
394.20000000000000000000   20
394.30000000000000000000   19
394.40000000000000000000   19
394.50000000000000000000   18
394.60000000000000000000   19
394.70000000000000000000   19
394.80000000000000000000   19
394.90000000000000000000   21
395.00000000000000000000   21
395.10000000000000000000   17
395.20000000000000000000   19
395.30000000000000000000   20
395.40000000000000000000   17
395.50000000000000000000   20
395.60000000000000000000   20
395.70000000000000000000   12
395.80000000000000000000   13
395.90000000000000000000   14
396.00000000000000000000   11
396.10000000000000000000   12
396.20000000000000000000   10
396.30000000000000000000   13
396.40000000000000000000   14
396.50000000000000000000   19
396.60000000000000000000   16
396.70000000000000000000   18
396.80000000000000000000   17
396.90000000000000000000   19
397.00000000000000000000   14
397.10000000000000000000   16
397.20000000000000000000   11
397.30000000000000000000   10
397.40000000000000000000   16
397.50000000000000000000   12
397.60000000000000000000   12
397.70000000000000000000   12
397.80000000000000000000   17
397.90000000000000000000   15
398.00000000000000000000   12
398.10000000000000000000   10
398.20000000000000000000   9
398.30000000000000000000   10
398.40000000000000000000   10
398.50000000000000000000   12
398.60000000000000000000   14
398.70000000000000000000   14
398.80000000000000000000   11
398.90000000000000000000   11
399.00000000000000000000   11
399.10000000000000000000   11
399.20000000000000000000   11
399.30000000000000000000   11
399.40000000000000000000   11
399.50000000000000000000   11
399.60000000000000000000   11
399.70000000000000000000   11
