200.00000000000000000000   27
200.10000000000000000000   23
200.20000000000000000000   23
200.30000000000000000000   23
200.40000000000000000000   21
200.50000000000000000000   22
200.60000000000000000000   20
200.70000000000000000000   18
200.80000000000000000000   18
200.90000000000000000000   18
201.00000000000000000000   16
201.10000000000000000000   18
201.20000000000000000000   18
201.30000000000000000000   17
201.40000000000000000000   17
201.50000000000000000000   17
201.60000000000000000000   18
201.70000000000000000000   15
201.80000000000000000000   21
201.90000000000000000000   16
202.00000000000000000000   18
202.10000000000000000000   21
202.20000000000000000000   23
202.30000000000000000000   16
202.40000000000000000000   15
202.50000000000000000000   19
202.60000000000000000000   18
202.70000000000000000000   17
202.80000000000000000000   11
202.90000000000000000000   16
203.00000000000000000000   17
203.10000000000000000000   13
203.20000000000000000000   16
203.30000000000000000000   12
203.40000000000000000000   14
203.50000000000000000000   12
203.60000000000000000000   17
203.70000000000000000000   14
203.80000000000000000000   14
203.90000000000000000000   11
204.00000000000000000000   12
204.10000000000000000000   14
204.20000000000000000000   15
204.30000000000000000000   16
204.40000000000000000000   15
204.50000000000000000000   14
204.60000000000000000000   9
204.70000000000000000000   12
204.80000000000000000000   9
204.90000000000000000000   11
205.00000000000000000000   11
205.10000000000000000000   9
205.20000000000000000000   15
205.30000000000000000000   13
205.40000000000000000000   10
205.50000000000000000000   11
205.60000000000000000000   14
205.70000000000000000000   11
205.80000000000000000000   14
205.90000000000000000000   18
206.00000000000000000000   16
206.10000000000000000000   11
206.20000000000000000000   14
206.30000000000000000000   16
206.40000000000000000000   10
206.50000000000000000000   10
206.60000000000000000000   10
206.70000000000000000000   12
206.80000000000000000000   12
206.90000000000000000000   12
207.00000000000000000000   9
207.10000000000000000000   7
207.20000000000000000000   6
207.30000000000000000000   7
207.40000000000000000000   9
207.50000000000000000000   5
207.60000000000000000000   6
207.70000000000000000000   7
207.80000000000000000000   4
207.90000000000000000000   8
208.00000000000000000000   8
208.10000000000000000000   4
208.20000000000000000000   3
208.30000000000000000000   6
208.40000000000000000000   7
208.50000000000000000000   9
208.60000000000000000000   9
208.70000000000000000000   9
208.80000000000000000000   6
208.90000000000000000000   2
209.00000000000000000000   4
209.10000000000000000000   1
209.20000000000000000000   8
209.30000000000000000000   10
209.40000000000000000000   5
209.50000000000000000000   5
209.60000000000000000000   9
209.70000000000000000000   10
209.80000000000000000000   6
209.90000000000000000000   7
210.00000000000000000000   5
210.10000000000000000000   8
210.20000000000000000000   8
210.30000000000000000000   14
210.40000000000000000000   12
210.50000000000000000000   9
210.60000000000000000000   10
210.70000000000000000000   12
210.80000000000000000000   12
210.90000000000000000000   14
211.00000000000000000000   11
211.10000000000000000000   14
211.20000000000000000000   14
211.30000000000000000000   14
211.40000000000000000000   13
211.50000000000000000000   9
211.60000000000000000000   12
211.70000000000000000000   11
211.80000000000000000000   9
211.90000000000000000000   5
212.00000000000000000000   8
212.10000000000000000000   11
212.20000000000000000000   11
212.30000000000000000000   11
212.40000000000000000000   11
212.50000000000000000000   13
212.60000000000000000000   17
212.70000000000000000000   13
212.80000000000000000000   11
212.90000000000000000000   10
213.00000000000000000000   8
213.10000000000000000000   10
213.20000000000000000000   6
213.30000000000000000000   6
213.40000000000000000000   13
213.50000000000000000000   10
213.60000000000000000000   12
213.70000000000000000000   11
213.80000000000000000000   6
213.90000000000000000000   8
214.00000000000000000000   7
214.10000000000000000000   6
214.20000000000000000000   4
214.30000000000000000000   4
214.40000000000000000000   4
214.50000000000000000000   13
214.60000000000000000000   11
214.70000000000000000000   11
214.80000000000000000000   9
214.90000000000000000000   9
215.00000000000000000000   10
215.10000000000000000000   16
215.20000000000000000000   11
215.30000000000000000000   11
215.40000000000000000000   13
215.50000000000000000000   12
215.60000000000000000000   14
215.70000000000000000000   13
215.80000000000000000000   11
215.90000000000000000000   11
216.00000000000000000000   13
216.10000000000000000000   12
216.20000000000000000000   12
216.30000000000000000000   12
216.40000000000000000000   12
216.50000000000000000000   14
216.60000000000000000000   12
216.70000000000000000000   16
216.80000000000000000000   11
216.90000000000000000000   14
217.00000000000000000000   15
217.10000000000000000000   12
217.20000000000000000000   12
217.30000000000000000000   12
217.40000000000000000000   14
217.50000000000000000000   14
217.60000000000000000000   10
217.70000000000000000000   7
217.80000000000000000000   11
217.90000000000000000000   10
218.00000000000000000000   15
218.10000000000000000000   20
218.20000000000000000000   16
218.30000000000000000000   12
218.40000000000000000000   10
218.50000000000000000000   8
218.60000000000000000000   11
218.70000000000000000000   9
218.80000000000000000000   13
218.90000000000000000000   11
219.00000000000000000000   13
219.10000000000000000000   16
219.20000000000000000000   15
219.30000000000000000000   17
219.40000000000000000000   17
219.50000000000000000000   15
219.60000000000000000000   14
219.70000000000000000000   12
219.80000000000000000000   15
219.90000000000000000000   17
220.00000000000000000000   16
220.10000000000000000000   16
220.20000000000000000000   17
220.30000000000000000000   15
220.40000000000000000000   13
220.50000000000000000000   14
220.60000000000000000000   15
220.70000000000000000000   11
220.80000000000000000000   16
220.90000000000000000000   13
221.00000000000000000000   16
221.10000000000000000000   21
221.20000000000000000000   20
221.30000000000000000000   17
221.40000000000000000000   17
221.50000000000000000000   14
221.60000000000000000000   17
221.70000000000000000000   15
221.80000000000000000000   13
221.90000000000000000000   16
222.00000000000000000000   16
222.10000000000000000000   16
222.20000000000000000000   17
222.30000000000000000000   15
222.40000000000000000000   14
222.50000000000000000000   12
222.60000000000000000000   11
222.70000000000000000000   17
222.80000000000000000000   15
222.90000000000000000000   18
223.00000000000000000000   15
223.10000000000000000000   19
223.20000000000000000000   19
223.30000000000000000000   16
223.40000000000000000000   17
223.50000000000000000000   15
223.60000000000000000000   16
223.70000000000000000000   18
223.80000000000000000000   16
223.90000000000000000000   11
224.00000000000000000000   12
224.10000000000000000000   10
224.20000000000000000000   15
224.30000000000000000000   13
224.40000000000000000000   12
224.50000000000000000000   13
224.60000000000000000000   11
224.70000000000000000000   13
224.80000000000000000000   12
224.90000000000000000000   15
225.00000000000000000000   16
225.10000000000000000000   12
225.20000000000000000000   11
225.30000000000000000000   16
225.40000000000000000000   13
225.50000000000000000000   10
225.60000000000000000000   11
225.70000000000000000000   13
225.80000000000000000000   12
225.90000000000000000000   12
226.00000000000000000000   11
226.10000000000000000000   15
226.20000000000000000000   12
226.30000000000000000000   12
226.40000000000000000000   11
226.50000000000000000000   15
226.60000000000000000000   16
226.70000000000000000000   14
226.80000000000000000000   16
226.90000000000000000000   14
227.00000000000000000000   15
227.10000000000000000000   14
227.20000000000000000000   15
227.30000000000000000000   16
227.40000000000000000000   14
227.50000000000000000000   17
227.60000000000000000000   15
227.70000000000000000000   15
227.80000000000000000000   13
227.90000000000000000000   17
228.00000000000000000000   15
228.10000000000000000000   16
228.20000000000000000000   15
228.30000000000000000000   16
228.40000000000000000000   12
228.50000000000000000000   9
228.60000000000000000000   12
228.70000000000000000000   10
228.80000000000000000000   9
228.90000000000000000000   11
229.00000000000000000000   12
229.10000000000000000000   13
229.20000000000000000000   12
229.30000000000000000000   14
229.40000000000000000000   11
229.50000000000000000000   9
229.60000000000000000000   6
229.70000000000000000000   10
229.80000000000000000000   11
229.90000000000000000000   9
230.00000000000000000000   11
230.10000000000000000000   9
230.20000000000000000000   10
230.30000000000000000000   7
230.40000000000000000000   12
230.50000000000000000000   9
230.60000000000000000000   9
230.70000000000000000000   10
230.80000000000000000000   10
230.90000000000000000000   8
231.00000000000000000000   9
231.10000000000000000000   11
231.20000000000000000000   9
231.30000000000000000000   10
231.40000000000000000000   10
231.50000000000000000000   13
231.60000000000000000000   9
231.70000000000000000000   11
231.80000000000000000000   13
231.90000000000000000000   14
232.00000000000000000000   14
232.10000000000000000000   13
232.20000000000000000000   16
232.30000000000000000000   12
232.40000000000000000000   16
232.50000000000000000000   19
232.60000000000000000000   12
232.70000000000000000000   14
232.80000000000000000000   14
232.90000000000000000000   12
233.00000000000000000000   13
233.10000000000000000000   8
233.20000000000000000000   11
233.30000000000000000000   9
233.40000000000000000000   11
233.50000000000000000000   11
233.60000000000000000000   12
233.70000000000000000000   9
233.80000000000000000000   9
233.90000000000000000000   7
234.00000000000000000000   10
234.10000000000000000000   12
234.20000000000000000000   11
234.30000000000000000000   11
234.40000000000000000000   11
234.50000000000000000000   14
234.60000000000000000000   11
234.70000000000000000000   11
234.80000000000000000000   12
234.90000000000000000000   9
235.00000000000000000000   8
235.10000000000000000000   8
235.20000000000000000000   5
235.30000000000000000000   8
235.40000000000000000000   6
235.50000000000000000000   7
235.60000000000000000000   2
235.70000000000000000000   10
235.80000000000000000000   9
235.90000000000000000000   7
236.00000000000000000000   12
236.10000000000000000000   14
236.20000000000000000000   7
236.30000000000000000000   5
236.40000000000000000000   10
236.50000000000000000000   10
236.60000000000000000000   10
236.70000000000000000000   9
236.80000000000000000000   8
236.90000000000000000000   9
237.00000000000000000000   9
237.10000000000000000000   6
237.20000000000000000000   3
237.30000000000000000000   2
237.40000000000000000000   4
237.50000000000000000000   3
237.60000000000000000000   11
237.70000000000000000000   11
237.80000000000000000000   10
237.90000000000000000000   10
238.00000000000000000000   10
238.10000000000000000000   3
238.20000000000000000000   2
238.30000000000000000000   5
238.40000000000000000000   10
238.50000000000000000000   14
238.60000000000000000000   15
238.70000000000000000000   14
238.80000000000000000000   13
238.90000000000000000000   11
239.00000000000000000000   3
239.10000000000000000000   4
239.20000000000000000000   11
239.30000000000000000000   6
239.40000000000000000000   9
239.50000000000000000000   5
239.60000000000000000000   10
239.70000000000000000000   11
239.80000000000000000000   7
239.90000000000000000000   10
240.00000000000000000000   10
240.10000000000000000000   11
240.20000000000000000000   9
240.30000000000000000000   9
240.40000000000000000000   9
240.50000000000000000000   8
240.60000000000000000000   12
240.70000000000000000000   9
240.80000000000000000000   10
240.90000000000000000000   8
241.00000000000000000000   13
241.10000000000000000000   12
241.20000000000000000000   9
241.30000000000000000000   12
241.40000000000000000000   17
241.50000000000000000000   10
241.60000000000000000000   11
241.70000000000000000000   10
241.80000000000000000000   13
241.90000000000000000000   13
242.00000000000000000000   11
242.10000000000000000000   19
242.20000000000000000000   5
242.30000000000000000000   8
242.40000000000000000000   8
242.50000000000000000000   10
242.60000000000000000000   10
242.70000000000000000000   9
242.80000000000000000000   9
242.90000000000000000000   12
243.00000000000000000000   12
243.10000000000000000000   15
243.20000000000000000000   17
243.30000000000000000000   20
243.40000000000000000000   17
243.50000000000000000000   17
243.60000000000000000000   17
243.70000000000000000000   17
243.80000000000000000000   15
243.90000000000000000000   14
244.00000000000000000000   11
244.10000000000000000000   15
244.20000000000000000000   15
244.30000000000000000000   17
244.40000000000000000000   10
244.50000000000000000000   13
244.60000000000000000000   14
244.70000000000000000000   15
244.80000000000000000000   16
244.90000000000000000000   14
245.00000000000000000000   11
245.10000000000000000000   12
245.20000000000000000000   10
245.30000000000000000000   8
245.40000000000000000000   6
245.50000000000000000000   7
245.60000000000000000000   12
245.70000000000000000000   9
245.80000000000000000000   10
245.90000000000000000000   10
246.00000000000000000000   11
246.10000000000000000000   15
246.20000000000000000000   10
246.30000000000000000000   8
246.40000000000000000000   12
246.50000000000000000000   16
246.60000000000000000000   7
246.70000000000000000000   18
246.80000000000000000000   15
246.90000000000000000000   6
247.00000000000000000000   4
247.10000000000000000000   6
247.20000000000000000000   10
247.30000000000000000000   8
247.40000000000000000000   9
247.50000000000000000000   9
247.60000000000000000000   9
247.70000000000000000000   6
247.80000000000000000000   7
247.90000000000000000000   9
248.00000000000000000000   3
248.10000000000000000000   5
248.20000000000000000000   8
248.30000000000000000000   2
248.40000000000000000000   5
248.50000000000000000000   5
248.60000000000000000000   10
248.70000000000000000000   9
248.80000000000000000000   10
248.90000000000000000000   13
249.00000000000000000000   12
249.10000000000000000000   16
249.20000000000000000000   17
249.30000000000000000000   17
249.40000000000000000000   19
249.50000000000000000000   19
249.60000000000000000000   20
249.70000000000000000000   21
249.80000000000000000000   16
249.90000000000000000000   17
250.00000000000000000000   17
250.10000000000000000000   19
250.20000000000000000000   18
250.30000000000000000000   17
250.40000000000000000000   19
250.50000000000000000000   15
250.60000000000000000000   17
250.70000000000000000000   15
250.80000000000000000000   17
250.90000000000000000000   21
251.00000000000000000000   18
251.10000000000000000000   19
251.20000000000000000000   13
251.30000000000000000000   12
251.40000000000000000000   12
251.50000000000000000000   11
251.60000000000000000000   10
251.70000000000000000000   8
251.80000000000000000000   9
251.90000000000000000000   11
252.00000000000000000000   10
252.10000000000000000000   11
252.20000000000000000000   10
252.30000000000000000000   10
252.40000000000000000000   13
252.50000000000000000000   9
252.60000000000000000000   10
252.70000000000000000000   9
252.80000000000000000000   12
252.90000000000000000000   14
253.00000000000000000000   11
253.10000000000000000000   12
253.20000000000000000000   13
253.30000000000000000000   12
253.40000000000000000000   12
253.50000000000000000000   12
253.60000000000000000000   14
253.70000000000000000000   11
253.80000000000000000000   14
253.90000000000000000000   14
254.00000000000000000000   12
254.10000000000000000000   14
254.20000000000000000000   15
254.30000000000000000000   14
254.40000000000000000000   13
254.50000000000000000000   14
254.60000000000000000000   17
254.70000000000000000000   14
254.80000000000000000000   14
254.90000000000000000000   14
255.00000000000000000000   11
255.10000000000000000000   8
255.20000000000000000000   8
255.30000000000000000000   7
255.40000000000000000000   8
255.50000000000000000000   7
255.60000000000000000000   7
255.70000000000000000000   10
255.80000000000000000000   12
255.90000000000000000000   10
256.00000000000000000000   10
256.10000000000000000000   7
256.20000000000000000000   9
256.30000000000000000000   9
256.40000000000000000000   10
256.50000000000000000000   10
256.60000000000000000000   9
256.70000000000000000000   10
256.80000000000000000000   14
256.90000000000000000000   13
257.00000000000000000000   11
257.10000000000000000000   13
257.20000000000000000000   13
257.30000000000000000000   12
257.40000000000000000000   9
257.50000000000000000000   11
257.60000000000000000000   15
257.70000000000000000000   13
257.80000000000000000000   13
257.90000000000000000000   18
258.00000000000000000000   17
258.10000000000000000000   14
258.20000000000000000000   15
258.30000000000000000000   13
258.40000000000000000000   11
258.50000000000000000000   12
258.60000000000000000000   13
258.70000000000000000000   15
258.80000000000000000000   15
258.90000000000000000000   14
259.00000000000000000000   18
259.10000000000000000000   15
259.20000000000000000000   16
259.30000000000000000000   14
259.40000000000000000000   15
259.50000000000000000000   14
259.60000000000000000000   16
259.70000000000000000000   14
259.80000000000000000000   15
259.90000000000000000000   14
260.00000000000000000000   11
260.10000000000000000000   12
260.20000000000000000000   13
260.30000000000000000000   8
260.40000000000000000000   9
260.50000000000000000000   11
260.60000000000000000000   11
260.70000000000000000000   12
260.80000000000000000000   11
260.90000000000000000000   11
261.00000000000000000000   11
261.10000000000000000000   10
261.20000000000000000000   10
261.30000000000000000000   10
261.40000000000000000000   13
261.50000000000000000000   10
261.60000000000000000000   9
261.70000000000000000000   8
261.80000000000000000000   11
261.90000000000000000000   11
262.00000000000000000000   10
262.10000000000000000000   16
262.20000000000000000000   12
262.30000000000000000000   13
262.40000000000000000000   17
262.50000000000000000000   12
262.60000000000000000000   9
262.70000000000000000000   9
262.80000000000000000000   12
262.90000000000000000000   9
263.00000000000000000000   10
263.10000000000000000000   9
263.20000000000000000000   12
263.30000000000000000000   11
263.40000000000000000000   10
263.50000000000000000000   10
263.60000000000000000000   11
263.70000000000000000000   13
263.80000000000000000000   13
263.90000000000000000000   10
264.00000000000000000000   13
264.10000000000000000000   14
264.20000000000000000000   11
264.30000000000000000000   15
264.40000000000000000000   12
264.50000000000000000000   9
264.60000000000000000000   13
264.70000000000000000000   15
264.80000000000000000000   12
264.90000000000000000000   13
265.00000000000000000000   10
265.10000000000000000000   10
265.20000000000000000000   17
265.30000000000000000000   12
265.40000000000000000000   13
265.50000000000000000000   16
265.60000000000000000000   12
265.70000000000000000000   9
265.80000000000000000000   16
265.90000000000000000000   13
266.00000000000000000000   16
266.10000000000000000000   14
266.20000000000000000000   11
266.30000000000000000000   9
266.40000000000000000000   11
266.50000000000000000000   11
266.60000000000000000000   12
266.70000000000000000000   13
266.80000000000000000000   12
266.90000000000000000000   13
267.00000000000000000000   13
267.10000000000000000000   11
267.20000000000000000000   13
267.30000000000000000000   12
267.40000000000000000000   12
267.50000000000000000000   12
267.60000000000000000000   16
267.70000000000000000000   15
267.80000000000000000000   13
267.90000000000000000000   15
268.00000000000000000000   16
268.10000000000000000000   11
268.20000000000000000000   14
268.30000000000000000000   16
268.40000000000000000000   15
268.50000000000000000000   16
268.60000000000000000000   15
268.70000000000000000000   9
268.80000000000000000000   11
268.90000000000000000000   14
269.00000000000000000000   14
269.10000000000000000000   10
269.20000000000000000000   19
269.30000000000000000000   13
269.40000000000000000000   16
269.50000000000000000000   15
269.60000000000000000000   17
269.70000000000000000000   15
269.80000000000000000000   14
269.90000000000000000000   15
270.00000000000000000000   16
270.10000000000000000000   18
270.20000000000000000000   14
270.30000000000000000000   17
270.40000000000000000000   17
270.50000000000000000000   17
270.60000000000000000000   17
270.70000000000000000000   12
270.80000000000000000000   15
270.90000000000000000000   13
271.00000000000000000000   13
271.10000000000000000000   11
271.20000000000000000000   8
271.30000000000000000000   10
271.40000000000000000000   8
271.50000000000000000000   14
271.60000000000000000000   14
271.70000000000000000000   11
271.80000000000000000000   11
271.90000000000000000000   12
272.00000000000000000000   13
272.10000000000000000000   12
272.20000000000000000000   12
272.30000000000000000000   8
272.40000000000000000000   12
272.50000000000000000000   6
272.60000000000000000000   9
272.70000000000000000000   6
272.80000000000000000000   10
272.90000000000000000000   11
273.00000000000000000000   8
273.10000000000000000000   5
273.20000000000000000000   11
273.30000000000000000000   9
273.40000000000000000000   9
273.50000000000000000000   8
273.60000000000000000000   8
273.70000000000000000000   8
273.80000000000000000000   8
273.90000000000000000000   8
274.00000000000000000000   10
274.10000000000000000000   11
274.20000000000000000000   13
274.30000000000000000000   13
274.40000000000000000000   13
274.50000000000000000000   11
274.60000000000000000000   12
274.70000000000000000000   13
274.80000000000000000000   16
274.90000000000000000000   15
275.00000000000000000000   11
275.10000000000000000000   10
275.20000000000000000000   8
275.30000000000000000000   7
275.40000000000000000000   8
275.50000000000000000000   8
275.60000000000000000000   11
275.70000000000000000000   12
275.80000000000000000000   8
275.90000000000000000000   10
276.00000000000000000000   13
276.10000000000000000000   9
276.20000000000000000000   5
276.30000000000000000000   9
276.40000000000000000000   8
276.50000000000000000000   7
276.60000000000000000000   4
276.70000000000000000000   6
276.80000000000000000000   7
276.90000000000000000000   5
277.00000000000000000000   8
277.10000000000000000000   7
277.20000000000000000000   6
277.30000000000000000000   5
277.40000000000000000000   8
277.50000000000000000000   4
277.60000000000000000000   7
277.70000000000000000000   8
277.80000000000000000000   8
277.90000000000000000000   6
278.00000000000000000000   9
278.10000000000000000000   6
278.20000000000000000000   8
278.30000000000000000000   3
278.40000000000000000000   4
278.50000000000000000000   10
278.60000000000000000000   9
278.70000000000000000000   9
278.80000000000000000000   10
278.90000000000000000000   10
279.00000000000000000000   11
279.10000000000000000000   13
279.20000000000000000000   7
279.30000000000000000000   8
279.40000000000000000000   12
279.50000000000000000000   13
279.60000000000000000000   11
279.70000000000000000000   13
279.80000000000000000000   12
279.90000000000000000000   15
280.00000000000000000000   11
280.10000000000000000000   15
280.20000000000000000000   9
280.30000000000000000000   8
280.40000000000000000000   8
280.50000000000000000000   5
280.60000000000000000000   11
280.70000000000000000000   11
280.80000000000000000000   11
280.90000000000000000000   12
281.00000000000000000000   11
281.10000000000000000000   14
281.20000000000000000000   10
281.30000000000000000000   11
281.40000000000000000000   9
281.50000000000000000000   7
281.60000000000000000000   5
281.70000000000000000000   5
281.80000000000000000000   6
281.90000000000000000000   12
282.00000000000000000000   15
282.10000000000000000000   15
282.20000000000000000000   16
282.30000000000000000000   15
282.40000000000000000000   12
282.50000000000000000000   12
282.60000000000000000000   11
282.70000000000000000000   10
282.80000000000000000000   11
282.90000000000000000000   6
283.00000000000000000000   9
283.10000000000000000000   10
283.20000000000000000000   11
283.30000000000000000000   4
283.40000000000000000000   3
283.50000000000000000000   3
283.60000000000000000000   5
283.70000000000000000000   5
283.80000000000000000000   2
283.90000000000000000000   3
284.00000000000000000000   2
284.10000000000000000000   5
284.20000000000000000000   7
284.30000000000000000000   11
284.40000000000000000000   4
284.50000000000000000000   12
284.60000000000000000000   10
284.70000000000000000000   12
284.80000000000000000000   12
284.90000000000000000000   11
285.00000000000000000000   10
285.10000000000000000000   7
285.20000000000000000000   12
285.30000000000000000000   10
285.40000000000000000000   15
285.50000000000000000000   14
285.60000000000000000000   12
285.70000000000000000000   10
285.80000000000000000000   15
285.90000000000000000000   9
286.00000000000000000000   12
286.10000000000000000000   13
286.20000000000000000000   9
286.30000000000000000000   11
286.40000000000000000000   9
286.50000000000000000000   11
286.60000000000000000000   11
286.70000000000000000000   11
286.80000000000000000000   13
286.90000000000000000000   13
287.00000000000000000000   16
287.10000000000000000000   10
287.20000000000000000000   10
287.30000000000000000000   9
287.40000000000000000000   9
287.50000000000000000000   17
287.60000000000000000000   19
287.70000000000000000000   14
287.80000000000000000000   12
287.90000000000000000000   16
288.00000000000000000000   13
288.10000000000000000000   18
288.20000000000000000000   18
288.30000000000000000000   17
288.40000000000000000000   13
288.50000000000000000000   13
288.60000000000000000000   11
288.70000000000000000000   12
288.80000000000000000000   12
288.90000000000000000000   16
289.00000000000000000000   11
289.10000000000000000000   13
289.20000000000000000000   8
289.30000000000000000000   11
289.40000000000000000000   10
289.50000000000000000000   10
289.60000000000000000000   14
289.70000000000000000000   8
289.80000000000000000000   6
289.90000000000000000000   11
290.00000000000000000000   13
290.10000000000000000000   10
290.20000000000000000000   9
290.30000000000000000000   9
290.40000000000000000000   6
290.50000000000000000000   7
290.60000000000000000000   11
290.70000000000000000000   11
290.80000000000000000000   6
290.90000000000000000000   9
291.00000000000000000000   8
291.10000000000000000000   7
291.20000000000000000000   9
291.30000000000000000000   6
291.40000000000000000000   8
291.50000000000000000000   5
291.60000000000000000000   6
291.70000000000000000000   7
291.80000000000000000000   6
291.90000000000000000000   8
292.00000000000000000000   10
292.10000000000000000000   7
292.20000000000000000000   9
292.30000000000000000000   8
292.40000000000000000000   8
292.50000000000000000000   13
292.60000000000000000000   9
292.70000000000000000000   9
292.80000000000000000000   5
292.90000000000000000000   8
293.00000000000000000000   10
293.10000000000000000000   10
293.20000000000000000000   12
293.30000000000000000000   11
293.40000000000000000000   6
293.50000000000000000000   8
293.60000000000000000000   8
293.70000000000000000000   10
293.80000000000000000000   12
293.90000000000000000000   16
294.00000000000000000000   10
294.10000000000000000000   9
294.20000000000000000000   8
294.30000000000000000000   12
294.40000000000000000000   8
294.50000000000000000000   11
294.60000000000000000000   10
294.70000000000000000000   12
294.80000000000000000000   15
294.90000000000000000000   14
295.00000000000000000000   14
295.10000000000000000000   16
295.20000000000000000000   15
295.30000000000000000000   13
295.40000000000000000000   9
295.50000000000000000000   10
295.60000000000000000000   13
295.70000000000000000000   13
295.80000000000000000000   12
295.90000000000000000000   10
296.00000000000000000000   8
296.10000000000000000000   12
296.20000000000000000000   13
296.30000000000000000000   14
296.40000000000000000000   11
296.50000000000000000000   14
296.60000000000000000000   16
296.70000000000000000000   19
296.80000000000000000000   13
296.90000000000000000000   16
297.00000000000000000000   17
297.10000000000000000000   16
297.20000000000000000000   16
297.30000000000000000000   13
297.40000000000000000000   12
297.50000000000000000000   14
297.60000000000000000000   14
297.70000000000000000000   14
297.80000000000000000000   9
297.90000000000000000000   11
298.00000000000000000000   11
298.10000000000000000000   13
298.20000000000000000000   16
298.30000000000000000000   11
298.40000000000000000000   9
298.50000000000000000000   12
298.60000000000000000000   11
298.70000000000000000000   10
298.80000000000000000000   15
298.90000000000000000000   9
299.00000000000000000000   11
299.10000000000000000000   12
299.20000000000000000000   14
299.30000000000000000000   11
299.40000000000000000000   11
299.50000000000000000000   9
299.60000000000000000000   13
299.70000000000000000000   14
299.80000000000000000000   14
299.90000000000000000000   7
300.00000000000000000000   13
300.10000000000000000000   9
300.20000000000000000000   8
300.30000000000000000000   5
300.40000000000000000000   6
300.50000000000000000000   9
300.60000000000000000000   8
300.70000000000000000000   10
300.80000000000000000000   9
300.90000000000000000000   7
301.00000000000000000000   8
301.10000000000000000000   10
301.20000000000000000000   7
301.30000000000000000000   10
301.40000000000000000000   9
301.50000000000000000000   14
301.60000000000000000000   15
301.70000000000000000000   14
301.80000000000000000000   13
301.90000000000000000000   14
302.00000000000000000000   17
302.10000000000000000000   16
302.20000000000000000000   14
302.30000000000000000000   11
302.40000000000000000000   14
302.50000000000000000000   12
302.60000000000000000000   12
302.70000000000000000000   13
302.80000000000000000000   13
302.90000000000000000000   11
303.00000000000000000000   14
303.10000000000000000000   13
303.20000000000000000000   14
303.30000000000000000000   19
303.40000000000000000000   16
303.50000000000000000000   15
303.60000000000000000000   15
303.70000000000000000000   12
303.80000000000000000000   12
303.90000000000000000000   16
304.00000000000000000000   15
304.10000000000000000000   17
304.20000000000000000000   15
304.30000000000000000000   13
304.40000000000000000000   11
304.50000000000000000000   14
304.60000000000000000000   14
304.70000000000000000000   17
304.80000000000000000000   21
304.90000000000000000000   18
305.00000000000000000000   19
305.10000000000000000000   15
305.20000000000000000000   18
305.30000000000000000000   17
305.40000000000000000000   17
305.50000000000000000000   16
305.60000000000000000000   17
305.70000000000000000000   13
305.80000000000000000000   14
305.90000000000000000000   12
306.00000000000000000000   12
306.10000000000000000000   10
306.20000000000000000000   12
306.30000000000000000000   10
306.40000000000000000000   7
306.50000000000000000000   17
306.60000000000000000000   13
306.70000000000000000000   13
306.80000000000000000000   14
306.90000000000000000000   15
307.00000000000000000000   10
307.10000000000000000000   13
307.20000000000000000000   12
307.30000000000000000000   7
307.40000000000000000000   8
307.50000000000000000000   11
307.60000000000000000000   11
307.70000000000000000000   8
307.80000000000000000000   9
307.90000000000000000000   9
308.00000000000000000000   12
308.10000000000000000000   8
308.20000000000000000000   9
308.30000000000000000000   7
308.40000000000000000000   7
308.50000000000000000000   7
308.60000000000000000000   10
308.70000000000000000000   10
308.80000000000000000000   7
308.90000000000000000000   9
309.00000000000000000000   15
309.10000000000000000000   11
309.20000000000000000000   11
309.30000000000000000000   13
309.40000000000000000000   10
309.50000000000000000000   9
309.60000000000000000000   9
309.70000000000000000000   10
309.80000000000000000000   9
309.90000000000000000000   8
310.00000000000000000000   11
310.10000000000000000000   14
310.20000000000000000000   11
310.30000000000000000000   10
310.40000000000000000000   16
310.50000000000000000000   15
310.60000000000000000000   15
310.70000000000000000000   11
310.80000000000000000000   12
310.90000000000000000000   14
311.00000000000000000000   11
311.10000000000000000000   15
311.20000000000000000000   15
311.30000000000000000000   14
311.40000000000000000000   10
311.50000000000000000000   15
311.60000000000000000000   11
311.70000000000000000000   15
311.80000000000000000000   17
311.90000000000000000000   13
312.00000000000000000000   15
312.10000000000000000000   16
312.20000000000000000000   10
312.30000000000000000000   10
312.40000000000000000000   10
312.50000000000000000000   9
312.60000000000000000000   9
312.70000000000000000000   11
312.80000000000000000000   13
312.90000000000000000000   13
313.00000000000000000000   19
313.10000000000000000000   16
313.20000000000000000000   16
313.30000000000000000000   11
313.40000000000000000000   16
313.50000000000000000000   12
313.60000000000000000000   14
313.70000000000000000000   11
313.80000000000000000000   16
313.90000000000000000000   17
314.00000000000000000000   17
314.10000000000000000000   22
314.20000000000000000000   18
314.30000000000000000000   20
314.40000000000000000000   19
314.50000000000000000000   18
314.60000000000000000000   21
314.70000000000000000000   17
314.80000000000000000000   16
314.90000000000000000000   19
315.00000000000000000000   20
315.10000000000000000000   19
315.20000000000000000000   19
315.30000000000000000000   16
315.40000000000000000000   18
315.50000000000000000000   20
315.60000000000000000000   15
315.70000000000000000000   18
315.80000000000000000000   24
315.90000000000000000000   21
316.00000000000000000000   23
316.10000000000000000000   20
316.20000000000000000000   22
316.30000000000000000000   20
316.40000000000000000000   23
316.50000000000000000000   20
316.60000000000000000000   20
316.70000000000000000000   23
316.80000000000000000000   22
316.90000000000000000000   23
317.00000000000000000000   25
317.10000000000000000000   20
317.20000000000000000000   20
317.30000000000000000000   19
317.40000000000000000000   26
317.50000000000000000000   25
317.60000000000000000000   23
317.70000000000000000000   17
317.80000000000000000000   27
317.90000000000000000000   22
318.00000000000000000000   25
318.10000000000000000000   21
318.20000000000000000000   27
318.30000000000000000000   24
318.40000000000000000000   24
318.50000000000000000000   26
318.60000000000000000000   26
318.70000000000000000000   25
318.80000000000000000000   24
318.90000000000000000000   27
319.00000000000000000000   24
319.10000000000000000000   21
319.20000000000000000000   22
319.30000000000000000000   17
319.40000000000000000000   22
319.50000000000000000000   25
319.60000000000000000000   21
319.70000000000000000000   22
319.80000000000000000000   25
319.90000000000000000000   19
320.00000000000000000000   16
320.10000000000000000000   17
320.20000000000000000000   19
320.30000000000000000000   17
320.40000000000000000000   18
320.50000000000000000000   19
320.60000000000000000000   20
320.70000000000000000000   18
320.80000000000000000000   17
320.90000000000000000000   17
321.00000000000000000000   19
321.10000000000000000000   14
321.20000000000000000000   18
321.30000000000000000000   19
321.40000000000000000000   14
321.50000000000000000000   13
321.60000000000000000000   19
321.70000000000000000000   15
321.80000000000000000000   18
321.90000000000000000000   17
322.00000000000000000000   16
322.10000000000000000000   17
322.20000000000000000000   20
322.30000000000000000000   20
322.40000000000000000000   17
322.50000000000000000000   14
322.60000000000000000000   14
322.70000000000000000000   13
322.80000000000000000000   10
322.90000000000000000000   17
323.00000000000000000000   13
323.10000000000000000000   23
323.20000000000000000000   24
323.30000000000000000000   26
323.40000000000000000000   23
323.50000000000000000000   21
323.60000000000000000000   26
323.70000000000000000000   23
323.80000000000000000000   25
323.90000000000000000000   21
324.00000000000000000000   24
324.10000000000000000000   23
324.20000000000000000000   19
324.30000000000000000000   24
324.40000000000000000000   21
324.50000000000000000000   25
324.60000000000000000000   22
324.70000000000000000000   28
324.80000000000000000000   29
324.90000000000000000000   27
325.00000000000000000000   26
325.10000000000000000000   24
325.20000000000000000000   20
325.30000000000000000000   18
325.40000000000000000000   14
325.50000000000000000000   14
325.60000000000000000000   12
325.70000000000000000000   18
325.80000000000000000000   20
325.90000000000000000000   18
326.00000000000000000000   14
326.10000000000000000000   16
326.20000000000000000000   11
326.30000000000000000000   14
326.40000000000000000000   14
326.50000000000000000000   18
326.60000000000000000000   19
326.70000000000000000000   17
326.80000000000000000000   16
326.90000000000000000000   17
327.00000000000000000000   16
327.10000000000000000000   18
327.20000000000000000000   19
327.30000000000000000000   24
327.40000000000000000000   19
327.50000000000000000000   22
327.60000000000000000000   19
327.70000000000000000000   20
327.80000000000000000000   18
327.90000000000000000000   16
328.00000000000000000000   15
328.10000000000000000000   20
328.20000000000000000000   17
328.30000000000000000000   18
328.40000000000000000000   11
328.50000000000000000000   11
328.60000000000000000000   11
328.70000000000000000000   12
328.80000000000000000000   13
328.90000000000000000000   12
329.00000000000000000000   11
329.10000000000000000000   11
329.20000000000000000000   12
329.30000000000000000000   11
329.40000000000000000000   8
329.50000000000000000000   12
329.60000000000000000000   12
329.70000000000000000000   11
329.80000000000000000000   12
329.90000000000000000000   8
330.00000000000000000000   10
330.10000000000000000000   7
330.20000000000000000000   12
330.30000000000000000000   10
330.40000000000000000000   11
330.50000000000000000000   8
330.60000000000000000000   9
330.70000000000000000000   12
330.80000000000000000000   14
330.90000000000000000000   14
331.00000000000000000000   13
331.10000000000000000000   13
331.20000000000000000000   12
331.30000000000000000000   19
331.40000000000000000000   11
331.50000000000000000000   10
331.60000000000000000000   12
331.70000000000000000000   11
331.80000000000000000000   13
331.90000000000000000000   14
332.00000000000000000000   13
332.10000000000000000000   14
332.20000000000000000000   12
332.30000000000000000000   7
332.40000000000000000000   9
332.50000000000000000000   13
332.60000000000000000000   12
332.70000000000000000000   11
332.80000000000000000000   13
332.90000000000000000000   14
333.00000000000000000000   18
333.10000000000000000000   14
333.20000000000000000000   15
333.30000000000000000000   13
333.40000000000000000000   14
333.50000000000000000000   15
333.60000000000000000000   17
333.70000000000000000000   10
333.80000000000000000000   10
333.90000000000000000000   13
334.00000000000000000000   12
334.10000000000000000000   17
334.20000000000000000000   13
334.30000000000000000000   16
334.40000000000000000000   13
334.50000000000000000000   9
334.60000000000000000000   6
334.70000000000000000000   8
334.80000000000000000000   9
334.90000000000000000000   6
335.00000000000000000000   8
335.10000000000000000000   7
335.20000000000000000000   7
335.30000000000000000000   6
335.40000000000000000000   9
335.50000000000000000000   8
335.60000000000000000000   10
335.70000000000000000000   14
335.80000000000000000000   14
335.90000000000000000000   17
336.00000000000000000000   15
336.10000000000000000000   15
336.20000000000000000000   13
336.30000000000000000000   14
336.40000000000000000000   15
336.50000000000000000000   14
336.60000000000000000000   14
336.70000000000000000000   15
336.80000000000000000000   15
336.90000000000000000000   17
337.00000000000000000000   15
337.10000000000000000000   15
337.20000000000000000000   13
337.30000000000000000000   9
337.40000000000000000000   17
337.50000000000000000000   15
337.60000000000000000000   15
337.70000000000000000000   14
337.80000000000000000000   13
337.90000000000000000000   17
338.00000000000000000000   15
338.10000000000000000000   16
338.20000000000000000000   18
338.30000000000000000000   15
338.40000000000000000000   13
338.50000000000000000000   14
338.60000000000000000000   15
338.70000000000000000000   14
338.80000000000000000000   17
338.90000000000000000000   19
339.00000000000000000000   16
339.10000000000000000000   15
339.20000000000000000000   12
339.30000000000000000000   12
339.40000000000000000000   12
339.50000000000000000000   12
339.60000000000000000000   16
339.70000000000000000000   15
339.80000000000000000000   17
339.90000000000000000000   12
340.00000000000000000000   13
340.10000000000000000000   18
340.20000000000000000000   16
340.30000000000000000000   12
340.40000000000000000000   17
340.50000000000000000000   16
340.60000000000000000000   13
340.70000000000000000000   13
340.80000000000000000000   14
340.90000000000000000000   14
341.00000000000000000000   11
341.10000000000000000000   12
341.20000000000000000000   16
341.30000000000000000000   15
341.40000000000000000000   15
341.50000000000000000000   13
341.60000000000000000000   15
341.70000000000000000000   19
341.80000000000000000000   19
341.90000000000000000000   10
342.00000000000000000000   18
342.10000000000000000000   17
342.20000000000000000000   19
342.30000000000000000000   16
342.40000000000000000000   14
342.50000000000000000000   13
342.60000000000000000000   17
342.70000000000000000000   14
342.80000000000000000000   15
342.90000000000000000000   14
343.00000000000000000000   16
343.10000000000000000000   17
343.20000000000000000000   17
343.30000000000000000000   19
343.40000000000000000000   19
343.50000000000000000000   17
343.60000000000000000000   19
343.70000000000000000000   16
343.80000000000000000000   17
343.90000000000000000000   17
344.00000000000000000000   13
344.10000000000000000000   15
344.20000000000000000000   20
344.30000000000000000000   18
344.40000000000000000000   17
344.50000000000000000000   12
344.60000000000000000000   17
344.70000000000000000000   18
344.80000000000000000000   13
344.90000000000000000000   15
345.00000000000000000000   16
345.10000000000000000000   17
345.20000000000000000000   17
345.30000000000000000000   17
345.40000000000000000000   15
345.50000000000000000000   13
345.60000000000000000000   14
345.70000000000000000000   12
345.80000000000000000000   11
345.90000000000000000000   15
346.00000000000000000000   12
346.10000000000000000000   16
346.20000000000000000000   16
346.30000000000000000000   14
346.40000000000000000000   12
346.50000000000000000000   14
346.60000000000000000000   17
346.70000000000000000000   17
346.80000000000000000000   17
346.90000000000000000000   13
347.00000000000000000000   14
347.10000000000000000000   13
347.20000000000000000000   17
347.30000000000000000000   14
347.40000000000000000000   13
347.50000000000000000000   14
347.60000000000000000000   15
347.70000000000000000000   13
347.80000000000000000000   16
347.90000000000000000000   17
348.00000000000000000000   12
348.10000000000000000000   15
348.20000000000000000000   10
348.30000000000000000000   9
348.40000000000000000000   14
348.50000000000000000000   16
348.60000000000000000000   14
348.70000000000000000000   13
348.80000000000000000000   11
348.90000000000000000000   13
349.00000000000000000000   12
349.10000000000000000000   12
349.20000000000000000000   14
349.30000000000000000000   15
349.40000000000000000000   17
349.50000000000000000000   14
349.60000000000000000000   14
349.70000000000000000000   14
349.80000000000000000000   17
349.90000000000000000000   18
350.00000000000000000000   15
350.10000000000000000000   14
350.20000000000000000000   17
350.30000000000000000000   18
350.40000000000000000000   19
350.50000000000000000000   15
350.60000000000000000000   13
350.70000000000000000000   14
350.80000000000000000000   15
350.90000000000000000000   15
351.00000000000000000000   9
351.10000000000000000000   11
351.20000000000000000000   14
351.30000000000000000000   12
351.40000000000000000000   11
351.50000000000000000000   10
351.60000000000000000000   13
351.70000000000000000000   16
351.80000000000000000000   15
351.90000000000000000000   13
352.00000000000000000000   15
352.10000000000000000000   14
352.20000000000000000000   15
352.30000000000000000000   16
352.40000000000000000000   14
352.50000000000000000000   15
352.60000000000000000000   16
352.70000000000000000000   15
352.80000000000000000000   13
352.90000000000000000000   9
353.00000000000000000000   12
353.10000000000000000000   10
353.20000000000000000000   14
353.30000000000000000000   14
353.40000000000000000000   13
353.50000000000000000000   17
353.60000000000000000000   14
353.70000000000000000000   13
353.80000000000000000000   16
353.90000000000000000000   16
354.00000000000000000000   17
354.10000000000000000000   12
354.20000000000000000000   16
354.30000000000000000000   11
354.40000000000000000000   14
354.50000000000000000000   11
354.60000000000000000000   13
354.70000000000000000000   13
354.80000000000000000000   16
354.90000000000000000000   15
355.00000000000000000000   12
355.10000000000000000000   19
355.20000000000000000000   20
355.30000000000000000000   14
355.40000000000000000000   14
355.50000000000000000000   13
355.60000000000000000000   15
355.70000000000000000000   16
355.80000000000000000000   12
355.90000000000000000000   14
356.00000000000000000000   10
356.10000000000000000000   8
356.20000000000000000000   10
356.30000000000000000000   12
356.40000000000000000000   9
356.50000000000000000000   13
356.60000000000000000000   15
356.70000000000000000000   15
356.80000000000000000000   17
356.90000000000000000000   16
357.00000000000000000000   16
357.10000000000000000000   14
357.20000000000000000000   14
357.30000000000000000000   12
357.40000000000000000000   13
357.50000000000000000000   14
357.60000000000000000000   17
357.70000000000000000000   16
357.80000000000000000000   17
357.90000000000000000000   17
358.00000000000000000000   17
358.10000000000000000000   15
358.20000000000000000000   15
358.30000000000000000000   12
358.40000000000000000000   15
358.50000000000000000000   11
358.60000000000000000000   16
358.70000000000000000000   14
358.80000000000000000000   13
358.90000000000000000000   12
359.00000000000000000000   13
359.10000000000000000000   12
359.20000000000000000000   13
359.30000000000000000000   15
359.40000000000000000000   17
359.50000000000000000000   13
359.60000000000000000000   16
359.70000000000000000000   16
359.80000000000000000000   17
359.90000000000000000000   13
360.00000000000000000000   21
360.10000000000000000000   18
360.20000000000000000000   16
360.30000000000000000000   21
360.40000000000000000000   13
360.50000000000000000000   13
360.60000000000000000000   16
360.70000000000000000000   18
360.80000000000000000000   21
360.90000000000000000000   14
361.00000000000000000000   16
361.10000000000000000000   15
361.20000000000000000000   19
361.30000000000000000000   16
361.40000000000000000000   17
361.50000000000000000000   17
361.60000000000000000000   13
361.70000000000000000000   11
361.80000000000000000000   10
361.90000000000000000000   13
362.00000000000000000000   16
362.10000000000000000000   14
362.20000000000000000000   12
362.30000000000000000000   14
362.40000000000000000000   12
362.50000000000000000000   12
362.60000000000000000000   16
362.70000000000000000000   10
362.80000000000000000000   13
362.90000000000000000000   10
363.00000000000000000000   11
363.10000000000000000000   13
363.20000000000000000000   12
363.30000000000000000000   12
363.40000000000000000000   16
363.50000000000000000000   16
363.60000000000000000000   16
363.70000000000000000000   13
363.80000000000000000000   15
363.90000000000000000000   15
364.00000000000000000000   14
364.10000000000000000000   16
364.20000000000000000000   16
364.30000000000000000000   19
364.40000000000000000000   19
364.50000000000000000000   18
364.60000000000000000000   18
364.70000000000000000000   19
364.80000000000000000000   22
364.90000000000000000000   20
365.00000000000000000000   23
365.10000000000000000000   19
365.20000000000000000000   18
365.30000000000000000000   18
365.40000000000000000000   20
365.50000000000000000000   18
365.60000000000000000000   20
365.70000000000000000000   20
365.80000000000000000000   20
365.90000000000000000000   20
366.00000000000000000000   23
366.10000000000000000000   26
366.20000000000000000000   20
366.30000000000000000000   25
366.40000000000000000000   17
366.50000000000000000000   13
366.60000000000000000000   16
366.70000000000000000000   17
366.80000000000000000000   19
366.90000000000000000000   19
367.00000000000000000000   20
367.10000000000000000000   16
367.20000000000000000000   18
367.30000000000000000000   17
367.40000000000000000000   15
367.50000000000000000000   15
367.60000000000000000000   15
367.70000000000000000000   14
367.80000000000000000000   17
367.90000000000000000000   17
368.00000000000000000000   15
368.10000000000000000000   12
368.20000000000000000000   17
368.30000000000000000000   14
368.40000000000000000000   17
368.50000000000000000000   19
368.60000000000000000000   16
368.70000000000000000000   21
368.80000000000000000000   15
368.90000000000000000000   13
369.00000000000000000000   15
369.10000000000000000000   18
369.20000000000000000000   16
369.30000000000000000000   20
369.40000000000000000000   19
369.50000000000000000000   19
369.60000000000000000000   14
369.70000000000000000000   17
369.80000000000000000000   17
369.90000000000000000000   18
370.00000000000000000000   14
370.10000000000000000000   16
370.20000000000000000000   17
370.30000000000000000000   10
370.40000000000000000000   15
370.50000000000000000000   12
370.60000000000000000000   13
370.70000000000000000000   15
370.80000000000000000000   14
370.90000000000000000000   14
371.00000000000000000000   15
371.10000000000000000000   17
371.20000000000000000000   17
371.30000000000000000000   18
371.40000000000000000000   12
371.50000000000000000000   16
371.60000000000000000000   15
371.70000000000000000000   16
371.80000000000000000000   16
371.90000000000000000000   16
372.00000000000000000000   13
372.10000000000000000000   14
372.20000000000000000000   14
372.30000000000000000000   12
372.40000000000000000000   12
372.50000000000000000000   14
372.60000000000000000000   12
372.70000000000000000000   19
372.80000000000000000000   12
372.90000000000000000000   17
373.00000000000000000000   16
373.10000000000000000000   12
373.20000000000000000000   11
373.30000000000000000000   13
373.40000000000000000000   14
373.50000000000000000000   11
373.60000000000000000000   12
373.70000000000000000000   14
373.80000000000000000000   13
373.90000000000000000000   17
374.00000000000000000000   14
374.10000000000000000000   11
374.20000000000000000000   13
374.30000000000000000000   14
374.40000000000000000000   15
374.50000000000000000000   14
374.60000000000000000000   15
374.70000000000000000000   13
374.80000000000000000000   16
374.90000000000000000000   14
375.00000000000000000000   13
375.10000000000000000000   16
375.20000000000000000000   14
375.30000000000000000000   13
375.40000000000000000000   13
375.50000000000000000000   16
375.60000000000000000000   12
375.70000000000000000000   14
375.80000000000000000000   16
375.90000000000000000000   14
376.00000000000000000000   15
376.10000000000000000000   14
376.20000000000000000000   14
376.30000000000000000000   12
376.40000000000000000000   13
376.50000000000000000000   15
376.60000000000000000000   14
376.70000000000000000000   15
376.80000000000000000000   12
376.90000000000000000000   13
377.00000000000000000000   13
377.10000000000000000000   13
377.20000000000000000000   13
377.30000000000000000000   18
377.40000000000000000000   13
377.50000000000000000000   15
377.60000000000000000000   12
377.70000000000000000000   14
377.80000000000000000000   13
377.90000000000000000000   8
378.00000000000000000000   11
378.10000000000000000000   12
378.20000000000000000000   11
378.30000000000000000000   11
378.40000000000000000000   7
378.50000000000000000000   9
378.60000000000000000000   17
378.70000000000000000000   16
378.80000000000000000000   20
378.90000000000000000000   19
379.00000000000000000000   13
379.10000000000000000000   16
379.20000000000000000000   15
379.30000000000000000000   15
379.40000000000000000000   19
379.50000000000000000000   16
379.60000000000000000000   15
379.70000000000000000000   9
379.80000000000000000000   11
379.90000000000000000000   11
380.00000000000000000000   13
380.10000000000000000000   13
380.20000000000000000000   17
380.30000000000000000000   14
380.40000000000000000000   12
380.50000000000000000000   13
380.60000000000000000000   10
380.70000000000000000000   12
380.80000000000000000000   14
380.90000000000000000000   11
381.00000000000000000000   15
381.10000000000000000000   14
381.20000000000000000000   13
381.30000000000000000000   13
381.40000000000000000000   16
381.50000000000000000000   13
381.60000000000000000000   13
381.70000000000000000000   12
381.80000000000000000000   14
381.90000000000000000000   15
382.00000000000000000000   14
382.10000000000000000000   10
382.20000000000000000000   8
382.30000000000000000000   10
382.40000000000000000000   14
382.50000000000000000000   11
382.60000000000000000000   9
382.70000000000000000000   14
382.80000000000000000000   12
382.90000000000000000000   12
383.00000000000000000000   13
383.10000000000000000000   11
383.20000000000000000000   12
383.30000000000000000000   15
383.40000000000000000000   12
383.50000000000000000000   14
383.60000000000000000000   9
383.70000000000000000000   13
383.80000000000000000000   14
383.90000000000000000000   16
384.00000000000000000000   16
384.10000000000000000000   9
384.20000000000000000000   8
384.30000000000000000000   10
384.40000000000000000000   11
384.50000000000000000000   15
384.60000000000000000000   16
384.70000000000000000000   13
384.80000000000000000000   10
384.90000000000000000000   14
385.00000000000000000000   14
385.10000000000000000000   13
385.20000000000000000000   15
385.30000000000000000000   13
385.40000000000000000000   14
385.50000000000000000000   15
385.60000000000000000000   14
385.70000000000000000000   14
385.80000000000000000000   13
385.90000000000000000000   14
386.00000000000000000000   13
386.10000000000000000000   17
386.20000000000000000000   12
386.30000000000000000000   15
386.40000000000000000000   12
386.50000000000000000000   10
386.60000000000000000000   10
386.70000000000000000000   11
386.80000000000000000000   15
386.90000000000000000000   16
387.00000000000000000000   17
387.10000000000000000000   19
387.20000000000000000000   18
387.30000000000000000000   14
387.40000000000000000000   13
387.50000000000000000000   17
387.60000000000000000000   16
387.70000000000000000000   20
387.80000000000000000000   15
387.90000000000000000000   13
388.00000000000000000000   13
388.10000000000000000000   15
388.20000000000000000000   19
388.30000000000000000000   18
388.40000000000000000000   18
388.50000000000000000000   19
388.60000000000000000000   12
388.70000000000000000000   9
388.80000000000000000000   13
388.90000000000000000000   10
389.00000000000000000000   11
389.10000000000000000000   11
389.20000000000000000000   8
389.30000000000000000000   10
389.40000000000000000000   12
389.50000000000000000000   11
389.60000000000000000000   9
389.70000000000000000000   12
389.80000000000000000000   16
389.90000000000000000000   13
390.00000000000000000000   18
390.10000000000000000000   19
390.20000000000000000000   19
390.30000000000000000000   10
390.40000000000000000000   10
390.50000000000000000000   9
390.60000000000000000000   13
390.70000000000000000000   8
390.80000000000000000000   11
390.90000000000000000000   14
391.00000000000000000000   16
391.10000000000000000000   15
391.20000000000000000000   15
391.30000000000000000000   13
391.40000000000000000000   9
391.50000000000000000000   19
391.60000000000000000000   15
391.70000000000000000000   15
391.80000000000000000000   21
391.90000000000000000000   12
392.00000000000000000000   14
392.10000000000000000000   14
392.20000000000000000000   21
392.30000000000000000000   13
392.40000000000000000000   11
392.50000000000000000000   16
392.60000000000000000000   17
392.70000000000000000000   14
392.80000000000000000000   12
392.90000000000000000000   18
393.00000000000000000000   14
393.10000000000000000000   19
393.20000000000000000000   21
393.30000000000000000000   20
393.40000000000000000000   17
393.50000000000000000000   15
393.60000000000000000000   17
393.70000000000000000000   17
393.80000000000000000000   14
393.90000000000000000000   15
394.00000000000000000000   10
394.10000000000000000000   14
394.20000000000000000000   17
394.30000000000000000000   13
394.40000000000000000000   18
394.50000000000000000000   17
394.60000000000000000000   11
394.70000000000000000000   11
394.80000000000000000000   9
394.90000000000000000000   8
395.00000000000000000000   11
395.10000000000000000000   12
395.20000000000000000000   8
395.30000000000000000000   7
395.40000000000000000000   9
395.50000000000000000000   6
395.60000000000000000000   9
395.70000000000000000000   6
395.80000000000000000000   5
395.90000000000000000000   8
396.00000000000000000000   9
396.10000000000000000000   10
396.20000000000000000000   10
396.30000000000000000000   11
396.40000000000000000000   13
396.50000000000000000000   10
396.60000000000000000000   11
396.70000000000000000000   14
396.80000000000000000000   10
396.90000000000000000000   10
397.00000000000000000000   8
397.10000000000000000000   11
397.20000000000000000000   10
397.30000000000000000000   13
397.40000000000000000000   12
397.50000000000000000000   11
397.60000000000000000000   12
397.70000000000000000000   13
397.80000000000000000000   12
397.90000000000000000000   11
398.00000000000000000000   13
398.10000000000000000000   12
398.20000000000000000000   12
398.30000000000000000000   15
398.40000000000000000000   13
398.50000000000000000000   13
398.60000000000000000000   13
398.70000000000000000000   16
398.80000000000000000000   14
398.90000000000000000000   14
399.00000000000000000000   14
399.10000000000000000000   14
399.20000000000000000000   14
399.30000000000000000000   14
399.40000000000000000000   14
399.50000000000000000000   14
399.60000000000000000000   14
399.70000000000000000000   14
