200.00000000000000000000   4
200.10000000000000000000   6
200.20000000000000000000   3
200.30000000000000000000   7
200.40000000000000000000   15
200.50000000000000000000   8
200.60000000000000000000   9
200.70000000000000000000   12
200.80000000000000000000   14
200.90000000000000000000   13
201.00000000000000000000   14
201.10000000000000000000   14
201.20000000000000000000   13
201.30000000000000000000   10
201.40000000000000000000   13
201.50000000000000000000   12
201.60000000000000000000   12
201.70000000000000000000   13
201.80000000000000000000   13
201.90000000000000000000   16
202.00000000000000000000   12
202.10000000000000000000   11
202.20000000000000000000   13
202.30000000000000000000   12
202.40000000000000000000   11
202.50000000000000000000   12
202.60000000000000000000   12
202.70000000000000000000   11
202.80000000000000000000   9
202.90000000000000000000   10
203.00000000000000000000   11
203.10000000000000000000   11
203.20000000000000000000   12
203.30000000000000000000   11
203.40000000000000000000   11
203.50000000000000000000   8
203.60000000000000000000   11
203.70000000000000000000   13
203.80000000000000000000   11
203.90000000000000000000   13
204.00000000000000000000   13
204.10000000000000000000   11
204.20000000000000000000   15
204.30000000000000000000   13
204.40000000000000000000   11
204.50000000000000000000   11
204.60000000000000000000   12
204.70000000000000000000   15
204.80000000000000000000   16
204.90000000000000000000   9
205.00000000000000000000   11
205.10000000000000000000   10
205.20000000000000000000   15
205.30000000000000000000   16
205.40000000000000000000   14
205.50000000000000000000   14
205.60000000000000000000   12
205.70000000000000000000   13
205.80000000000000000000   15
205.90000000000000000000   19
206.00000000000000000000   18
206.10000000000000000000   21
206.20000000000000000000   17
206.30000000000000000000   16
206.40000000000000000000   15
206.50000000000000000000   13
206.60000000000000000000   13
206.70000000000000000000   16
206.80000000000000000000   14
206.90000000000000000000   14
207.00000000000000000000   14
207.10000000000000000000   17
207.20000000000000000000   11
207.30000000000000000000   7
207.40000000000000000000   14
207.50000000000000000000   13
207.60000000000000000000   11
207.70000000000000000000   15
207.80000000000000000000   15
207.90000000000000000000   15
208.00000000000000000000   16
208.10000000000000000000   17
208.20000000000000000000   18
208.30000000000000000000   16
208.40000000000000000000   18
208.50000000000000000000   15
208.60000000000000000000   20
208.70000000000000000000   16
208.80000000000000000000   16
208.90000000000000000000   14
209.00000000000000000000   11
209.10000000000000000000   11
209.20000000000000000000   15
209.30000000000000000000   12
209.40000000000000000000   15
209.50000000000000000000   16
209.60000000000000000000   18
209.70000000000000000000   18
209.80000000000000000000   20
209.90000000000000000000   16
210.00000000000000000000   19
210.10000000000000000000   16
210.20000000000000000000   18
210.30000000000000000000   16
210.40000000000000000000   16
210.50000000000000000000   18
210.60000000000000000000   18
210.70000000000000000000   13
210.80000000000000000000   17
210.90000000000000000000   17
211.00000000000000000000   13
211.10000000000000000000   11
211.20000000000000000000   10
211.30000000000000000000   10
211.40000000000000000000   8
211.50000000000000000000   12
211.60000000000000000000   14
211.70000000000000000000   6
211.80000000000000000000   9
211.90000000000000000000   8
212.00000000000000000000   8
212.10000000000000000000   11
212.20000000000000000000   16
212.30000000000000000000   16
212.40000000000000000000   5
212.50000000000000000000   8
212.60000000000000000000   8
212.70000000000000000000   6
212.80000000000000000000   8
212.90000000000000000000   9
213.00000000000000000000   13
213.10000000000000000000   7
213.20000000000000000000   6
213.30000000000000000000   3
213.40000000000000000000   5
213.50000000000000000000   3
213.60000000000000000000   7
213.70000000000000000000   11
213.80000000000000000000   8
213.90000000000000000000   8
214.00000000000000000000   2
214.10000000000000000000   4
214.20000000000000000000   4
214.30000000000000000000   7
214.40000000000000000000   6
214.50000000000000000000   4
214.60000000000000000000   6
214.70000000000000000000   5
214.80000000000000000000   12
214.90000000000000000000   13
215.00000000000000000000   9
215.10000000000000000000   11
215.20000000000000000000   10
215.30000000000000000000   9
215.40000000000000000000   9
215.50000000000000000000   9
215.60000000000000000000   11
215.70000000000000000000   10
215.80000000000000000000   5
215.90000000000000000000   4
216.00000000000000000000   8
216.10000000000000000000   11
216.20000000000000000000   13
216.30000000000000000000   14
216.40000000000000000000   9
216.50000000000000000000   10
216.60000000000000000000   10
216.70000000000000000000   9
216.80000000000000000000   9
216.90000000000000000000   11
217.00000000000000000000   11
217.10000000000000000000   6
217.20000000000000000000   9
217.30000000000000000000   9
217.40000000000000000000   7
217.50000000000000000000   9
217.60000000000000000000   11
217.70000000000000000000   13
217.80000000000000000000   16
217.90000000000000000000   17
218.00000000000000000000   14
218.10000000000000000000   13
218.20000000000000000000   8
218.30000000000000000000   14
218.40000000000000000000   16
218.50000000000000000000   12
218.60000000000000000000   14
218.70000000000000000000   14
218.80000000000000000000   17
218.90000000000000000000   16
219.00000000000000000000   18
219.10000000000000000000   20
219.20000000000000000000   14
219.30000000000000000000   17
219.40000000000000000000   19
219.50000000000000000000   19
219.60000000000000000000   19
219.70000000000000000000   15
219.80000000000000000000   18
219.90000000000000000000   14
220.00000000000000000000   18
220.10000000000000000000   12
220.20000000000000000000   14
220.30000000000000000000   14
220.40000000000000000000   11
220.50000000000000000000   10
220.60000000000000000000   9
220.70000000000000000000   9
220.80000000000000000000   6
220.90000000000000000000   5
221.00000000000000000000   6
221.10000000000000000000   9
221.20000000000000000000   10
221.30000000000000000000   10
221.40000000000000000000   11
221.50000000000000000000   11
221.60000000000000000000   14
221.70000000000000000000   15
221.80000000000000000000   12
221.90000000000000000000   12
222.00000000000000000000   16
222.10000000000000000000   17
222.20000000000000000000   15
222.30000000000000000000   15
222.40000000000000000000   13
222.50000000000000000000   17
222.60000000000000000000   14
222.70000000000000000000   13
222.80000000000000000000   14
222.90000000000000000000   12
223.00000000000000000000   15
223.10000000000000000000   16
223.20000000000000000000   17
223.30000000000000000000   11
223.40000000000000000000   12
223.50000000000000000000   8
223.60000000000000000000   14
223.70000000000000000000   12
223.80000000000000000000   13
223.90000000000000000000   16
224.00000000000000000000   20
224.10000000000000000000   18
224.20000000000000000000   19
224.30000000000000000000   14
224.40000000000000000000   11
224.50000000000000000000   16
224.60000000000000000000   14
224.70000000000000000000   20
224.80000000000000000000   16
224.90000000000000000000   14
225.00000000000000000000   18
225.10000000000000000000   16
225.20000000000000000000   16
225.30000000000000000000   16
225.40000000000000000000   17
225.50000000000000000000   18
225.60000000000000000000   14
225.70000000000000000000   16
225.80000000000000000000   18
225.90000000000000000000   15
226.00000000000000000000   16
226.10000000000000000000   14
226.20000000000000000000   12
226.30000000000000000000   14
226.40000000000000000000   11
226.50000000000000000000   14
226.60000000000000000000   13
226.70000000000000000000   13
226.80000000000000000000   16
226.90000000000000000000   14
227.00000000000000000000   14
227.10000000000000000000   13
227.20000000000000000000   12
227.30000000000000000000   16
227.40000000000000000000   20
227.50000000000000000000   16
227.60000000000000000000   15
227.70000000000000000000   18
227.80000000000000000000   16
227.90000000000000000000   11
228.00000000000000000000   12
228.10000000000000000000   13
228.20000000000000000000   13
228.30000000000000000000   12
228.40000000000000000000   12
228.50000000000000000000   13
228.60000000000000000000   11
228.70000000000000000000   13
228.80000000000000000000   13
228.90000000000000000000   14
229.00000000000000000000   14
229.10000000000000000000   15
229.20000000000000000000   14
229.30000000000000000000   14
229.40000000000000000000   16
229.50000000000000000000   13
229.60000000000000000000   14
229.70000000000000000000   14
229.80000000000000000000   16
229.90000000000000000000   21
230.00000000000000000000   19
230.10000000000000000000   19
230.20000000000000000000   14
230.30000000000000000000   17
230.40000000000000000000   15
230.50000000000000000000   13
230.60000000000000000000   15
230.70000000000000000000   13
230.80000000000000000000   13
230.90000000000000000000   15
231.00000000000000000000   19
231.10000000000000000000   15
231.20000000000000000000   15
231.30000000000000000000   16
231.40000000000000000000   17
231.50000000000000000000   14
231.60000000000000000000   15
231.70000000000000000000   13
231.80000000000000000000   13
231.90000000000000000000   15
232.00000000000000000000   15
232.10000000000000000000   15
232.20000000000000000000   16
232.30000000000000000000   20
232.40000000000000000000   14
232.50000000000000000000   16
232.60000000000000000000   14
232.70000000000000000000   11
232.80000000000000000000   14
232.90000000000000000000   13
233.00000000000000000000   11
233.10000000000000000000   10
233.20000000000000000000   12
233.30000000000000000000   13
233.40000000000000000000   12
233.50000000000000000000   14
233.60000000000000000000   13
233.70000000000000000000   13
233.80000000000000000000   13
233.90000000000000000000   12
234.00000000000000000000   14
234.10000000000000000000   13
234.20000000000000000000   13
234.30000000000000000000   16
234.40000000000000000000   12
234.50000000000000000000   9
234.60000000000000000000   4
234.70000000000000000000   4
234.80000000000000000000   5
234.90000000000000000000   3
235.00000000000000000000   2
235.10000000000000000000   6
235.20000000000000000000   3
235.30000000000000000000   5
235.40000000000000000000   5
235.50000000000000000000   4
235.60000000000000000000   4
235.70000000000000000000   5
235.80000000000000000000   4
235.90000000000000000000   5
236.00000000000000000000   2
236.10000000000000000000   5
236.20000000000000000000   2
236.30000000000000000000   4
236.40000000000000000000   3
236.50000000000000000000   3
236.60000000000000000000   4
236.70000000000000000000   2
236.80000000000000000000   2
236.90000000000000000000   6
237.00000000000000000000   4
237.10000000000000000000   5
237.20000000000000000000   7
237.30000000000000000000   8
237.40000000000000000000   10
237.50000000000000000000   9
237.60000000000000000000   9
237.70000000000000000000   10
237.80000000000000000000   11
237.90000000000000000000   10
238.00000000000000000000   11
238.10000000000000000000   8
238.20000000000000000000   9
238.30000000000000000000   10
238.40000000000000000000   7
238.50000000000000000000   9
238.60000000000000000000   7
238.70000000000000000000   7
238.80000000000000000000   10
238.90000000000000000000   8
239.00000000000000000000   8
239.10000000000000000000   13
239.20000000000000000000   9
239.30000000000000000000   10
239.40000000000000000000   12
239.50000000000000000000   13
239.60000000000000000000   14
239.70000000000000000000   15
239.80000000000000000000   12
239.90000000000000000000   12
240.00000000000000000000   8
240.10000000000000000000   11
240.20000000000000000000   6
240.30000000000000000000   7
240.40000000000000000000   7
240.50000000000000000000   7
240.60000000000000000000   8
240.70000000000000000000   10
240.80000000000000000000   12
240.90000000000000000000   14
241.00000000000000000000   11
241.10000000000000000000   12
241.20000000000000000000   13
241.30000000000000000000   9
241.40000000000000000000   9
241.50000000000000000000   9
241.60000000000000000000   8
241.70000000000000000000   9
241.80000000000000000000   8
241.90000000000000000000   8
242.00000000000000000000   10
242.10000000000000000000   7
242.20000000000000000000   8
242.30000000000000000000   10
242.40000000000000000000   11
242.50000000000000000000   14
242.60000000000000000000   9
242.70000000000000000000   7
242.80000000000000000000   7
242.90000000000000000000   10
243.00000000000000000000   10
243.10000000000000000000   7
243.20000000000000000000   9
243.30000000000000000000   10
243.40000000000000000000   14
243.50000000000000000000   13
243.60000000000000000000   11
243.70000000000000000000   12
243.80000000000000000000   14
243.90000000000000000000   13
244.00000000000000000000   7
244.10000000000000000000   9
244.20000000000000000000   4
244.30000000000000000000   9
244.40000000000000000000   12
244.50000000000000000000   16
244.60000000000000000000   13
244.70000000000000000000   12
244.80000000000000000000   15
244.90000000000000000000   15
245.00000000000000000000   17
245.10000000000000000000   14
245.20000000000000000000   15
245.30000000000000000000   13
245.40000000000000000000   15
245.50000000000000000000   13
245.60000000000000000000   11
245.70000000000000000000   12
245.80000000000000000000   14
245.90000000000000000000   17
246.00000000000000000000   16
246.10000000000000000000   15
246.20000000000000000000   16
246.30000000000000000000   16
246.40000000000000000000   17
246.50000000000000000000   19
246.60000000000000000000   12
246.70000000000000000000   13
246.80000000000000000000   13
246.90000000000000000000   15
247.00000000000000000000   19
247.10000000000000000000   19
247.20000000000000000000   19
247.30000000000000000000   15
247.40000000000000000000   16
247.50000000000000000000   17
247.60000000000000000000   16
247.70000000000000000000   11
247.80000000000000000000   9
247.90000000000000000000   11
248.00000000000000000000   4
248.10000000000000000000   2
248.20000000000000000000   3
248.30000000000000000000   6
248.40000000000000000000   8
248.50000000000000000000   7
248.60000000000000000000   9
248.70000000000000000000   6
248.80000000000000000000   7
248.90000000000000000000   4
249.00000000000000000000   7
249.10000000000000000000   7
249.20000000000000000000   7
249.30000000000000000000   5
249.40000000000000000000   4
249.50000000000000000000   9
249.60000000000000000000   9
249.70000000000000000000   6
249.80000000000000000000   3
249.90000000000000000000   7
250.00000000000000000000   7
250.10000000000000000000   3
250.20000000000000000000   3
250.30000000000000000000   10
250.40000000000000000000   7
250.50000000000000000000   8
250.60000000000000000000   6
250.70000000000000000000   5
250.80000000000000000000   10
250.90000000000000000000   5
251.00000000000000000000   1
251.10000000000000000000   3
251.20000000000000000000   3
251.30000000000000000000   4
251.40000000000000000000   9
251.50000000000000000000   4
251.60000000000000000000   3
251.70000000000000000000   5
251.80000000000000000000   4
251.90000000000000000000   4
252.00000000000000000000   1
252.10000000000000000000   6
252.20000000000000000000   7
252.30000000000000000000   7
252.40000000000000000000   4
252.50000000000000000000   5
252.60000000000000000000   7
252.70000000000000000000   9
252.80000000000000000000   8
252.90000000000000000000   11
253.00000000000000000000   17
253.10000000000000000000   16
253.20000000000000000000   12
253.30000000000000000000   13
253.40000000000000000000   8
253.50000000000000000000   10
253.60000000000000000000   8
253.70000000000000000000   7
253.80000000000000000000   5
253.90000000000000000000   5
254.00000000000000000000   8
254.10000000000000000000   10
254.20000000000000000000   10
254.30000000000000000000   8
254.40000000000000000000   2
254.50000000000000000000   4
254.60000000000000000000   4
254.70000000000000000000   8
254.80000000000000000000   6
254.90000000000000000000   5
255.00000000000000000000   2
255.10000000000000000000   3
255.20000000000000000000   5
255.30000000000000000000   4
255.40000000000000000000   2
255.50000000000000000000   4
255.60000000000000000000   4
255.70000000000000000000   4
255.80000000000000000000   4
255.90000000000000000000   6
256.00000000000000000000   11
256.10000000000000000000   8
256.20000000000000000000   4
256.30000000000000000000   6
256.40000000000000000000   11
256.50000000000000000000   4
256.60000000000000000000   6
256.70000000000000000000   8
256.80000000000000000000   6
256.90000000000000000000   7
257.00000000000000000000   4
257.10000000000000000000   4
257.20000000000000000000   4
257.30000000000000000000   7
257.40000000000000000000   7
257.50000000000000000000   6
257.60000000000000000000   2
257.70000000000000000000   2
257.80000000000000000000   2
257.90000000000000000000   3
258.00000000000000000000   3
258.10000000000000000000   3
258.20000000000000000000   3
258.30000000000000000000   4
258.40000000000000000000   4
258.50000000000000000000   4
258.60000000000000000000   4
258.70000000000000000000   1
258.80000000000000000000   2
258.90000000000000000000   1
259.00000000000000000000   2
259.10000000000000000000   4
259.20000000000000000000   4
259.30000000000000000000   4
259.40000000000000000000   3
259.50000000000000000000   4
259.60000000000000000000   3
259.70000000000000000000   1
259.80000000000000000000   2
259.90000000000000000000   2
260.00000000000000000000   2
260.10000000000000000000   3
260.20000000000000000000   4
260.30000000000000000000   2
260.40000000000000000000   8
260.50000000000000000000   9
260.60000000000000000000   11
260.70000000000000000000   3
260.80000000000000000000   4
260.90000000000000000000   1
261.00000000000000000000   6
261.10000000000000000000   8
261.20000000000000000000   3
261.30000000000000000000   5
261.40000000000000000000   5
261.50000000000000000000   13
261.60000000000000000000   14
261.70000000000000000000   12
261.80000000000000000000   15
261.90000000000000000000   14
262.00000000000000000000   15
262.10000000000000000000   13
262.20000000000000000000   12
262.30000000000000000000   13
262.40000000000000000000   11
262.50000000000000000000   13
262.60000000000000000000   13
262.70000000000000000000   12
262.80000000000000000000   12
262.90000000000000000000   12
263.00000000000000000000   13
263.10000000000000000000   15
263.20000000000000000000   12
263.30000000000000000000   15
263.40000000000000000000   17
263.50000000000000000000   10
263.60000000000000000000   11
263.70000000000000000000   10
263.80000000000000000000   10
263.90000000000000000000   9
264.00000000000000000000   10
264.10000000000000000000   12
264.20000000000000000000   11
264.30000000000000000000   11
264.40000000000000000000   11
264.50000000000000000000   13
264.60000000000000000000   9
264.70000000000000000000   9
264.80000000000000000000   10
264.90000000000000000000   10
265.00000000000000000000   12
265.10000000000000000000   12
265.20000000000000000000   12
265.30000000000000000000   10
265.40000000000000000000   9
265.50000000000000000000   5
265.60000000000000000000   8
265.70000000000000000000   6
265.80000000000000000000   7
265.90000000000000000000   4
266.00000000000000000000   3
266.10000000000000000000   5
266.20000000000000000000   6
266.30000000000000000000   5
266.40000000000000000000   9
266.50000000000000000000   5
266.60000000000000000000   4
266.70000000000000000000   2
266.80000000000000000000   6
266.90000000000000000000   7
267.00000000000000000000   9
267.10000000000000000000   8
267.20000000000000000000   8
267.30000000000000000000   6
267.40000000000000000000   5
267.50000000000000000000   6
267.60000000000000000000   7
267.70000000000000000000   7
267.80000000000000000000   7
267.90000000000000000000   7
268.00000000000000000000   5
268.10000000000000000000   4
268.20000000000000000000   6
268.30000000000000000000   9
268.40000000000000000000   7
268.50000000000000000000   9
268.60000000000000000000   9
268.70000000000000000000   10
268.80000000000000000000   11
268.90000000000000000000   9
269.00000000000000000000   8
269.10000000000000000000   10
269.20000000000000000000   7
269.30000000000000000000   5
269.40000000000000000000   8
269.50000000000000000000   8
269.60000000000000000000   11
269.70000000000000000000   6
269.80000000000000000000   6
269.90000000000000000000   6
270.00000000000000000000   5
270.10000000000000000000   1
270.20000000000000000000   5
270.30000000000000000000   7
270.40000000000000000000   10
270.50000000000000000000   10
270.60000000000000000000   4
270.70000000000000000000   8
270.80000000000000000000   6
270.90000000000000000000   6
271.00000000000000000000   8
271.10000000000000000000   1
271.20000000000000000000   6
271.30000000000000000000   8
271.40000000000000000000   8
271.50000000000000000000   8
271.60000000000000000000   6
271.70000000000000000000   5
271.80000000000000000000   8
271.90000000000000000000   7
272.00000000000000000000   8
272.10000000000000000000   3
272.20000000000000000000   7
272.30000000000000000000   14
272.40000000000000000000   12
272.50000000000000000000   12
272.60000000000000000000   12
272.70000000000000000000   12
272.80000000000000000000   11
272.90000000000000000000   10
273.00000000000000000000   12
273.10000000000000000000   12
273.20000000000000000000   8
273.30000000000000000000   12
273.40000000000000000000   5
273.50000000000000000000   11
273.60000000000000000000   9
273.70000000000000000000   10
273.80000000000000000000   6
273.90000000000000000000   6
274.00000000000000000000   11
274.10000000000000000000   8
274.20000000000000000000   11
274.30000000000000000000   17
274.40000000000000000000   12
274.50000000000000000000   17
274.60000000000000000000   17
274.70000000000000000000   14
274.80000000000000000000   12
274.90000000000000000000   10
275.00000000000000000000   12
275.10000000000000000000   13
275.20000000000000000000   11
275.30000000000000000000   10
275.40000000000000000000   11
275.50000000000000000000   11
275.60000000000000000000   7
275.70000000000000000000   7
275.80000000000000000000   4
275.90000000000000000000   8
276.00000000000000000000   10
276.10000000000000000000   7
276.20000000000000000000   8
276.30000000000000000000   7
276.40000000000000000000   7
276.50000000000000000000   14
276.60000000000000000000   7
276.70000000000000000000   13
276.80000000000000000000   13
276.90000000000000000000   8
277.00000000000000000000   14
277.10000000000000000000   14
277.20000000000000000000   12
277.30000000000000000000   9
277.40000000000000000000   8
277.50000000000000000000   11
277.60000000000000000000   14
277.70000000000000000000   13
277.80000000000000000000   8
277.90000000000000000000   7
278.00000000000000000000   4
278.10000000000000000000   9
278.20000000000000000000   9
278.30000000000000000000   8
278.40000000000000000000   11
278.50000000000000000000   11
278.60000000000000000000   11
278.70000000000000000000   12
278.80000000000000000000   13
278.90000000000000000000   13
279.00000000000000000000   14
279.10000000000000000000   13
279.20000000000000000000   13
279.30000000000000000000   14
279.40000000000000000000   13
279.50000000000000000000   13
279.60000000000000000000   16
279.70000000000000000000   16
279.80000000000000000000   14
279.90000000000000000000   15
280.00000000000000000000   14
280.10000000000000000000   11
280.20000000000000000000   17
280.30000000000000000000   14
280.40000000000000000000   16
280.50000000000000000000   20
280.60000000000000000000   20
280.70000000000000000000   21
280.80000000000000000000   21
280.90000000000000000000   21
281.00000000000000000000   21
281.10000000000000000000   16
281.20000000000000000000   19
281.30000000000000000000   17
281.40000000000000000000   16
281.50000000000000000000   19
281.60000000000000000000   19
281.70000000000000000000   16
281.80000000000000000000   18
281.90000000000000000000   16
282.00000000000000000000   17
282.10000000000000000000   17
282.20000000000000000000   18
282.30000000000000000000   16
282.40000000000000000000   18
282.50000000000000000000   16
282.60000000000000000000   13
282.70000000000000000000   17
282.80000000000000000000   16
282.90000000000000000000   19
283.00000000000000000000   19
283.10000000000000000000   19
283.20000000000000000000   18
283.30000000000000000000   17
283.40000000000000000000   17
283.50000000000000000000   19
283.60000000000000000000   17
283.70000000000000000000   19
283.80000000000000000000   16
283.90000000000000000000   15
284.00000000000000000000   16
284.10000000000000000000   15
284.20000000000000000000   17
284.30000000000000000000   16
284.40000000000000000000   18
284.50000000000000000000   18
284.60000000000000000000   17
284.70000000000000000000   17
284.80000000000000000000   16
284.90000000000000000000   19
285.00000000000000000000   20
285.10000000000000000000   16
285.20000000000000000000   17
285.30000000000000000000   18
285.40000000000000000000   13
285.50000000000000000000   15
285.60000000000000000000   17
285.70000000000000000000   18
285.80000000000000000000   20
285.90000000000000000000   17
286.00000000000000000000   18
286.10000000000000000000   16
286.20000000000000000000   15
286.30000000000000000000   15
286.40000000000000000000   18
286.50000000000000000000   19
286.60000000000000000000   20
286.70000000000000000000   21
286.80000000000000000000   18
286.90000000000000000000   18
287.00000000000000000000   19
287.10000000000000000000   20
287.20000000000000000000   22
287.30000000000000000000   19
287.40000000000000000000   20
287.50000000000000000000   19
287.60000000000000000000   18
287.70000000000000000000   18
287.80000000000000000000   19
287.90000000000000000000   17
288.00000000000000000000   19
288.10000000000000000000   22
288.20000000000000000000   19
288.30000000000000000000   16
288.40000000000000000000   20
288.50000000000000000000   16
288.60000000000000000000   16
288.70000000000000000000   17
288.80000000000000000000   15
288.90000000000000000000   17
289.00000000000000000000   18
289.10000000000000000000   18
289.20000000000000000000   17
289.30000000000000000000   13
289.40000000000000000000   12
289.50000000000000000000   13
289.60000000000000000000   14
289.70000000000000000000   14
289.80000000000000000000   14
289.90000000000000000000   15
290.00000000000000000000   14
290.10000000000000000000   15
290.20000000000000000000   18
290.30000000000000000000   15
290.40000000000000000000   13
290.50000000000000000000   16
290.60000000000000000000   14
290.70000000000000000000   13
290.80000000000000000000   14
290.90000000000000000000   15
291.00000000000000000000   15
291.10000000000000000000   15
291.20000000000000000000   19
291.30000000000000000000   14
291.40000000000000000000   9
291.50000000000000000000   7
291.60000000000000000000   7
291.70000000000000000000   7
291.80000000000000000000   7
291.90000000000000000000   8
292.00000000000000000000   9
292.10000000000000000000   6
292.20000000000000000000   3
292.30000000000000000000   5
292.40000000000000000000   7
292.50000000000000000000   11
292.60000000000000000000   6
292.70000000000000000000   1
292.80000000000000000000   1
292.90000000000000000000   0
293.00000000000000000000   2
293.10000000000000000000   5
293.20000000000000000000   7
293.30000000000000000000   6
293.40000000000000000000   6
293.50000000000000000000   6
293.60000000000000000000   6
293.70000000000000000000   10
293.80000000000000000000   6
293.90000000000000000000   10
294.00000000000000000000   8
294.10000000000000000000   10
294.20000000000000000000   8
294.30000000000000000000   9
294.40000000000000000000   12
294.50000000000000000000   10
294.60000000000000000000   12
294.70000000000000000000   11
294.80000000000000000000   8
294.90000000000000000000   3
295.00000000000000000000   5
295.10000000000000000000   3
295.20000000000000000000   4
295.30000000000000000000   7
295.40000000000000000000   9
295.50000000000000000000   10
295.60000000000000000000   13
295.70000000000000000000   13
295.80000000000000000000   6
295.90000000000000000000   8
296.00000000000000000000   9
296.10000000000000000000   9
296.20000000000000000000   3
296.30000000000000000000   5
296.40000000000000000000   8
296.50000000000000000000   8
296.60000000000000000000   18
296.70000000000000000000   12
296.80000000000000000000   12
296.90000000000000000000   16
297.00000000000000000000   12
297.10000000000000000000   14
297.20000000000000000000   11
297.30000000000000000000   11
297.40000000000000000000   10
297.50000000000000000000   5
297.60000000000000000000   5
297.70000000000000000000   7
297.80000000000000000000   10
297.90000000000000000000   10
298.00000000000000000000   8
298.10000000000000000000   6
298.20000000000000000000   6
298.30000000000000000000   9
298.40000000000000000000   6
298.50000000000000000000   5
298.60000000000000000000   7
298.70000000000000000000   10
298.80000000000000000000   9
298.90000000000000000000   12
299.00000000000000000000   8
299.10000000000000000000   14
299.20000000000000000000   8
299.30000000000000000000   11
299.40000000000000000000   10
299.50000000000000000000   3
299.60000000000000000000   4
299.70000000000000000000   2
299.80000000000000000000   10
299.90000000000000000000   10
300.00000000000000000000   10
300.10000000000000000000   10
300.20000000000000000000   13
300.30000000000000000000   11
300.40000000000000000000   8
300.50000000000000000000   4
300.60000000000000000000   7
300.70000000000000000000   10
300.80000000000000000000   8
300.90000000000000000000   8
301.00000000000000000000   12
301.10000000000000000000   9
301.20000000000000000000   10
301.30000000000000000000   10
301.40000000000000000000   13
301.50000000000000000000   7
301.60000000000000000000   11
301.70000000000000000000   13
301.80000000000000000000   12
301.90000000000000000000   12
302.00000000000000000000   13
302.10000000000000000000   13
302.20000000000000000000   11
302.30000000000000000000   13
302.40000000000000000000   11
302.50000000000000000000   12
302.60000000000000000000   11
302.70000000000000000000   15
302.80000000000000000000   14
302.90000000000000000000   10
303.00000000000000000000   11
303.10000000000000000000   10
303.20000000000000000000   11
303.30000000000000000000   13
303.40000000000000000000   17
303.50000000000000000000   15
303.60000000000000000000   12
303.70000000000000000000   16
303.80000000000000000000   14
303.90000000000000000000   15
304.00000000000000000000   15
304.10000000000000000000   16
304.20000000000000000000   15
304.30000000000000000000   13
304.40000000000000000000   21
304.50000000000000000000   17
304.60000000000000000000   18
304.70000000000000000000   16
304.80000000000000000000   12
304.90000000000000000000   16
305.00000000000000000000   14
305.10000000000000000000   11
305.20000000000000000000   14
305.30000000000000000000   14
305.40000000000000000000   14
305.50000000000000000000   17
305.60000000000000000000   17
305.70000000000000000000   14
305.80000000000000000000   13
305.90000000000000000000   16
306.00000000000000000000   12
306.10000000000000000000   15
306.20000000000000000000   11
306.30000000000000000000   12
306.40000000000000000000   13
306.50000000000000000000   13
306.60000000000000000000   14
306.70000000000000000000   17
306.80000000000000000000   17
306.90000000000000000000   15
307.00000000000000000000   16
307.10000000000000000000   13
307.20000000000000000000   13
307.30000000000000000000   13
307.40000000000000000000   16
307.50000000000000000000   21
307.60000000000000000000   18
307.70000000000000000000   20
307.80000000000000000000   16
307.90000000000000000000   20
308.00000000000000000000   18
308.10000000000000000000   13
308.20000000000000000000   13
308.30000000000000000000   13
308.40000000000000000000   18
308.50000000000000000000   15
308.60000000000000000000   15
308.70000000000000000000   16
308.80000000000000000000   17
308.90000000000000000000   13
309.00000000000000000000   11
309.10000000000000000000   13
309.20000000000000000000   11
309.30000000000000000000   13
309.40000000000000000000   11
309.50000000000000000000   13
309.60000000000000000000   8
309.70000000000000000000   11
309.80000000000000000000   10
309.90000000000000000000   10
310.00000000000000000000   10
310.10000000000000000000   8
310.20000000000000000000   10
310.30000000000000000000   6
310.40000000000000000000   9
310.50000000000000000000   8
310.60000000000000000000   6
310.70000000000000000000   6
310.80000000000000000000   10
310.90000000000000000000   10
311.00000000000000000000   9
311.10000000000000000000   9
311.20000000000000000000   9
311.30000000000000000000   9
311.40000000000000000000   9
311.50000000000000000000   7
311.60000000000000000000   8
311.70000000000000000000   11
311.80000000000000000000   12
311.90000000000000000000   8
312.00000000000000000000   6
312.10000000000000000000   8
312.20000000000000000000   9
312.30000000000000000000   7
312.40000000000000000000   6
312.50000000000000000000   10
312.60000000000000000000   4
312.70000000000000000000   9
312.80000000000000000000   9
312.90000000000000000000   11
313.00000000000000000000   9
313.10000000000000000000   9
313.20000000000000000000   8
313.30000000000000000000   9
313.40000000000000000000   12
313.50000000000000000000   14
313.60000000000000000000   14
313.70000000000000000000   17
313.80000000000000000000   15
313.90000000000000000000   15
314.00000000000000000000   20
314.10000000000000000000   16
314.20000000000000000000   12
314.30000000000000000000   12
314.40000000000000000000   16
314.50000000000000000000   14
314.60000000000000000000   15
314.70000000000000000000   14
314.80000000000000000000   12
314.90000000000000000000   12
315.00000000000000000000   16
315.10000000000000000000   15
315.20000000000000000000   17
315.30000000000000000000   18
315.40000000000000000000   16
315.50000000000000000000   14
315.60000000000000000000   16
315.70000000000000000000   15
315.80000000000000000000   13
315.90000000000000000000   10
316.00000000000000000000   11
316.10000000000000000000   12
316.20000000000000000000   10
316.30000000000000000000   8
316.40000000000000000000   10
316.50000000000000000000   10
316.60000000000000000000   11
316.70000000000000000000   15
316.80000000000000000000   15
316.90000000000000000000   16
317.00000000000000000000   14
317.10000000000000000000   19
317.20000000000000000000   18
317.30000000000000000000   15
317.40000000000000000000   14
317.50000000000000000000   16
317.60000000000000000000   14
317.70000000000000000000   12
317.80000000000000000000   12
317.90000000000000000000   13
318.00000000000000000000   12
318.10000000000000000000   11
318.20000000000000000000   13
318.30000000000000000000   14
318.40000000000000000000   12
318.50000000000000000000   12
318.60000000000000000000   12
318.70000000000000000000   10
318.80000000000000000000   12
318.90000000000000000000   9
319.00000000000000000000   2
319.10000000000000000000   2
319.20000000000000000000   1
319.30000000000000000000   2
319.40000000000000000000   3
319.50000000000000000000   6
319.60000000000000000000   5
319.70000000000000000000   5
319.80000000000000000000   8
319.90000000000000000000   6
320.00000000000000000000   4
320.10000000000000000000   2
320.20000000000000000000   1
320.30000000000000000000   6
320.40000000000000000000   10
320.50000000000000000000   10
320.60000000000000000000   7
320.70000000000000000000   5
320.80000000000000000000   4
320.90000000000000000000   4
321.00000000000000000000   4
321.10000000000000000000   6
321.20000000000000000000   5
321.30000000000000000000   5
321.40000000000000000000   6
321.50000000000000000000   1
321.60000000000000000000   2
321.70000000000000000000   6
321.80000000000000000000   2
321.90000000000000000000   6
322.00000000000000000000   7
322.10000000000000000000   1
322.20000000000000000000   3
322.30000000000000000000   4
322.40000000000000000000   5
322.50000000000000000000   6
322.60000000000000000000   10
322.70000000000000000000   13
322.80000000000000000000   14
322.90000000000000000000   11
323.00000000000000000000   10
323.10000000000000000000   11
323.20000000000000000000   11
323.30000000000000000000   11
323.40000000000000000000   10
323.50000000000000000000   11
323.60000000000000000000   10
323.70000000000000000000   9
323.80000000000000000000   7
323.90000000000000000000   10
324.00000000000000000000   9
324.10000000000000000000   10
324.20000000000000000000   10
324.30000000000000000000   8
324.40000000000000000000   9
324.50000000000000000000   10
324.60000000000000000000   8
324.70000000000000000000   11
324.80000000000000000000   9
324.90000000000000000000   10
325.00000000000000000000   11
325.10000000000000000000   10
325.20000000000000000000   7
325.30000000000000000000   7
325.40000000000000000000   10
325.50000000000000000000   10
325.60000000000000000000   8
325.70000000000000000000   7
325.80000000000000000000   8
325.90000000000000000000   8
326.00000000000000000000   7
326.10000000000000000000   8
326.20000000000000000000   9
326.30000000000000000000   12
326.40000000000000000000   12
326.50000000000000000000   10
326.60000000000000000000   10
326.70000000000000000000   8
326.80000000000000000000   8
326.90000000000000000000   8
327.00000000000000000000   8
327.10000000000000000000   7
327.20000000000000000000   6
327.30000000000000000000   8
327.40000000000000000000   8
327.50000000000000000000   8
327.60000000000000000000   8
327.70000000000000000000   9
327.80000000000000000000   7
327.90000000000000000000   9
328.00000000000000000000   10
328.10000000000000000000   10
328.20000000000000000000   10
328.30000000000000000000   9
328.40000000000000000000   10
328.50000000000000000000   11
328.60000000000000000000   10
328.70000000000000000000   10
328.80000000000000000000   9
328.90000000000000000000   8
329.00000000000000000000   9
329.10000000000000000000   10
329.20000000000000000000   11
329.30000000000000000000   12
329.40000000000000000000   11
329.50000000000000000000   8
329.60000000000000000000   10
329.70000000000000000000   10
329.80000000000000000000   11
329.90000000000000000000   11
330.00000000000000000000   12
330.10000000000000000000   8
330.20000000000000000000   8
330.30000000000000000000   7
330.40000000000000000000   11
330.50000000000000000000   11
330.60000000000000000000   11
330.70000000000000000000   9
330.80000000000000000000   10
330.90000000000000000000   12
331.00000000000000000000   5
331.10000000000000000000   5
331.20000000000000000000   3
331.30000000000000000000   4
331.40000000000000000000   5
331.50000000000000000000   8
331.60000000000000000000   5
331.70000000000000000000   9
331.80000000000000000000   7
331.90000000000000000000   7
332.00000000000000000000   5
332.10000000000000000000   8
332.20000000000000000000   6
332.30000000000000000000   5
332.40000000000000000000   4
332.50000000000000000000   2
332.60000000000000000000   10
332.70000000000000000000   9
332.80000000000000000000   12
332.90000000000000000000   11
333.00000000000000000000   9
333.10000000000000000000   10
333.20000000000000000000   13
333.30000000000000000000   10
333.40000000000000000000   13
333.50000000000000000000   12
333.60000000000000000000   9
333.70000000000000000000   11
333.80000000000000000000   10
333.90000000000000000000   9
334.00000000000000000000   11
334.10000000000000000000   10
334.20000000000000000000   10
334.30000000000000000000   9
334.40000000000000000000   11
334.50000000000000000000   11
334.60000000000000000000   9
334.70000000000000000000   12
334.80000000000000000000   15
334.90000000000000000000   13
335.00000000000000000000   9
335.10000000000000000000   9
335.20000000000000000000   9
335.30000000000000000000   10
335.40000000000000000000   10
335.50000000000000000000   10
335.60000000000000000000   10
335.70000000000000000000   9
335.80000000000000000000   12
335.90000000000000000000   13
336.00000000000000000000   11
336.10000000000000000000   11
336.20000000000000000000   9
336.30000000000000000000   11
336.40000000000000000000   11
336.50000000000000000000   11
336.60000000000000000000   11
336.70000000000000000000   17
336.80000000000000000000   12
336.90000000000000000000   13
337.00000000000000000000   6
337.10000000000000000000   9
337.20000000000000000000   9
337.30000000000000000000   9
337.40000000000000000000   9
337.50000000000000000000   10
337.60000000000000000000   10
337.70000000000000000000   10
337.80000000000000000000   10
337.90000000000000000000   11
338.00000000000000000000   10
338.10000000000000000000   12
338.20000000000000000000   11
338.30000000000000000000   11
338.40000000000000000000   12
338.50000000000000000000   13
338.60000000000000000000   13
338.70000000000000000000   11
338.80000000000000000000   13
338.90000000000000000000   13
339.00000000000000000000   12
339.10000000000000000000   12
339.20000000000000000000   8
339.30000000000000000000   7
339.40000000000000000000   11
339.50000000000000000000   6
339.60000000000000000000   9
339.70000000000000000000   9
339.80000000000000000000   10
339.90000000000000000000   10
340.00000000000000000000   13
340.10000000000000000000   9
340.20000000000000000000   7
340.30000000000000000000   5
340.40000000000000000000   6
340.50000000000000000000   8
340.60000000000000000000   8
340.70000000000000000000   8
340.80000000000000000000   3
340.90000000000000000000   5
341.00000000000000000000   4
341.10000000000000000000   5
341.20000000000000000000   5
341.30000000000000000000   6
341.40000000000000000000   3
341.50000000000000000000   4
341.60000000000000000000   3
341.70000000000000000000   5
341.80000000000000000000   7
341.90000000000000000000   7
342.00000000000000000000   8
342.10000000000000000000   6
342.20000000000000000000   6
342.30000000000000000000   7
342.40000000000000000000   6
342.50000000000000000000   7
342.60000000000000000000   4
342.70000000000000000000   5
342.80000000000000000000   5
342.90000000000000000000   6
343.00000000000000000000   4
343.10000000000000000000   5
343.20000000000000000000   3
343.30000000000000000000   5
343.40000000000000000000   5
343.50000000000000000000   6
343.60000000000000000000   7
343.70000000000000000000   5
343.80000000000000000000   6
343.90000000000000000000   9
344.00000000000000000000   8
344.10000000000000000000   5
344.20000000000000000000   8
344.30000000000000000000   6
344.40000000000000000000   7
344.50000000000000000000   7
344.60000000000000000000   13
344.70000000000000000000   9
344.80000000000000000000   10
344.90000000000000000000   10
345.00000000000000000000   11
345.10000000000000000000   7
345.20000000000000000000   14
345.30000000000000000000   13
345.40000000000000000000   12
345.50000000000000000000   12
345.60000000000000000000   13
345.70000000000000000000   13
345.80000000000000000000   12
345.90000000000000000000   10
346.00000000000000000000   14
346.10000000000000000000   14
346.20000000000000000000   12
346.30000000000000000000   12
346.40000000000000000000   12
346.50000000000000000000   13
346.60000000000000000000   12
346.70000000000000000000   11
346.80000000000000000000   13
346.90000000000000000000   13
347.00000000000000000000   13
347.10000000000000000000   13
347.20000000000000000000   13
347.30000000000000000000   13
347.40000000000000000000   12
347.50000000000000000000   12
347.60000000000000000000   13
347.70000000000000000000   13
347.80000000000000000000   14
347.90000000000000000000   11
348.00000000000000000000   12
348.10000000000000000000   8
348.20000000000000000000   8
348.30000000000000000000   13
348.40000000000000000000   12
348.50000000000000000000   13
348.60000000000000000000   12
348.70000000000000000000   7
348.80000000000000000000   8
348.90000000000000000000   11
349.00000000000000000000   14
349.10000000000000000000   13
349.20000000000000000000   9
349.30000000000000000000   12
349.40000000000000000000   9
349.50000000000000000000   4
349.60000000000000000000   6
349.70000000000000000000   11
349.80000000000000000000   10
349.90000000000000000000   11
350.00000000000000000000   12
350.10000000000000000000   12
350.20000000000000000000   10
350.30000000000000000000   4
350.40000000000000000000   8
350.50000000000000000000   7
350.60000000000000000000   6
350.70000000000000000000   8
350.80000000000000000000   8
350.90000000000000000000   5
351.00000000000000000000   8
351.10000000000000000000   9
351.20000000000000000000   8
351.30000000000000000000   6
351.40000000000000000000   7
351.50000000000000000000   9
351.60000000000000000000   11
351.70000000000000000000   7
351.80000000000000000000   8
351.90000000000000000000   10
352.00000000000000000000   11
352.10000000000000000000   10
352.20000000000000000000   11
352.30000000000000000000   10
352.40000000000000000000   10
352.50000000000000000000   9
352.60000000000000000000   8
352.70000000000000000000   9
352.80000000000000000000   9
352.90000000000000000000   9
353.00000000000000000000   9
353.10000000000000000000   9
353.20000000000000000000   10
353.30000000000000000000   11
353.40000000000000000000   12
353.50000000000000000000   12
353.60000000000000000000   13
353.70000000000000000000   9
353.80000000000000000000   12
353.90000000000000000000   12
354.00000000000000000000   13
354.10000000000000000000   14
354.20000000000000000000   13
354.30000000000000000000   13
354.40000000000000000000   13
354.50000000000000000000   13
354.60000000000000000000   11
354.70000000000000000000   11
354.80000000000000000000   3
354.90000000000000000000   10
355.00000000000000000000   10
355.10000000000000000000   9
355.20000000000000000000   9
355.30000000000000000000   9
355.40000000000000000000   11
355.50000000000000000000   11
355.60000000000000000000   10
355.70000000000000000000   12
355.80000000000000000000   15
355.90000000000000000000   9
356.00000000000000000000   11
356.10000000000000000000   12
356.20000000000000000000   10
356.30000000000000000000   10
356.40000000000000000000   10
356.50000000000000000000   10
356.60000000000000000000   10
356.70000000000000000000   13
356.80000000000000000000   8
356.90000000000000000000   10
357.00000000000000000000   9
357.10000000000000000000   11
357.20000000000000000000   5
357.30000000000000000000   4
357.40000000000000000000   4
357.50000000000000000000   4
357.60000000000000000000   4
357.70000000000000000000   6
357.80000000000000000000   7
357.90000000000000000000   8
358.00000000000000000000   4
358.10000000000000000000   4
358.20000000000000000000   5
358.30000000000000000000   4
358.40000000000000000000   10
358.50000000000000000000   12
358.60000000000000000000   14
358.70000000000000000000   12
358.80000000000000000000   13
358.90000000000000000000   14
359.00000000000000000000   14
359.10000000000000000000   13
359.20000000000000000000   15
359.30000000000000000000   13
359.40000000000000000000   16
359.50000000000000000000   15
359.60000000000000000000   14
359.70000000000000000000   17
359.80000000000000000000   17
359.90000000000000000000   16
360.00000000000000000000   16
360.10000000000000000000   15
360.20000000000000000000   16
360.30000000000000000000   15
360.40000000000000000000   13
360.50000000000000000000   9
360.60000000000000000000   15
360.70000000000000000000   14
360.80000000000000000000   15
360.90000000000000000000   14
361.00000000000000000000   16
361.10000000000000000000   13
361.20000000000000000000   13
361.30000000000000000000   12
361.40000000000000000000   10
361.50000000000000000000   13
361.60000000000000000000   10
361.70000000000000000000   13
361.80000000000000000000   15
361.90000000000000000000   14
362.00000000000000000000   11
362.10000000000000000000   13
362.20000000000000000000   12
362.30000000000000000000   12
362.40000000000000000000   13
362.50000000000000000000   8
362.60000000000000000000   8
362.70000000000000000000   7
362.80000000000000000000   8
362.90000000000000000000   2
363.00000000000000000000   9
363.10000000000000000000   9
363.20000000000000000000   7
363.30000000000000000000   8
363.40000000000000000000   6
363.50000000000000000000   10
363.60000000000000000000   10
363.70000000000000000000   11
363.80000000000000000000   12
363.90000000000000000000   11
364.00000000000000000000   7
364.10000000000000000000   6
364.20000000000000000000   10
364.30000000000000000000   4
364.40000000000000000000   2
364.50000000000000000000   6
364.60000000000000000000   7
364.70000000000000000000   5
364.80000000000000000000   9
364.90000000000000000000   7
365.00000000000000000000   8
365.10000000000000000000   14
365.20000000000000000000   12
365.30000000000000000000   11
365.40000000000000000000   11
365.50000000000000000000   10
365.60000000000000000000   10
365.70000000000000000000   9
365.80000000000000000000   13
365.90000000000000000000   11
366.00000000000000000000   12
366.10000000000000000000   9
366.20000000000000000000   12
366.30000000000000000000   16
366.40000000000000000000   15
366.50000000000000000000   11
366.60000000000000000000   9
366.70000000000000000000   12
366.80000000000000000000   5
366.90000000000000000000   9
367.00000000000000000000   15
367.10000000000000000000   13
367.20000000000000000000   18
367.30000000000000000000   9
367.40000000000000000000   13
367.50000000000000000000   10
367.60000000000000000000   14
367.70000000000000000000   14
367.80000000000000000000   11
367.90000000000000000000   12
368.00000000000000000000   12
368.10000000000000000000   10
368.20000000000000000000   10
368.30000000000000000000   12
368.40000000000000000000   9
368.50000000000000000000   9
368.60000000000000000000   10
368.70000000000000000000   13
368.80000000000000000000   10
368.90000000000000000000   9
369.00000000000000000000   12
369.10000000000000000000   11
369.20000000000000000000   12
369.30000000000000000000   10
369.40000000000000000000   10
369.50000000000000000000   10
369.60000000000000000000   10
369.70000000000000000000   10
369.80000000000000000000   10
369.90000000000000000000   10
370.00000000000000000000   9
370.10000000000000000000   12
370.20000000000000000000   10
370.30000000000000000000   10
370.40000000000000000000   11
370.50000000000000000000   11
370.60000000000000000000   10
370.70000000000000000000   10
370.80000000000000000000   10
370.90000000000000000000   10
371.00000000000000000000   10
371.10000000000000000000   11
371.20000000000000000000   12
371.30000000000000000000   12
371.40000000000000000000   10
371.50000000000000000000   9
371.60000000000000000000   3
371.70000000000000000000   6
371.80000000000000000000   10
371.90000000000000000000   9
372.00000000000000000000   9
372.10000000000000000000   11
372.20000000000000000000   10
372.30000000000000000000   10
372.40000000000000000000   10
372.50000000000000000000   10
372.60000000000000000000   10
372.70000000000000000000   11
372.80000000000000000000   10
372.90000000000000000000   11
373.00000000000000000000   13
373.10000000000000000000   15
373.20000000000000000000   11
373.30000000000000000000   10
373.40000000000000000000   10
373.50000000000000000000   13
373.60000000000000000000   12
373.70000000000000000000   10
373.80000000000000000000   10
373.90000000000000000000   10
374.00000000000000000000   5
374.10000000000000000000   12
374.20000000000000000000   17
374.30000000000000000000   18
374.40000000000000000000   17
374.50000000000000000000   18
374.60000000000000000000   14
374.70000000000000000000   15
374.80000000000000000000   16
374.90000000000000000000   16
375.00000000000000000000   12
375.10000000000000000000   13
375.20000000000000000000   12
375.30000000000000000000   9
375.40000000000000000000   13
375.50000000000000000000   11
375.60000000000000000000   11
375.70000000000000000000   12
375.80000000000000000000   12
375.90000000000000000000   12
376.00000000000000000000   11
376.10000000000000000000   15
376.20000000000000000000   14
376.30000000000000000000   16
376.40000000000000000000   13
376.50000000000000000000   14
376.60000000000000000000   12
376.70000000000000000000   14
376.80000000000000000000   15
376.90000000000000000000   14
377.00000000000000000000   17
377.10000000000000000000   18
377.20000000000000000000   15
377.30000000000000000000   16
377.40000000000000000000   17
377.50000000000000000000   17
377.60000000000000000000   14
377.70000000000000000000   15
377.80000000000000000000   15
377.90000000000000000000   13
378.00000000000000000000   15
378.10000000000000000000   16
378.20000000000000000000   16
378.30000000000000000000   15
378.40000000000000000000   17
378.50000000000000000000   13
378.60000000000000000000   10
378.70000000000000000000   12
378.80000000000000000000   10
378.90000000000000000000   16
379.00000000000000000000   13
379.10000000000000000000   13
379.20000000000000000000   13
379.30000000000000000000   13
379.40000000000000000000   12
379.50000000000000000000   11
379.60000000000000000000   14
379.70000000000000000000   13
379.80000000000000000000   14
379.90000000000000000000   18
380.00000000000000000000   14
380.10000000000000000000   16
380.20000000000000000000   16
380.30000000000000000000   11
380.40000000000000000000   13
380.50000000000000000000   13
380.60000000000000000000   16
380.70000000000000000000   18
380.80000000000000000000   16
380.90000000000000000000   16
381.00000000000000000000   15
381.10000000000000000000   16
381.20000000000000000000   17
381.30000000000000000000   17
381.40000000000000000000   15
381.50000000000000000000   17
381.60000000000000000000   16
381.70000000000000000000   13
381.80000000000000000000   14
381.90000000000000000000   13
382.00000000000000000000   14
382.10000000000000000000   9
382.20000000000000000000   13
382.30000000000000000000   11
382.40000000000000000000   3
382.50000000000000000000   6
382.60000000000000000000   6
382.70000000000000000000   5
382.80000000000000000000   2
382.90000000000000000000   4
383.00000000000000000000   2
383.10000000000000000000   1
383.20000000000000000000   2
383.30000000000000000000   2
383.40000000000000000000   0
383.50000000000000000000   3
383.60000000000000000000   5
383.70000000000000000000   5
383.80000000000000000000   3
383.90000000000000000000   2
384.00000000000000000000   5
384.10000000000000000000   2
384.20000000000000000000   4
384.30000000000000000000   4
384.40000000000000000000   4
384.50000000000000000000   4
384.60000000000000000000   3
384.70000000000000000000   1
384.80000000000000000000   4
384.90000000000000000000   5
385.00000000000000000000   5
385.10000000000000000000   9
385.20000000000000000000   11
385.30000000000000000000   9
385.40000000000000000000   9
385.50000000000000000000   10
385.60000000000000000000   8
385.70000000000000000000   8
385.80000000000000000000   5
385.90000000000000000000   3
386.00000000000000000000   5
386.10000000000000000000   3
386.20000000000000000000   6
386.30000000000000000000   6
386.40000000000000000000   5
386.50000000000000000000   6
386.60000000000000000000   6
386.70000000000000000000   6
386.80000000000000000000   4
386.90000000000000000000   3
387.00000000000000000000   5
387.10000000000000000000   5
387.20000000000000000000   7
387.30000000000000000000   5
387.40000000000000000000   7
387.50000000000000000000   6
387.60000000000000000000   6
387.70000000000000000000   5
387.80000000000000000000   9
387.90000000000000000000   5
388.00000000000000000000   6
388.10000000000000000000   5
388.20000000000000000000   10
388.30000000000000000000   7
388.40000000000000000000   8
388.50000000000000000000   13
388.60000000000000000000   15
388.70000000000000000000   10
388.80000000000000000000   10
388.90000000000000000000   15
389.00000000000000000000   14
389.10000000000000000000   14
389.20000000000000000000   12
389.30000000000000000000   12
389.40000000000000000000   11
389.50000000000000000000   12
389.60000000000000000000   11
389.70000000000000000000   8
389.80000000000000000000   12
389.90000000000000000000   14
390.00000000000000000000   13
390.10000000000000000000   13
390.20000000000000000000   12
390.30000000000000000000   13
390.40000000000000000000   13
390.50000000000000000000   14
390.60000000000000000000   16
390.70000000000000000000   14
390.80000000000000000000   10
390.90000000000000000000   11
391.00000000000000000000   11
391.10000000000000000000   11
391.20000000000000000000   13
391.30000000000000000000   9
391.40000000000000000000   11
391.50000000000000000000   10
391.60000000000000000000   11
391.70000000000000000000   9
391.80000000000000000000   11
391.90000000000000000000   5
392.00000000000000000000   7
392.10000000000000000000   9
392.20000000000000000000   10
392.30000000000000000000   5
392.40000000000000000000   6
392.50000000000000000000   6
392.60000000000000000000   7
392.70000000000000000000   2
392.80000000000000000000   2
392.90000000000000000000   6
393.00000000000000000000   9
393.10000000000000000000   8
393.20000000000000000000   10
393.30000000000000000000   8
393.40000000000000000000   9
393.50000000000000000000   8
393.60000000000000000000   8
393.70000000000000000000   9
393.80000000000000000000   9
393.90000000000000000000   9
394.00000000000000000000   9
394.10000000000000000000   8
394.20000000000000000000   9
394.30000000000000000000   10
394.40000000000000000000   8
394.50000000000000000000   12
394.60000000000000000000   11
394.70000000000000000000   10
394.80000000000000000000   10
394.90000000000000000000   9
395.00000000000000000000   9
395.10000000000000000000   9
395.20000000000000000000   9
395.30000000000000000000   10
395.40000000000000000000   11
395.50000000000000000000   16
395.60000000000000000000   16
395.70000000000000000000   10
395.80000000000000000000   11
395.90000000000000000000   10
396.00000000000000000000   9
396.10000000000000000000   9
396.20000000000000000000   9
396.30000000000000000000   11
396.40000000000000000000   9
396.50000000000000000000   6
396.60000000000000000000   7
396.70000000000000000000   11
396.80000000000000000000   9
396.90000000000000000000   8
397.00000000000000000000   8
397.10000000000000000000   8
397.20000000000000000000   9
397.30000000000000000000   7
397.40000000000000000000   7
397.50000000000000000000   7
397.60000000000000000000   8
397.70000000000000000000   8
397.80000000000000000000   10
397.90000000000000000000   11
398.00000000000000000000   11
398.10000000000000000000   11
398.20000000000000000000   12
398.30000000000000000000   11
398.40000000000000000000   11
398.50000000000000000000   11
398.60000000000000000000   11
398.70000000000000000000   11
398.80000000000000000000   11
398.90000000000000000000   11
399.00000000000000000000   11
399.10000000000000000000   11
399.20000000000000000000   11
399.30000000000000000000   11
399.40000000000000000000   11
399.50000000000000000000   11
399.60000000000000000000   11
399.70000000000000000000   11
