200.00000000000000000000   7
200.10000000000000000000   13
200.20000000000000000000   11
200.30000000000000000000   9
200.40000000000000000000   9
200.50000000000000000000   14
200.60000000000000000000   7
200.70000000000000000000   10
200.80000000000000000000   12
200.90000000000000000000   11
201.00000000000000000000   11
201.10000000000000000000   10
201.20000000000000000000   12
201.30000000000000000000   11
201.40000000000000000000   8
201.50000000000000000000   8
201.60000000000000000000   8
201.70000000000000000000   11
201.80000000000000000000   9
201.90000000000000000000   11
202.00000000000000000000   11
202.10000000000000000000   13
202.20000000000000000000   10
202.30000000000000000000   7
202.40000000000000000000   6
202.50000000000000000000   8
202.60000000000000000000   10
202.70000000000000000000   9
202.80000000000000000000   5
202.90000000000000000000   6
203.00000000000000000000   10
203.10000000000000000000   8
203.20000000000000000000   13
203.30000000000000000000   14
203.40000000000000000000   11
203.50000000000000000000   12
203.60000000000000000000   13
203.70000000000000000000   11
203.80000000000000000000   7
203.90000000000000000000   8
204.00000000000000000000   10
204.10000000000000000000   9
204.20000000000000000000   9
204.30000000000000000000   11
204.40000000000000000000   15
204.50000000000000000000   15
204.60000000000000000000   14
204.70000000000000000000   15
204.80000000000000000000   12
204.90000000000000000000   13
205.00000000000000000000   13
205.10000000000000000000   14
205.20000000000000000000   14
205.30000000000000000000   15
205.40000000000000000000   17
205.50000000000000000000   12
205.60000000000000000000   14
205.70000000000000000000   12
205.80000000000000000000   15
205.90000000000000000000   10
206.00000000000000000000   14
206.10000000000000000000   12
206.20000000000000000000   11
206.30000000000000000000   11
206.40000000000000000000   11
206.50000000000000000000   15
206.60000000000000000000   18
206.70000000000000000000   16
206.80000000000000000000   21
206.90000000000000000000   15
207.00000000000000000000   16
207.10000000000000000000   15
207.20000000000000000000   18
207.30000000000000000000   15
207.40000000000000000000   15
207.50000000000000000000   9
207.60000000000000000000   13
207.70000000000000000000   17
207.80000000000000000000   13
207.90000000000000000000   13
208.00000000000000000000   15
208.10000000000000000000   14
208.20000000000000000000   12
208.30000000000000000000   10
208.40000000000000000000   12
208.50000000000000000000   11
208.60000000000000000000   11
208.70000000000000000000   11
208.80000000000000000000   10
208.90000000000000000000   13
209.00000000000000000000   11
209.10000000000000000000   10
209.20000000000000000000   4
209.30000000000000000000   14
209.40000000000000000000   11
209.50000000000000000000   11
209.60000000000000000000   13
209.70000000000000000000   13
209.80000000000000000000   13
209.90000000000000000000   12
210.00000000000000000000   13
210.10000000000000000000   8
210.20000000000000000000   12
210.30000000000000000000   11
210.40000000000000000000   13
210.50000000000000000000   12
210.60000000000000000000   16
210.70000000000000000000   17
210.80000000000000000000   10
210.90000000000000000000   12
211.00000000000000000000   11
211.10000000000000000000   10
211.20000000000000000000   10
211.30000000000000000000   9
211.40000000000000000000   11
211.50000000000000000000   11
211.60000000000000000000   9
211.70000000000000000000   9
211.80000000000000000000   12
211.90000000000000000000   14
212.00000000000000000000   11
212.10000000000000000000   11
212.20000000000000000000   15
212.30000000000000000000   14
212.40000000000000000000   18
212.50000000000000000000   9
212.60000000000000000000   9
212.70000000000000000000   9
212.80000000000000000000   11
212.90000000000000000000   14
213.00000000000000000000   12
213.10000000000000000000   10
213.20000000000000000000   12
213.30000000000000000000   13
213.40000000000000000000   16
213.50000000000000000000   12
213.60000000000000000000   12
213.70000000000000000000   12
213.80000000000000000000   12
213.90000000000000000000   12
214.00000000000000000000   10
214.10000000000000000000   16
214.20000000000000000000   10
214.30000000000000000000   11
214.40000000000000000000   12
214.50000000000000000000   11
214.60000000000000000000   11
214.70000000000000000000   11
214.80000000000000000000   13
214.90000000000000000000   13
215.00000000000000000000   11
215.10000000000000000000   12
215.20000000000000000000   12
215.30000000000000000000   12
215.40000000000000000000   12
215.50000000000000000000   12
215.60000000000000000000   12
215.70000000000000000000   14
215.80000000000000000000   12
215.90000000000000000000   11
216.00000000000000000000   11
216.10000000000000000000   12
216.20000000000000000000   11
216.30000000000000000000   12
216.40000000000000000000   11
216.50000000000000000000   15
216.60000000000000000000   10
216.70000000000000000000   11
216.80000000000000000000   13
216.90000000000000000000   13
217.00000000000000000000   11
217.10000000000000000000   14
217.20000000000000000000   14
217.30000000000000000000   11
217.40000000000000000000   12
217.50000000000000000000   14
217.60000000000000000000   8
217.70000000000000000000   10
217.80000000000000000000   11
217.90000000000000000000   10
218.00000000000000000000   9
218.10000000000000000000   11
218.20000000000000000000   9
218.30000000000000000000   12
218.40000000000000000000   10
218.50000000000000000000   12
218.60000000000000000000   9
218.70000000000000000000   11
218.80000000000000000000   8
218.90000000000000000000   9
219.00000000000000000000   9
219.10000000000000000000   14
219.20000000000000000000   14
219.30000000000000000000   12
219.40000000000000000000   14
219.50000000000000000000   14
219.60000000000000000000   14
219.70000000000000000000   12
219.80000000000000000000   10
219.90000000000000000000   10
220.00000000000000000000   12
220.10000000000000000000   13
220.20000000000000000000   14
220.30000000000000000000   9
220.40000000000000000000   9
220.50000000000000000000   8
220.60000000000000000000   11
220.70000000000000000000   11
220.80000000000000000000   12
220.90000000000000000000   10
221.00000000000000000000   13
221.10000000000000000000   15
221.20000000000000000000   15
221.30000000000000000000   14
221.40000000000000000000   17
221.50000000000000000000   11
221.60000000000000000000   11
221.70000000000000000000   14
221.80000000000000000000   13
221.90000000000000000000   13
222.00000000000000000000   12
222.10000000000000000000   13
222.20000000000000000000   14
222.30000000000000000000   16
222.40000000000000000000   14
222.50000000000000000000   13
222.60000000000000000000   13
222.70000000000000000000   14
222.80000000000000000000   12
222.90000000000000000000   13
223.00000000000000000000   15
223.10000000000000000000   13
223.20000000000000000000   13
223.30000000000000000000   12
223.40000000000000000000   12
223.50000000000000000000   14
223.60000000000000000000   14
223.70000000000000000000   13
223.80000000000000000000   11
223.90000000000000000000   10
224.00000000000000000000   12
224.10000000000000000000   10
224.20000000000000000000   13
224.30000000000000000000   10
224.40000000000000000000   13
224.50000000000000000000   12
224.60000000000000000000   11
224.70000000000000000000   12
224.80000000000000000000   15
224.90000000000000000000   13
225.00000000000000000000   12
225.10000000000000000000   11
225.20000000000000000000   9
225.30000000000000000000   10
225.40000000000000000000   12
225.50000000000000000000   12
225.60000000000000000000   8
225.70000000000000000000   10
225.80000000000000000000   11
225.90000000000000000000   12
226.00000000000000000000   12
226.10000000000000000000   10
226.20000000000000000000   14
226.30000000000000000000   12
226.40000000000000000000   13
226.50000000000000000000   13
226.60000000000000000000   15
226.70000000000000000000   14
226.80000000000000000000   14
226.90000000000000000000   13
227.00000000000000000000   11
227.10000000000000000000   8
227.20000000000000000000   5
227.30000000000000000000   10
227.40000000000000000000   11
227.50000000000000000000   13
227.60000000000000000000   9
227.70000000000000000000   9
227.80000000000000000000   8
227.90000000000000000000   10
228.00000000000000000000   9
228.10000000000000000000   13
228.20000000000000000000   14
228.30000000000000000000   14
228.40000000000000000000   14
228.50000000000000000000   14
228.60000000000000000000   15
228.70000000000000000000   14
228.80000000000000000000   19
228.90000000000000000000   14
229.00000000000000000000   13
229.10000000000000000000   12
229.20000000000000000000   13
229.30000000000000000000   12
229.40000000000000000000   9
229.50000000000000000000   8
229.60000000000000000000   12
229.70000000000000000000   13
229.80000000000000000000   13
229.90000000000000000000   11
230.00000000000000000000   15
230.10000000000000000000   15
230.20000000000000000000   15
230.30000000000000000000   16
230.40000000000000000000   14
230.50000000000000000000   17
230.60000000000000000000   20
230.70000000000000000000   17
230.80000000000000000000   17
230.90000000000000000000   16
231.00000000000000000000   15
231.10000000000000000000   13
231.20000000000000000000   16
231.30000000000000000000   16
231.40000000000000000000   16
231.50000000000000000000   14
231.60000000000000000000   17
231.70000000000000000000   16
231.80000000000000000000   18
231.90000000000000000000   15
232.00000000000000000000   16
232.10000000000000000000   15
232.20000000000000000000   16
232.30000000000000000000   16
232.40000000000000000000   16
232.50000000000000000000   16
232.60000000000000000000   14
232.70000000000000000000   13
232.80000000000000000000   13
232.90000000000000000000   11
233.00000000000000000000   17
233.10000000000000000000   17
233.20000000000000000000   7
233.30000000000000000000   11
233.40000000000000000000   8
233.50000000000000000000   3
233.60000000000000000000   4
233.70000000000000000000   3
233.80000000000000000000   3
233.90000000000000000000   1
234.00000000000000000000   3
234.10000000000000000000   1
234.20000000000000000000   3
234.30000000000000000000   3
234.40000000000000000000   2
234.50000000000000000000   3
234.60000000000000000000   5
234.70000000000000000000   2
234.80000000000000000000   5
234.90000000000000000000   3
235.00000000000000000000   3
235.10000000000000000000   6
235.20000000000000000000   4
235.30000000000000000000   3
235.40000000000000000000   4
235.50000000000000000000   4
235.60000000000000000000   3
235.70000000000000000000   4
235.80000000000000000000   7
235.90000000000000000000   3
236.00000000000000000000   3
236.10000000000000000000   3
236.20000000000000000000   6
236.30000000000000000000   4
236.40000000000000000000   7
236.50000000000000000000   8
236.60000000000000000000   9
236.70000000000000000000   6
236.80000000000000000000   8
236.90000000000000000000   9
237.00000000000000000000   3
237.10000000000000000000   7
237.20000000000000000000   5
237.30000000000000000000   5
237.40000000000000000000   6
237.50000000000000000000   6
237.60000000000000000000   6
237.70000000000000000000   5
237.80000000000000000000   12
237.90000000000000000000   7
238.00000000000000000000   5
238.10000000000000000000   6
238.20000000000000000000   11
238.30000000000000000000   8
238.40000000000000000000   10
238.50000000000000000000   12
238.60000000000000000000   8
238.70000000000000000000   3
238.80000000000000000000   6
238.90000000000000000000   1
239.00000000000000000000   3
239.10000000000000000000   8
239.20000000000000000000   4
239.30000000000000000000   4
239.40000000000000000000   4
239.50000000000000000000   5
239.60000000000000000000   7
239.70000000000000000000   5
239.80000000000000000000   8
239.90000000000000000000   5
240.00000000000000000000   9
240.10000000000000000000   4
240.20000000000000000000   2
240.30000000000000000000   3
240.40000000000000000000   4
240.50000000000000000000   6
240.60000000000000000000   8
240.70000000000000000000   7
240.80000000000000000000   10
240.90000000000000000000   11
241.00000000000000000000   7
241.10000000000000000000   11
241.20000000000000000000   9
241.30000000000000000000   8
241.40000000000000000000   9
241.50000000000000000000   5
241.60000000000000000000   4
241.70000000000000000000   7
241.80000000000000000000   7
241.90000000000000000000   5
242.00000000000000000000   4
242.10000000000000000000   3
242.20000000000000000000   2
242.30000000000000000000   2
242.40000000000000000000   1
242.50000000000000000000   2
242.60000000000000000000   2
242.70000000000000000000   3
242.80000000000000000000   0
242.90000000000000000000   3
243.00000000000000000000   3
243.10000000000000000000   0
243.20000000000000000000   0
243.30000000000000000000   5
243.40000000000000000000   4
243.50000000000000000000   4
243.60000000000000000000   3
243.70000000000000000000   4
243.80000000000000000000   3
243.90000000000000000000   2
244.00000000000000000000   5
244.10000000000000000000   2
244.20000000000000000000   4
244.30000000000000000000   3
244.40000000000000000000   3
244.50000000000000000000   5
244.60000000000000000000   6
244.70000000000000000000   5
244.80000000000000000000   6
244.90000000000000000000   6
245.00000000000000000000   4
245.10000000000000000000   1
245.20000000000000000000   0
245.30000000000000000000   1
245.40000000000000000000   1
245.50000000000000000000   2
245.60000000000000000000   3
245.70000000000000000000   2
245.80000000000000000000   2
245.90000000000000000000   2
246.00000000000000000000   2
246.10000000000000000000   5
246.20000000000000000000   9
246.30000000000000000000   12
246.40000000000000000000   10
246.50000000000000000000   8
246.60000000000000000000   10
246.70000000000000000000   7
246.80000000000000000000   5
246.90000000000000000000   6
247.00000000000000000000   9
247.10000000000000000000   9
247.20000000000000000000   4
247.30000000000000000000   9
247.40000000000000000000   4
247.50000000000000000000   6
247.60000000000000000000   3
247.70000000000000000000   2
247.80000000000000000000   4
247.90000000000000000000   3
248.00000000000000000000   5
248.10000000000000000000   3
248.20000000000000000000   6
248.30000000000000000000   4
248.40000000000000000000   4
248.50000000000000000000   5
248.60000000000000000000   2
248.70000000000000000000   3
248.80000000000000000000   3
248.90000000000000000000   1
249.00000000000000000000   5
249.10000000000000000000   4
249.20000000000000000000   5
249.30000000000000000000   1
249.40000000000000000000   3
249.50000000000000000000   4
249.60000000000000000000   4
249.70000000000000000000   4
249.80000000000000000000   2
249.90000000000000000000   7
250.00000000000000000000   4
250.10000000000000000000   2
250.20000000000000000000   3
250.30000000000000000000   6
250.40000000000000000000   6
250.50000000000000000000   3
250.60000000000000000000   3
250.70000000000000000000   4
250.80000000000000000000   5
250.90000000000000000000   8
251.00000000000000000000   5
251.10000000000000000000   4
251.20000000000000000000   4
251.30000000000000000000   8
251.40000000000000000000   6
251.50000000000000000000   4
251.60000000000000000000   3
251.70000000000000000000   4
251.80000000000000000000   5
251.90000000000000000000   1
252.00000000000000000000   2
252.10000000000000000000   8
252.20000000000000000000   8
252.30000000000000000000   1
252.40000000000000000000   3
252.50000000000000000000   6
252.60000000000000000000   5
252.70000000000000000000   3
252.80000000000000000000   4
252.90000000000000000000   3
253.00000000000000000000   8
253.10000000000000000000   3
253.20000000000000000000   6
253.30000000000000000000   3
253.40000000000000000000   3
253.50000000000000000000   5
253.60000000000000000000   5
253.70000000000000000000   6
253.80000000000000000000   5
253.90000000000000000000   10
254.00000000000000000000   10
254.10000000000000000000   6
254.20000000000000000000   6
254.30000000000000000000   5
254.40000000000000000000   4
254.50000000000000000000   7
254.60000000000000000000   7
254.70000000000000000000   6
254.80000000000000000000   6
254.90000000000000000000   4
255.00000000000000000000   8
255.10000000000000000000   7
255.20000000000000000000   10
255.30000000000000000000   8
255.40000000000000000000   9
255.50000000000000000000   2
255.60000000000000000000   3
255.70000000000000000000   4
255.80000000000000000000   2
255.90000000000000000000   5
256.00000000000000000000   8
256.10000000000000000000   4
256.20000000000000000000   2
256.30000000000000000000   4
256.40000000000000000000   1
256.50000000000000000000   5
256.60000000000000000000   6
256.70000000000000000000   9
256.80000000000000000000   7
256.90000000000000000000   9
257.00000000000000000000   9
257.10000000000000000000   8
257.20000000000000000000   11
257.30000000000000000000   12
257.40000000000000000000   15
257.50000000000000000000   15
257.60000000000000000000   9
257.70000000000000000000   12
257.80000000000000000000   11
257.90000000000000000000   11
258.00000000000000000000   12
258.10000000000000000000   11
258.20000000000000000000   12
258.30000000000000000000   13
258.40000000000000000000   15
258.50000000000000000000   12
258.60000000000000000000   13
258.70000000000000000000   12
258.80000000000000000000   14
258.90000000000000000000   12
259.00000000000000000000   13
259.10000000000000000000   11
259.20000000000000000000   7
259.30000000000000000000   7
259.40000000000000000000   7
259.50000000000000000000   12
259.60000000000000000000   11
259.70000000000000000000   8
259.80000000000000000000   8
259.90000000000000000000   9
260.00000000000000000000   11
260.10000000000000000000   11
260.20000000000000000000   9
260.30000000000000000000   9
260.40000000000000000000   8
260.50000000000000000000   6
260.60000000000000000000   9
260.70000000000000000000   13
260.80000000000000000000   7
260.90000000000000000000   8
261.00000000000000000000   11
261.10000000000000000000   10
261.20000000000000000000   13
261.30000000000000000000   8
261.40000000000000000000   10
261.50000000000000000000   9
261.60000000000000000000   12
261.70000000000000000000   12
261.80000000000000000000   12
261.90000000000000000000   8
262.00000000000000000000   12
262.10000000000000000000   7
262.20000000000000000000   5
262.30000000000000000000   6
262.40000000000000000000   8
262.50000000000000000000   8
262.60000000000000000000   5
262.70000000000000000000   7
262.80000000000000000000   10
262.90000000000000000000   11
263.00000000000000000000   11
263.10000000000000000000   8
263.20000000000000000000   12
263.30000000000000000000   7
263.40000000000000000000   12
263.50000000000000000000   10
263.60000000000000000000   11
263.70000000000000000000   11
263.80000000000000000000   14
263.90000000000000000000   13
264.00000000000000000000   13
264.10000000000000000000   13
264.20000000000000000000   13
264.30000000000000000000   15
264.40000000000000000000   17
264.50000000000000000000   21
264.60000000000000000000   18
264.70000000000000000000   15
264.80000000000000000000   15
264.90000000000000000000   7
265.00000000000000000000   7
265.10000000000000000000   7
265.20000000000000000000   6
265.30000000000000000000   5
265.40000000000000000000   5
265.50000000000000000000   7
265.60000000000000000000   4
265.70000000000000000000   5
265.80000000000000000000   5
265.90000000000000000000   5
266.00000000000000000000   7
266.10000000000000000000   6
266.20000000000000000000   4
266.30000000000000000000   3
266.40000000000000000000   3
266.50000000000000000000   4
266.60000000000000000000   2
266.70000000000000000000   3
266.80000000000000000000   3
266.90000000000000000000   3
267.00000000000000000000   4
267.10000000000000000000   4
267.20000000000000000000   6
267.30000000000000000000   4
267.40000000000000000000   5
267.50000000000000000000   4
267.60000000000000000000   3
267.70000000000000000000   3
267.80000000000000000000   4
267.90000000000000000000   3
268.00000000000000000000   5
268.10000000000000000000   2
268.20000000000000000000   5
268.30000000000000000000   3
268.40000000000000000000   4
268.50000000000000000000   0
268.60000000000000000000   2
268.70000000000000000000   1
268.80000000000000000000   5
268.90000000000000000000   0
269.00000000000000000000   7
269.10000000000000000000   5
269.20000000000000000000   1
269.30000000000000000000   5
269.40000000000000000000   4
269.50000000000000000000   9
269.60000000000000000000   1
269.70000000000000000000   0
269.80000000000000000000   2
269.90000000000000000000   2
270.00000000000000000000   8
270.10000000000000000000   8
270.20000000000000000000   4
270.30000000000000000000   3
270.40000000000000000000   2
270.50000000000000000000   3
270.60000000000000000000   2
270.70000000000000000000   2
270.80000000000000000000   2
270.90000000000000000000   1
271.00000000000000000000   2
271.10000000000000000000   2
271.20000000000000000000   2
271.30000000000000000000   4
271.40000000000000000000   2
271.50000000000000000000   1
271.60000000000000000000   2
271.70000000000000000000   3
271.80000000000000000000   1
271.90000000000000000000   4
272.00000000000000000000   1
272.10000000000000000000   2
272.20000000000000000000   2
272.30000000000000000000   2
272.40000000000000000000   5
272.50000000000000000000   5
272.60000000000000000000   4
272.70000000000000000000   4
272.80000000000000000000   3
272.90000000000000000000   3
273.00000000000000000000   3
273.10000000000000000000   1
273.20000000000000000000   3
273.30000000000000000000   3
273.40000000000000000000   2
273.50000000000000000000   3
273.60000000000000000000   2
273.70000000000000000000   2
273.80000000000000000000   5
273.90000000000000000000   3
274.00000000000000000000   3
274.10000000000000000000   2
274.20000000000000000000   4
274.30000000000000000000   4
274.40000000000000000000   3
274.50000000000000000000   3
274.60000000000000000000   4
274.70000000000000000000   4
274.80000000000000000000   4
274.90000000000000000000   4
275.00000000000000000000   4
275.10000000000000000000   3
275.20000000000000000000   1
275.30000000000000000000   3
275.40000000000000000000   4
275.50000000000000000000   6
275.60000000000000000000   6
275.70000000000000000000   4
275.80000000000000000000   4
275.90000000000000000000   2
276.00000000000000000000   4
276.10000000000000000000   3
276.20000000000000000000   4
276.30000000000000000000   7
276.40000000000000000000   3
276.50000000000000000000   6
276.60000000000000000000   4
276.70000000000000000000   8
276.80000000000000000000   6
276.90000000000000000000   7
277.00000000000000000000   5
277.10000000000000000000   3
277.20000000000000000000   5
277.30000000000000000000   6
277.40000000000000000000   6
277.50000000000000000000   9
277.60000000000000000000   8
277.70000000000000000000   5
277.80000000000000000000   7
277.90000000000000000000   6
278.00000000000000000000   4
278.10000000000000000000   6
278.20000000000000000000   4
278.30000000000000000000   8
278.40000000000000000000   6
278.50000000000000000000   5
278.60000000000000000000   7
278.70000000000000000000   10
278.80000000000000000000   8
278.90000000000000000000   10
279.00000000000000000000   8
279.10000000000000000000   7
279.20000000000000000000   6
279.30000000000000000000   5
279.40000000000000000000   5
279.50000000000000000000   8
279.60000000000000000000   5
279.70000000000000000000   6
279.80000000000000000000   4
279.90000000000000000000   5
280.00000000000000000000   5
280.10000000000000000000   8
280.20000000000000000000   11
280.30000000000000000000   5
280.40000000000000000000   11
280.50000000000000000000   7
280.60000000000000000000   6
280.70000000000000000000   9
280.80000000000000000000   8
280.90000000000000000000   6
281.00000000000000000000   0
281.10000000000000000000   0
281.20000000000000000000   0
281.30000000000000000000   0
281.40000000000000000000   2
281.50000000000000000000   0
281.60000000000000000000   7
281.70000000000000000000   2
281.80000000000000000000   5
281.90000000000000000000   8
282.00000000000000000000   8
282.10000000000000000000   7
282.20000000000000000000   6
282.30000000000000000000   4
282.40000000000000000000   4
282.50000000000000000000   8
282.60000000000000000000   7
282.70000000000000000000   5
282.80000000000000000000   10
282.90000000000000000000   4
283.00000000000000000000   5
283.10000000000000000000   3
283.20000000000000000000   0
283.30000000000000000000   4
283.40000000000000000000   3
283.50000000000000000000   3
283.60000000000000000000   1
283.70000000000000000000   4
283.80000000000000000000   0
283.90000000000000000000   4
284.00000000000000000000   3
284.10000000000000000000   1
284.20000000000000000000   3
284.30000000000000000000   2
284.40000000000000000000   8
284.50000000000000000000   6
284.60000000000000000000   9
284.70000000000000000000   9
284.80000000000000000000   8
284.90000000000000000000   11
285.00000000000000000000   7
285.10000000000000000000   8
285.20000000000000000000   7
285.30000000000000000000   5
285.40000000000000000000   5
285.50000000000000000000   2
285.60000000000000000000   3
285.70000000000000000000   2
285.80000000000000000000   5
285.90000000000000000000   1
286.00000000000000000000   1
286.10000000000000000000   4
286.20000000000000000000   1
286.30000000000000000000   3
286.40000000000000000000   6
286.50000000000000000000   8
286.60000000000000000000   6
286.70000000000000000000   4
286.80000000000000000000   6
286.90000000000000000000   7
287.00000000000000000000   1
287.10000000000000000000   8
287.20000000000000000000   10
287.30000000000000000000   8
287.40000000000000000000   8
287.50000000000000000000   10
287.60000000000000000000   11
287.70000000000000000000   9
287.80000000000000000000   13
287.90000000000000000000   13
288.00000000000000000000   13
288.10000000000000000000   11
288.20000000000000000000   11
288.30000000000000000000   12
288.40000000000000000000   10
288.50000000000000000000   8
288.60000000000000000000   6
288.70000000000000000000   4
288.80000000000000000000   13
288.90000000000000000000   13
289.00000000000000000000   11
289.10000000000000000000   15
289.20000000000000000000   13
289.30000000000000000000   15
289.40000000000000000000   12
289.50000000000000000000   12
289.60000000000000000000   9
289.70000000000000000000   11
289.80000000000000000000   10
289.90000000000000000000   11
290.00000000000000000000   8
290.10000000000000000000   7
290.20000000000000000000   8
290.30000000000000000000   7
290.40000000000000000000   10
290.50000000000000000000   9
290.60000000000000000000   7
290.70000000000000000000   13
290.80000000000000000000   12
290.90000000000000000000   14
291.00000000000000000000   10
291.10000000000000000000   12
291.20000000000000000000   6
291.30000000000000000000   8
291.40000000000000000000   6
291.50000000000000000000   5
291.60000000000000000000   7
291.70000000000000000000   11
291.80000000000000000000   13
291.90000000000000000000   8
292.00000000000000000000   8
292.10000000000000000000   11
292.20000000000000000000   7
292.30000000000000000000   6
292.40000000000000000000   10
292.50000000000000000000   8
292.60000000000000000000   10
292.70000000000000000000   8
292.80000000000000000000   9
292.90000000000000000000   10
293.00000000000000000000   11
293.10000000000000000000   10
293.20000000000000000000   12
293.30000000000000000000   12
293.40000000000000000000   12
293.50000000000000000000   12
293.60000000000000000000   12
293.70000000000000000000   11
293.80000000000000000000   10
293.90000000000000000000   11
294.00000000000000000000   12
294.10000000000000000000   12
294.20000000000000000000   10
294.30000000000000000000   9
294.40000000000000000000   11
294.50000000000000000000   12
294.60000000000000000000   15
294.70000000000000000000   16
294.80000000000000000000   16
294.90000000000000000000   12
295.00000000000000000000   11
295.10000000000000000000   9
295.20000000000000000000   11
295.30000000000000000000   12
295.40000000000000000000   12
295.50000000000000000000   13
295.60000000000000000000   14
295.70000000000000000000   15
295.80000000000000000000   13
295.90000000000000000000   14
296.00000000000000000000   14
296.10000000000000000000   15
296.20000000000000000000   16
296.30000000000000000000   13
296.40000000000000000000   9
296.50000000000000000000   14
296.60000000000000000000   11
296.70000000000000000000   11
296.80000000000000000000   9
296.90000000000000000000   12
297.00000000000000000000   10
297.10000000000000000000   11
297.20000000000000000000   10
297.30000000000000000000   12
297.40000000000000000000   14
297.50000000000000000000   14
297.60000000000000000000   11
297.70000000000000000000   9
297.80000000000000000000   11
297.90000000000000000000   12
298.00000000000000000000   9
298.10000000000000000000   12
298.20000000000000000000   12
298.30000000000000000000   12
298.40000000000000000000   11
298.50000000000000000000   15
298.60000000000000000000   14
298.70000000000000000000   12
298.80000000000000000000   10
298.90000000000000000000   15
299.00000000000000000000   13
299.10000000000000000000   15
299.20000000000000000000   14
299.30000000000000000000   15
299.40000000000000000000   14
299.50000000000000000000   15
299.60000000000000000000   14
299.70000000000000000000   16
299.80000000000000000000   14
299.90000000000000000000   13
300.00000000000000000000   12
300.10000000000000000000   14
300.20000000000000000000   17
300.30000000000000000000   11
300.40000000000000000000   11
300.50000000000000000000   11
300.60000000000000000000   14
300.70000000000000000000   13
300.80000000000000000000   14
300.90000000000000000000   9
301.00000000000000000000   14
301.10000000000000000000   12
301.20000000000000000000   12
301.30000000000000000000   11
301.40000000000000000000   9
301.50000000000000000000   12
301.60000000000000000000   15
301.70000000000000000000   13
301.80000000000000000000   15
301.90000000000000000000   15
302.00000000000000000000   14
302.10000000000000000000   13
302.20000000000000000000   15
302.30000000000000000000   10
302.40000000000000000000   14
302.50000000000000000000   9
302.60000000000000000000   5
302.70000000000000000000   2
302.80000000000000000000   8
302.90000000000000000000   5
303.00000000000000000000   6
303.10000000000000000000   10
303.20000000000000000000   5
303.30000000000000000000   8
303.40000000000000000000   8
303.50000000000000000000   12
303.60000000000000000000   18
303.70000000000000000000   10
303.80000000000000000000   7
303.90000000000000000000   7
304.00000000000000000000   9
304.10000000000000000000   8
304.20000000000000000000   10
304.30000000000000000000   5
304.40000000000000000000   5
304.50000000000000000000   3
304.60000000000000000000   3
304.70000000000000000000   10
304.80000000000000000000   7
304.90000000000000000000   9
305.00000000000000000000   10
305.10000000000000000000   12
305.20000000000000000000   8
305.30000000000000000000   8
305.40000000000000000000   10
305.50000000000000000000   9
305.60000000000000000000   10
305.70000000000000000000   10
305.80000000000000000000   12
305.90000000000000000000   9
306.00000000000000000000   7
306.10000000000000000000   5
306.20000000000000000000   4
306.30000000000000000000   11
306.40000000000000000000   10
306.50000000000000000000   9
306.60000000000000000000   8
306.70000000000000000000   6
306.80000000000000000000   12
306.90000000000000000000   8
307.00000000000000000000   12
307.10000000000000000000   12
307.20000000000000000000   13
307.30000000000000000000   12
307.40000000000000000000   9
307.50000000000000000000   9
307.60000000000000000000   9
307.70000000000000000000   10
307.80000000000000000000   12
307.90000000000000000000   12
308.00000000000000000000   9
308.10000000000000000000   6
308.20000000000000000000   7
308.30000000000000000000   7
308.40000000000000000000   7
308.50000000000000000000   7
308.60000000000000000000   4
308.70000000000000000000   6
308.80000000000000000000   7
308.90000000000000000000   6
309.00000000000000000000   8
309.10000000000000000000   8
309.20000000000000000000   7
309.30000000000000000000   5
309.40000000000000000000   7
309.50000000000000000000   2
309.60000000000000000000   4
309.70000000000000000000   6
309.80000000000000000000   8
309.90000000000000000000   5
310.00000000000000000000   1
310.10000000000000000000   3
310.20000000000000000000   2
310.30000000000000000000   1
310.40000000000000000000   0
310.50000000000000000000   0
310.60000000000000000000   5
310.70000000000000000000   2
310.80000000000000000000   3
310.90000000000000000000   0
311.00000000000000000000   1
311.10000000000000000000   3
311.20000000000000000000   8
311.30000000000000000000   8
311.40000000000000000000   7
311.50000000000000000000   6
311.60000000000000000000   8
311.70000000000000000000   10
311.80000000000000000000   6
311.90000000000000000000   9
312.00000000000000000000   8
312.10000000000000000000   7
312.20000000000000000000   7
312.30000000000000000000   7
312.40000000000000000000   8
312.50000000000000000000   9
312.60000000000000000000   9
312.70000000000000000000   10
312.80000000000000000000   7
312.90000000000000000000   8
313.00000000000000000000   11
313.10000000000000000000   12
313.20000000000000000000   9
313.30000000000000000000   11
313.40000000000000000000   12
313.50000000000000000000   13
313.60000000000000000000   8
313.70000000000000000000   14
313.80000000000000000000   10
313.90000000000000000000   8
314.00000000000000000000   15
314.10000000000000000000   11
314.20000000000000000000   10
314.30000000000000000000   11
314.40000000000000000000   15
314.50000000000000000000   13
314.60000000000000000000   10
314.70000000000000000000   11
314.80000000000000000000   11
314.90000000000000000000   10
315.00000000000000000000   9
315.10000000000000000000   12
315.20000000000000000000   9
315.30000000000000000000   9
315.40000000000000000000   6
315.50000000000000000000   5
315.60000000000000000000   6
315.70000000000000000000   11
315.80000000000000000000   6
315.90000000000000000000   7
316.00000000000000000000   7
316.10000000000000000000   9
316.20000000000000000000   6
316.30000000000000000000   9
316.40000000000000000000   8
316.50000000000000000000   5
316.60000000000000000000   6
316.70000000000000000000   6
316.80000000000000000000   4
316.90000000000000000000   4
317.00000000000000000000   6
317.10000000000000000000   9
317.20000000000000000000   8
317.30000000000000000000   11
317.40000000000000000000   9
317.50000000000000000000   8
317.60000000000000000000   8
317.70000000000000000000   3
317.80000000000000000000   5
317.90000000000000000000   8
318.00000000000000000000   4
318.10000000000000000000   4
318.20000000000000000000   9
318.30000000000000000000   6
318.40000000000000000000   8
318.50000000000000000000   5
318.60000000000000000000   4
318.70000000000000000000   5
318.80000000000000000000   4
318.90000000000000000000   5
319.00000000000000000000   4
319.10000000000000000000   4
319.20000000000000000000   5
319.30000000000000000000   5
319.40000000000000000000   7
319.50000000000000000000   8
319.60000000000000000000   9
319.70000000000000000000   4
319.80000000000000000000   7
319.90000000000000000000   5
320.00000000000000000000   9
320.10000000000000000000   13
320.20000000000000000000   6
320.30000000000000000000   4
320.40000000000000000000   12
320.50000000000000000000   6
320.60000000000000000000   5
320.70000000000000000000   6
320.80000000000000000000   8
320.90000000000000000000   9
321.00000000000000000000   9
321.10000000000000000000   8
321.20000000000000000000   6
321.30000000000000000000   8
321.40000000000000000000   6
321.50000000000000000000   8
321.60000000000000000000   11
321.70000000000000000000   5
321.80000000000000000000   4
321.90000000000000000000   4
322.00000000000000000000   5
322.10000000000000000000   0
322.20000000000000000000   0
322.30000000000000000000   0
322.40000000000000000000   0
322.50000000000000000000   0
322.60000000000000000000   2
322.70000000000000000000   4
322.80000000000000000000   3
322.90000000000000000000   5
323.00000000000000000000   7
323.10000000000000000000   6
323.20000000000000000000   5
323.30000000000000000000   6
323.40000000000000000000   9
323.50000000000000000000   10
323.60000000000000000000   10
323.70000000000000000000   5
323.80000000000000000000   4
323.90000000000000000000   7
324.00000000000000000000   3
324.10000000000000000000   6
324.20000000000000000000   10
324.30000000000000000000   10
324.40000000000000000000   10
324.50000000000000000000   9
324.60000000000000000000   10
324.70000000000000000000   9
324.80000000000000000000   8
324.90000000000000000000   10
325.00000000000000000000   9
325.10000000000000000000   10
325.20000000000000000000   9
325.30000000000000000000   10
325.40000000000000000000   11
325.50000000000000000000   10
325.60000000000000000000   10
325.70000000000000000000   7
325.80000000000000000000   7
325.90000000000000000000   5
326.00000000000000000000   9
326.10000000000000000000   10
326.20000000000000000000   10
326.30000000000000000000   14
326.40000000000000000000   9
326.50000000000000000000   13
326.60000000000000000000   13
326.70000000000000000000   8
326.80000000000000000000   10
326.90000000000000000000   11
327.00000000000000000000   8
327.10000000000000000000   10
327.20000000000000000000   12
327.30000000000000000000   12
327.40000000000000000000   13
327.50000000000000000000   11
327.60000000000000000000   7
327.70000000000000000000   11
327.80000000000000000000   11
327.90000000000000000000   5
328.00000000000000000000   7
328.10000000000000000000   6
328.20000000000000000000   4
328.30000000000000000000   4
328.40000000000000000000   6
328.50000000000000000000   9
328.60000000000000000000   8
328.70000000000000000000   2
328.80000000000000000000   6
328.90000000000000000000   3
329.00000000000000000000   1
329.10000000000000000000   1
329.20000000000000000000   4
329.30000000000000000000   8
329.40000000000000000000   5
329.50000000000000000000   3
329.60000000000000000000   5
329.70000000000000000000   5
329.80000000000000000000   5
329.90000000000000000000   7
330.00000000000000000000   7
330.10000000000000000000   5
330.20000000000000000000   7
330.30000000000000000000   5
330.40000000000000000000   5
330.50000000000000000000   2
330.60000000000000000000   3
330.70000000000000000000   1
330.80000000000000000000   4
330.90000000000000000000   3
331.00000000000000000000   1
331.10000000000000000000   1
331.20000000000000000000   0
331.30000000000000000000   5
331.40000000000000000000   5
331.50000000000000000000   6
331.60000000000000000000   3
331.70000000000000000000   7
331.80000000000000000000   5
331.90000000000000000000   4
332.00000000000000000000   8
332.10000000000000000000   4
332.20000000000000000000   11
332.30000000000000000000   8
332.40000000000000000000   9
332.50000000000000000000   7
332.60000000000000000000   5
332.70000000000000000000   6
332.80000000000000000000   6
332.90000000000000000000   3
333.00000000000000000000   5
333.10000000000000000000   0
333.20000000000000000000   4
333.30000000000000000000   2
333.40000000000000000000   1
333.50000000000000000000   1
333.60000000000000000000   4
333.70000000000000000000   1
333.80000000000000000000   1
333.90000000000000000000   1
334.00000000000000000000   1
334.10000000000000000000   3
334.20000000000000000000   3
334.30000000000000000000   4
334.40000000000000000000   3
334.50000000000000000000   3
334.60000000000000000000   7
334.70000000000000000000   7
334.80000000000000000000   8
334.90000000000000000000   7
335.00000000000000000000   4
335.10000000000000000000   8
335.20000000000000000000   9
335.30000000000000000000   8
335.40000000000000000000   11
335.50000000000000000000   11
335.60000000000000000000   10
335.70000000000000000000   5
335.80000000000000000000   9
335.90000000000000000000   5
336.00000000000000000000   4
336.10000000000000000000   4
336.20000000000000000000   6
336.30000000000000000000   2
336.40000000000000000000   6
336.50000000000000000000   5
336.60000000000000000000   8
336.70000000000000000000   6
336.80000000000000000000   7
336.90000000000000000000   6
337.00000000000000000000   7
337.10000000000000000000   9
337.20000000000000000000   10
337.30000000000000000000   9
337.40000000000000000000   9
337.50000000000000000000   5
337.60000000000000000000   3
337.70000000000000000000   4
337.80000000000000000000   7
337.90000000000000000000   11
338.00000000000000000000   6
338.10000000000000000000   11
338.20000000000000000000   10
338.30000000000000000000   13
338.40000000000000000000   11
338.50000000000000000000   12
338.60000000000000000000   14
338.70000000000000000000   10
338.80000000000000000000   9
338.90000000000000000000   10
339.00000000000000000000   10
339.10000000000000000000   13
339.20000000000000000000   12
339.30000000000000000000   12
339.40000000000000000000   13
339.50000000000000000000   9
339.60000000000000000000   11
339.70000000000000000000   14
339.80000000000000000000   13
339.90000000000000000000   14
340.00000000000000000000   16
340.10000000000000000000   15
340.20000000000000000000   11
340.30000000000000000000   11
340.40000000000000000000   13
340.50000000000000000000   11
340.60000000000000000000   11
340.70000000000000000000   10
340.80000000000000000000   13
340.90000000000000000000   11
341.00000000000000000000   13
341.10000000000000000000   13
341.20000000000000000000   9
341.30000000000000000000   11
341.40000000000000000000   11
341.50000000000000000000   11
341.60000000000000000000   12
341.70000000000000000000   10
341.80000000000000000000   11
341.90000000000000000000   10
342.00000000000000000000   12
342.10000000000000000000   12
342.20000000000000000000   13
342.30000000000000000000   14
342.40000000000000000000   11
342.50000000000000000000   13
342.60000000000000000000   11
342.70000000000000000000   9
342.80000000000000000000   9
342.90000000000000000000   11
343.00000000000000000000   13
343.10000000000000000000   13
343.20000000000000000000   11
343.30000000000000000000   14
343.40000000000000000000   12
343.50000000000000000000   9
343.60000000000000000000   7
343.70000000000000000000   7
343.80000000000000000000   10
343.90000000000000000000   8
344.00000000000000000000   6
344.10000000000000000000   4
344.20000000000000000000   1
344.30000000000000000000   0
344.40000000000000000000   5
344.50000000000000000000   5
344.60000000000000000000   2
344.70000000000000000000   1
344.80000000000000000000   1
344.90000000000000000000   1
345.00000000000000000000   4
345.10000000000000000000   3
345.20000000000000000000   4
345.30000000000000000000   1
345.40000000000000000000   1
345.50000000000000000000   4
345.60000000000000000000   3
345.70000000000000000000   3
345.80000000000000000000   4
345.90000000000000000000   5
346.00000000000000000000   5
346.10000000000000000000   6
346.20000000000000000000   11
346.30000000000000000000   11
346.40000000000000000000   8
346.50000000000000000000   9
346.60000000000000000000   6
346.70000000000000000000   10
346.80000000000000000000   11
346.90000000000000000000   8
347.00000000000000000000   4
347.10000000000000000000   5
347.20000000000000000000   0
347.30000000000000000000   2
347.40000000000000000000   5
347.50000000000000000000   1
347.60000000000000000000   2
347.70000000000000000000   0
347.80000000000000000000   1
347.90000000000000000000   1
348.00000000000000000000   3
348.10000000000000000000   0
348.20000000000000000000   0
348.30000000000000000000   2
348.40000000000000000000   2
348.50000000000000000000   2
348.60000000000000000000   2
348.70000000000000000000   9
348.80000000000000000000   3
348.90000000000000000000   3
349.00000000000000000000   3
349.10000000000000000000   4
349.20000000000000000000   2
349.30000000000000000000   3
349.40000000000000000000   1
349.50000000000000000000   0
349.60000000000000000000   1
349.70000000000000000000   1
349.80000000000000000000   2
349.90000000000000000000   4
350.00000000000000000000   6
350.10000000000000000000   5
350.20000000000000000000   4
350.30000000000000000000   5
350.40000000000000000000   4
350.50000000000000000000   3
350.60000000000000000000   4
350.70000000000000000000   5
350.80000000000000000000   4
350.90000000000000000000   6
351.00000000000000000000   4
351.10000000000000000000   7
351.20000000000000000000   8
351.30000000000000000000   10
351.40000000000000000000   7
351.50000000000000000000   7
351.60000000000000000000   9
351.70000000000000000000   11
351.80000000000000000000   6
351.90000000000000000000   3
352.00000000000000000000   7
352.10000000000000000000   10
352.20000000000000000000   8
352.30000000000000000000   7
352.40000000000000000000   10
352.50000000000000000000   7
352.60000000000000000000   6
352.70000000000000000000   6
352.80000000000000000000   5
352.90000000000000000000   7
353.00000000000000000000   4
353.10000000000000000000   9
353.20000000000000000000   7
353.30000000000000000000   3
353.40000000000000000000   6
353.50000000000000000000   10
353.60000000000000000000   7
353.70000000000000000000   4
353.80000000000000000000   11
353.90000000000000000000   11
354.00000000000000000000   15
354.10000000000000000000   13
354.20000000000000000000   12
354.30000000000000000000   12
354.40000000000000000000   8
354.50000000000000000000   1
354.60000000000000000000   4
354.70000000000000000000   5
354.80000000000000000000   0
354.90000000000000000000   0
355.00000000000000000000   3
355.10000000000000000000   0
355.20000000000000000000   5
355.30000000000000000000   5
355.40000000000000000000   7
355.50000000000000000000   4
355.60000000000000000000   4
355.70000000000000000000   6
355.80000000000000000000   4
355.90000000000000000000   5
356.00000000000000000000   1
356.10000000000000000000   6
356.20000000000000000000   2
356.30000000000000000000   6
356.40000000000000000000   5
356.50000000000000000000   6
356.60000000000000000000   9
356.70000000000000000000   6
356.80000000000000000000   6
356.90000000000000000000   8
357.00000000000000000000   6
357.10000000000000000000   6
357.20000000000000000000   8
357.30000000000000000000   5
357.40000000000000000000   5
357.50000000000000000000   1
357.60000000000000000000   6
357.70000000000000000000   6
357.80000000000000000000   1
357.90000000000000000000   3
358.00000000000000000000   2
358.10000000000000000000   4
358.20000000000000000000   1
358.30000000000000000000   1
358.40000000000000000000   3
358.50000000000000000000   6
358.60000000000000000000   4
358.70000000000000000000   4
358.80000000000000000000   4
358.90000000000000000000   5
359.00000000000000000000   5
359.10000000000000000000   6
359.20000000000000000000   5
359.30000000000000000000   6
359.40000000000000000000   6
359.50000000000000000000   9
359.60000000000000000000   2
359.70000000000000000000   4
359.80000000000000000000   5
359.90000000000000000000   5
360.00000000000000000000   5
360.10000000000000000000   8
360.20000000000000000000   6
360.30000000000000000000   11
360.40000000000000000000   8
360.50000000000000000000   7
360.60000000000000000000   3
360.70000000000000000000   2
360.80000000000000000000   5
360.90000000000000000000   7
361.00000000000000000000   4
361.10000000000000000000   6
361.20000000000000000000   6
361.30000000000000000000   2
361.40000000000000000000   3
361.50000000000000000000   1
361.60000000000000000000   0
361.70000000000000000000   1
361.80000000000000000000   7
361.90000000000000000000   1
362.00000000000000000000   6
362.10000000000000000000   8
362.20000000000000000000   6
362.30000000000000000000   7
362.40000000000000000000   5
362.50000000000000000000   6
362.60000000000000000000   4
362.70000000000000000000   5
362.80000000000000000000   7
362.90000000000000000000   6
363.00000000000000000000   6
363.10000000000000000000   7
363.20000000000000000000   10
363.30000000000000000000   7
363.40000000000000000000   7
363.50000000000000000000   2
363.60000000000000000000   3
363.70000000000000000000   6
363.80000000000000000000   3
363.90000000000000000000   4
364.00000000000000000000   6
364.10000000000000000000   7
364.20000000000000000000   5
364.30000000000000000000   5
364.40000000000000000000   0
364.50000000000000000000   5
364.60000000000000000000   4
364.70000000000000000000   6
364.80000000000000000000   3
364.90000000000000000000   0
365.00000000000000000000   1
365.10000000000000000000   3
365.20000000000000000000   4
365.30000000000000000000   3
365.40000000000000000000   7
365.50000000000000000000   2
365.60000000000000000000   0
365.70000000000000000000   0
365.80000000000000000000   3
365.90000000000000000000   7
366.00000000000000000000   6
366.10000000000000000000   5
366.20000000000000000000   7
366.30000000000000000000   7
366.40000000000000000000   3
366.50000000000000000000   5
366.60000000000000000000   6
366.70000000000000000000   6
366.80000000000000000000   12
366.90000000000000000000   10
367.00000000000000000000   4
367.10000000000000000000   7
367.20000000000000000000   9
367.30000000000000000000   9
367.40000000000000000000   12
367.50000000000000000000   15
367.60000000000000000000   8
367.70000000000000000000   6
367.80000000000000000000   10
367.90000000000000000000   12
368.00000000000000000000   10
368.10000000000000000000   13
368.20000000000000000000   11
368.30000000000000000000   9
368.40000000000000000000   11
368.50000000000000000000   8
368.60000000000000000000   9
368.70000000000000000000   11
368.80000000000000000000   10
368.90000000000000000000   6
369.00000000000000000000   4
369.10000000000000000000   6
369.20000000000000000000   6
369.30000000000000000000   5
369.40000000000000000000   7
369.50000000000000000000   2
369.60000000000000000000   2
369.70000000000000000000   4
369.80000000000000000000   5
369.90000000000000000000   6
370.00000000000000000000   6
370.10000000000000000000   4
370.20000000000000000000   5
370.30000000000000000000   5
370.40000000000000000000   3
370.50000000000000000000   3
370.60000000000000000000   2
370.70000000000000000000   1
370.80000000000000000000   2
370.90000000000000000000   1
371.00000000000000000000   3
371.10000000000000000000   4
371.20000000000000000000   4
371.30000000000000000000   3
371.40000000000000000000   4
371.50000000000000000000   4
371.60000000000000000000   3
371.70000000000000000000   3
371.80000000000000000000   4
371.90000000000000000000   4
372.00000000000000000000   4
372.10000000000000000000   5
372.20000000000000000000   5
372.30000000000000000000   7
372.40000000000000000000   8
372.50000000000000000000   5
372.60000000000000000000   4
372.70000000000000000000   4
372.80000000000000000000   5
372.90000000000000000000   2
373.00000000000000000000   3
373.10000000000000000000   5
373.20000000000000000000   3
373.30000000000000000000   3
373.40000000000000000000   2
373.50000000000000000000   3
373.60000000000000000000   2
373.70000000000000000000   2
373.80000000000000000000   3
373.90000000000000000000   6
374.00000000000000000000   3
374.10000000000000000000   5
374.20000000000000000000   6
374.30000000000000000000   9
374.40000000000000000000   6
374.50000000000000000000   4
374.60000000000000000000   2
374.70000000000000000000   3
374.80000000000000000000   3
374.90000000000000000000   8
375.00000000000000000000   7
375.10000000000000000000   9
375.20000000000000000000   10
375.30000000000000000000   11
375.40000000000000000000   3
375.50000000000000000000   10
375.60000000000000000000   11
375.70000000000000000000   8
375.80000000000000000000   9
375.90000000000000000000   10
376.00000000000000000000   10
376.10000000000000000000   4
376.20000000000000000000   6
376.30000000000000000000   6
376.40000000000000000000   5
376.50000000000000000000   8
376.60000000000000000000   8
376.70000000000000000000   11
376.80000000000000000000   7
376.90000000000000000000   8
377.00000000000000000000   7
377.10000000000000000000   7
377.20000000000000000000   12
377.30000000000000000000   11
377.40000000000000000000   7
377.50000000000000000000   11
377.60000000000000000000   12
377.70000000000000000000   11
377.80000000000000000000   8
377.90000000000000000000   7
378.00000000000000000000   7
378.10000000000000000000   8
378.20000000000000000000   8
378.30000000000000000000   7
378.40000000000000000000   6
378.50000000000000000000   8
378.60000000000000000000   8
378.70000000000000000000   9
378.80000000000000000000   10
378.90000000000000000000   7
379.00000000000000000000   8
379.10000000000000000000   9
379.20000000000000000000   11
379.30000000000000000000   8
379.40000000000000000000   3
379.50000000000000000000   6
379.60000000000000000000   7
379.70000000000000000000   8
379.80000000000000000000   7
379.90000000000000000000   12
380.00000000000000000000   13
380.10000000000000000000   7
380.20000000000000000000   13
380.30000000000000000000   11
380.40000000000000000000   6
380.50000000000000000000   7
380.60000000000000000000   4
380.70000000000000000000   6
380.80000000000000000000   12
380.90000000000000000000   6
381.00000000000000000000   6
381.10000000000000000000   5
381.20000000000000000000   5
381.30000000000000000000   5
381.40000000000000000000   5
381.50000000000000000000   8
381.60000000000000000000   4
381.70000000000000000000   3
381.80000000000000000000   4
381.90000000000000000000   3
382.00000000000000000000   2
382.10000000000000000000   4
382.20000000000000000000   2
382.30000000000000000000   4
382.40000000000000000000   8
382.50000000000000000000   4
382.60000000000000000000   7
382.70000000000000000000   9
382.80000000000000000000   8
382.90000000000000000000   11
383.00000000000000000000   8
383.10000000000000000000   8
383.20000000000000000000   5
383.30000000000000000000   8
383.40000000000000000000   7
383.50000000000000000000   6
383.60000000000000000000   7
383.70000000000000000000   6
383.80000000000000000000   5
383.90000000000000000000   10
384.00000000000000000000   10
384.10000000000000000000   10
384.20000000000000000000   8
384.30000000000000000000   8
384.40000000000000000000   7
384.50000000000000000000   4
384.60000000000000000000   9
384.70000000000000000000   12
384.80000000000000000000   9
384.90000000000000000000   8
385.00000000000000000000   9
385.10000000000000000000   7
385.20000000000000000000   9
385.30000000000000000000   10
385.40000000000000000000   12
385.50000000000000000000   11
385.60000000000000000000   13
385.70000000000000000000   9
385.80000000000000000000   4
385.90000000000000000000   9
386.00000000000000000000   7
386.10000000000000000000   9
386.20000000000000000000   7
386.30000000000000000000   10
386.40000000000000000000   6
386.50000000000000000000   10
386.60000000000000000000   6
386.70000000000000000000   13
386.80000000000000000000   13
386.90000000000000000000   5
387.00000000000000000000   6
387.10000000000000000000   9
387.20000000000000000000   7
387.30000000000000000000   6
387.40000000000000000000   8
387.50000000000000000000   9
387.60000000000000000000   5
387.70000000000000000000   8
387.80000000000000000000   9
387.90000000000000000000   11
388.00000000000000000000   11
388.10000000000000000000   13
388.20000000000000000000   12
388.30000000000000000000   12
388.40000000000000000000   14
388.50000000000000000000   10
388.60000000000000000000   12
388.70000000000000000000   8
388.80000000000000000000   11
388.90000000000000000000   8
389.00000000000000000000   7
389.10000000000000000000   5
389.20000000000000000000   5
389.30000000000000000000   7
389.40000000000000000000   2
389.50000000000000000000   3
389.60000000000000000000   7
389.70000000000000000000   5
389.80000000000000000000   3
389.90000000000000000000   5
390.00000000000000000000   7
390.10000000000000000000   5
390.20000000000000000000   6
390.30000000000000000000   6
390.40000000000000000000   6
390.50000000000000000000   10
390.60000000000000000000   9
390.70000000000000000000   8
390.80000000000000000000   7
390.90000000000000000000   9
391.00000000000000000000   10
391.10000000000000000000   10
391.20000000000000000000   11
391.30000000000000000000   13
391.40000000000000000000   9
391.50000000000000000000   9
391.60000000000000000000   11
391.70000000000000000000   8
391.80000000000000000000   10
391.90000000000000000000   11
392.00000000000000000000   11
392.10000000000000000000   9
392.20000000000000000000   9
392.30000000000000000000   12
392.40000000000000000000   12
392.50000000000000000000   9
392.60000000000000000000   9
392.70000000000000000000   12
392.80000000000000000000   9
392.90000000000000000000   6
393.00000000000000000000   8
393.10000000000000000000   9
393.20000000000000000000   8
393.30000000000000000000   6
393.40000000000000000000   9
393.50000000000000000000   5
393.60000000000000000000   9
393.70000000000000000000   10
393.80000000000000000000   6
393.90000000000000000000   8
394.00000000000000000000   11
394.10000000000000000000   9
394.20000000000000000000   11
394.30000000000000000000   11
394.40000000000000000000   15
394.50000000000000000000   10
394.60000000000000000000   8
394.70000000000000000000   12
394.80000000000000000000   13
394.90000000000000000000   10
395.00000000000000000000   14
395.10000000000000000000   10
395.20000000000000000000   9
395.30000000000000000000   9
395.40000000000000000000   5
395.50000000000000000000   5
395.60000000000000000000   6
395.70000000000000000000   7
395.80000000000000000000   5
395.90000000000000000000   4
396.00000000000000000000   2
396.10000000000000000000   2
396.20000000000000000000   0
396.30000000000000000000   0
396.40000000000000000000   4
396.50000000000000000000   3
396.60000000000000000000   2
396.70000000000000000000   3
396.80000000000000000000   4
396.90000000000000000000   4
397.00000000000000000000   1
397.10000000000000000000   7
397.20000000000000000000   3
397.30000000000000000000   2
397.40000000000000000000   3
397.50000000000000000000   1
397.60000000000000000000   4
397.70000000000000000000   0
397.80000000000000000000   0
397.90000000000000000000   1
398.00000000000000000000   1
398.10000000000000000000   4
398.20000000000000000000   3
398.30000000000000000000   3
398.40000000000000000000   5
398.50000000000000000000   3
398.60000000000000000000   2
398.70000000000000000000   1
398.80000000000000000000   2
398.90000000000000000000   2
399.00000000000000000000   7
399.10000000000000000000   6
399.20000000000000000000   3
399.30000000000000000000   6
399.40000000000000000000   1
399.50000000000000000000   1
399.60000000000000000000   1
399.70000000000000000000   4
