200.00000000000000000000   23
200.10000000000000000000   25
200.20000000000000000000   25
200.30000000000000000000   25
200.40000000000000000000   25
200.50000000000000000000   25
200.60000000000000000000   24
200.70000000000000000000   27
200.80000000000000000000   25
200.90000000000000000000   22
201.00000000000000000000   21
201.10000000000000000000   16
201.20000000000000000000   19
201.30000000000000000000   20
201.40000000000000000000   20
201.50000000000000000000   21
201.60000000000000000000   24
201.70000000000000000000   21
201.80000000000000000000   24
201.90000000000000000000   19
202.00000000000000000000   20
202.10000000000000000000   22
202.20000000000000000000   20
202.30000000000000000000   16
202.40000000000000000000   23
202.50000000000000000000   21
202.60000000000000000000   18
202.70000000000000000000   23
202.80000000000000000000   22
202.90000000000000000000   20
203.00000000000000000000   23
203.10000000000000000000   19
203.20000000000000000000   19
203.30000000000000000000   19
203.40000000000000000000   19
203.50000000000000000000   22
203.60000000000000000000   21
203.70000000000000000000   20
203.80000000000000000000   16
203.90000000000000000000   18
204.00000000000000000000   19
204.10000000000000000000   21
204.20000000000000000000   20
204.30000000000000000000   22
204.40000000000000000000   18
204.50000000000000000000   19
204.60000000000000000000   18
204.70000000000000000000   19
204.80000000000000000000   17
204.90000000000000000000   13
205.00000000000000000000   16
205.10000000000000000000   21
205.20000000000000000000   19
205.30000000000000000000   18
205.40000000000000000000   20
205.50000000000000000000   20
205.60000000000000000000   17
205.70000000000000000000   18
205.80000000000000000000   13
205.90000000000000000000   19
206.00000000000000000000   17
206.10000000000000000000   20
206.20000000000000000000   18
206.30000000000000000000   21
206.40000000000000000000   20
206.50000000000000000000   18
206.60000000000000000000   23
206.70000000000000000000   21
206.80000000000000000000   20
206.90000000000000000000   23
207.00000000000000000000   27
207.10000000000000000000   29
207.20000000000000000000   26
207.30000000000000000000   27
207.40000000000000000000   25
207.50000000000000000000   23
207.60000000000000000000   27
207.70000000000000000000   25
207.80000000000000000000   25
207.90000000000000000000   26
208.00000000000000000000   27
208.10000000000000000000   27
208.20000000000000000000   27
208.30000000000000000000   27
208.40000000000000000000   26
208.50000000000000000000   23
208.60000000000000000000   26
208.70000000000000000000   24
208.80000000000000000000   25
208.90000000000000000000   24
209.00000000000000000000   25
209.10000000000000000000   27
209.20000000000000000000   25
209.30000000000000000000   23
209.40000000000000000000   24
209.50000000000000000000   27
209.60000000000000000000   25
209.70000000000000000000   29
209.80000000000000000000   28
209.90000000000000000000   25
210.00000000000000000000   30
210.10000000000000000000   28
210.20000000000000000000   28
210.30000000000000000000   27
210.40000000000000000000   27
210.50000000000000000000   21
210.60000000000000000000   30
210.70000000000000000000   27
210.80000000000000000000   24
210.90000000000000000000   25
211.00000000000000000000   26
211.10000000000000000000   30
211.20000000000000000000   24
211.30000000000000000000   28
211.40000000000000000000   34
211.50000000000000000000   26
211.60000000000000000000   26
211.70000000000000000000   26
211.80000000000000000000   25
211.90000000000000000000   28
212.00000000000000000000   27
212.10000000000000000000   27
212.20000000000000000000   25
212.30000000000000000000   25
212.40000000000000000000   26
212.50000000000000000000   30
212.60000000000000000000   29
212.70000000000000000000   29
212.80000000000000000000   26
212.90000000000000000000   27
213.00000000000000000000   28
213.10000000000000000000   28
213.20000000000000000000   23
213.30000000000000000000   26
213.40000000000000000000   26
213.50000000000000000000   26
213.60000000000000000000   23
213.70000000000000000000   24
213.80000000000000000000   24
213.90000000000000000000   22
214.00000000000000000000   25
214.10000000000000000000   25
214.20000000000000000000   23
214.30000000000000000000   25
214.40000000000000000000   20
214.50000000000000000000   19
214.60000000000000000000   21
214.70000000000000000000   26
214.80000000000000000000   24
214.90000000000000000000   26
215.00000000000000000000   23
215.10000000000000000000   27
215.20000000000000000000   22
215.30000000000000000000   20
215.40000000000000000000   21
215.50000000000000000000   17
215.60000000000000000000   22
215.70000000000000000000   19
215.80000000000000000000   18
215.90000000000000000000   16
216.00000000000000000000   20
216.10000000000000000000   21
216.20000000000000000000   23
216.30000000000000000000   24
216.40000000000000000000   21
216.50000000000000000000   21
216.60000000000000000000   21
216.70000000000000000000   19
216.80000000000000000000   18
216.90000000000000000000   19
217.00000000000000000000   21
217.10000000000000000000   19
217.20000000000000000000   18
217.30000000000000000000   21
217.40000000000000000000   21
217.50000000000000000000   17
217.60000000000000000000   17
217.70000000000000000000   16
217.80000000000000000000   20
217.90000000000000000000   21
218.00000000000000000000   18
218.10000000000000000000   21
218.20000000000000000000   21
218.30000000000000000000   18
218.40000000000000000000   18
218.50000000000000000000   21
218.60000000000000000000   15
218.70000000000000000000   21
218.80000000000000000000   18
218.90000000000000000000   17
219.00000000000000000000   22
219.10000000000000000000   22
219.20000000000000000000   21
219.30000000000000000000   21
219.40000000000000000000   19
219.50000000000000000000   20
219.60000000000000000000   22
219.70000000000000000000   19
219.80000000000000000000   20
219.90000000000000000000   20
220.00000000000000000000   19
220.10000000000000000000   19
220.20000000000000000000   17
220.30000000000000000000   21
220.40000000000000000000   16
220.50000000000000000000   17
220.60000000000000000000   14
220.70000000000000000000   14
220.80000000000000000000   13
220.90000000000000000000   18
221.00000000000000000000   20
221.10000000000000000000   20
221.20000000000000000000   21
221.30000000000000000000   16
221.40000000000000000000   22
221.50000000000000000000   15
221.60000000000000000000   12
221.70000000000000000000   14
221.80000000000000000000   9
221.90000000000000000000   15
222.00000000000000000000   15
222.10000000000000000000   17
222.20000000000000000000   12
222.30000000000000000000   14
222.40000000000000000000   14
222.50000000000000000000   17
222.60000000000000000000   18
222.70000000000000000000   13
222.80000000000000000000   14
222.90000000000000000000   12
223.00000000000000000000   11
223.10000000000000000000   21
223.20000000000000000000   20
223.30000000000000000000   14
223.40000000000000000000   19
223.50000000000000000000   14
223.60000000000000000000   16
223.70000000000000000000   17
223.80000000000000000000   15
223.90000000000000000000   14
224.00000000000000000000   16
224.10000000000000000000   14
224.20000000000000000000   16
224.30000000000000000000   14
224.40000000000000000000   18
224.50000000000000000000   18
224.60000000000000000000   19
224.70000000000000000000   16
224.80000000000000000000   13
224.90000000000000000000   13
225.00000000000000000000   19
225.10000000000000000000   14
225.20000000000000000000   15
225.30000000000000000000   14
225.40000000000000000000   19
225.50000000000000000000   20
225.60000000000000000000   20
225.70000000000000000000   18
225.80000000000000000000   18
225.90000000000000000000   15
226.00000000000000000000   11
226.10000000000000000000   15
226.20000000000000000000   12
226.30000000000000000000   14
226.40000000000000000000   15
226.50000000000000000000   15
226.60000000000000000000   17
226.70000000000000000000   16
226.80000000000000000000   19
226.90000000000000000000   16
227.00000000000000000000   16
227.10000000000000000000   12
227.20000000000000000000   14
227.30000000000000000000   11
227.40000000000000000000   15
227.50000000000000000000   18
227.60000000000000000000   16
227.70000000000000000000   10
227.80000000000000000000   13
227.90000000000000000000   15
228.00000000000000000000   14
228.10000000000000000000   12
228.20000000000000000000   13
228.30000000000000000000   14
228.40000000000000000000   15
228.50000000000000000000   12
228.60000000000000000000   13
228.70000000000000000000   15
228.80000000000000000000   11
228.90000000000000000000   9
229.00000000000000000000   10
229.10000000000000000000   12
229.20000000000000000000   15
229.30000000000000000000   17
229.40000000000000000000   10
229.50000000000000000000   13
229.60000000000000000000   14
229.70000000000000000000   12
229.80000000000000000000   11
229.90000000000000000000   10
230.00000000000000000000   19
230.10000000000000000000   14
230.20000000000000000000   13
230.30000000000000000000   13
230.40000000000000000000   10
230.50000000000000000000   12
230.60000000000000000000   14
230.70000000000000000000   12
230.80000000000000000000   16
230.90000000000000000000   12
231.00000000000000000000   12
231.10000000000000000000   12
231.20000000000000000000   15
231.30000000000000000000   15
231.40000000000000000000   14
231.50000000000000000000   19
231.60000000000000000000   12
231.70000000000000000000   9
231.80000000000000000000   11
231.90000000000000000000   11
232.00000000000000000000   11
232.10000000000000000000   11
232.20000000000000000000   11
232.30000000000000000000   12
232.40000000000000000000   13
232.50000000000000000000   14
232.60000000000000000000   11
232.70000000000000000000   10
232.80000000000000000000   16
232.90000000000000000000   18
233.00000000000000000000   17
233.10000000000000000000   19
233.20000000000000000000   15
233.30000000000000000000   15
233.40000000000000000000   15
233.50000000000000000000   11
233.60000000000000000000   17
233.70000000000000000000   13
233.80000000000000000000   13
233.90000000000000000000   11
234.00000000000000000000   13
234.10000000000000000000   14
234.20000000000000000000   16
234.30000000000000000000   18
234.40000000000000000000   18
234.50000000000000000000   20
234.60000000000000000000   17
234.70000000000000000000   18
234.80000000000000000000   18
234.90000000000000000000   15
235.00000000000000000000   16
235.10000000000000000000   15
235.20000000000000000000   17
235.30000000000000000000   12
235.40000000000000000000   16
235.50000000000000000000   18
235.60000000000000000000   15
235.70000000000000000000   17
235.80000000000000000000   17
235.90000000000000000000   14
236.00000000000000000000   18
236.10000000000000000000   11
236.20000000000000000000   19
236.30000000000000000000   16
236.40000000000000000000   15
236.50000000000000000000   12
236.60000000000000000000   13
236.70000000000000000000   16
236.80000000000000000000   15
236.90000000000000000000   11
237.00000000000000000000   18
237.10000000000000000000   14
237.20000000000000000000   15
237.30000000000000000000   17
237.40000000000000000000   14
237.50000000000000000000   17
237.60000000000000000000   15
237.70000000000000000000   14
237.80000000000000000000   12
237.90000000000000000000   10
238.00000000000000000000   12
238.10000000000000000000   11
238.20000000000000000000   8
238.30000000000000000000   12
238.40000000000000000000   11
238.50000000000000000000   11
238.60000000000000000000   10
238.70000000000000000000   9
238.80000000000000000000   12
238.90000000000000000000   12
239.00000000000000000000   11
239.10000000000000000000   9
239.20000000000000000000   16
239.30000000000000000000   16
239.40000000000000000000   14
239.50000000000000000000   13
239.60000000000000000000   11
239.70000000000000000000   13
239.80000000000000000000   11
239.90000000000000000000   11
240.00000000000000000000   13
240.10000000000000000000   9
240.20000000000000000000   18
240.30000000000000000000   23
240.40000000000000000000   21
240.50000000000000000000   23
240.60000000000000000000   24
240.70000000000000000000   22
240.80000000000000000000   20
240.90000000000000000000   21
241.00000000000000000000   21
241.10000000000000000000   19
241.20000000000000000000   17
241.30000000000000000000   19
241.40000000000000000000   13
241.50000000000000000000   23
241.60000000000000000000   22
241.70000000000000000000   16
241.80000000000000000000   19
241.90000000000000000000   17
242.00000000000000000000   14
242.10000000000000000000   20
242.20000000000000000000   20
242.30000000000000000000   21
242.40000000000000000000   20
242.50000000000000000000   14
242.60000000000000000000   21
242.70000000000000000000   19
242.80000000000000000000   19
242.90000000000000000000   20
243.00000000000000000000   16
243.10000000000000000000   20
243.20000000000000000000   17
243.30000000000000000000   16
243.40000000000000000000   15
243.50000000000000000000   11
243.60000000000000000000   19
243.70000000000000000000   19
243.80000000000000000000   20
243.90000000000000000000   21
244.00000000000000000000   19
244.10000000000000000000   18
244.20000000000000000000   20
244.30000000000000000000   20
244.40000000000000000000   20
244.50000000000000000000   21
244.60000000000000000000   22
244.70000000000000000000   19
244.80000000000000000000   18
244.90000000000000000000   19
245.00000000000000000000   21
245.10000000000000000000   19
245.20000000000000000000   22
245.30000000000000000000   21
245.40000000000000000000   22
245.50000000000000000000   19
245.60000000000000000000   19
245.70000000000000000000   27
245.80000000000000000000   15
245.90000000000000000000   15
246.00000000000000000000   17
246.10000000000000000000   18
246.20000000000000000000   21
246.30000000000000000000   22
246.40000000000000000000   20
246.50000000000000000000   15
246.60000000000000000000   21
246.70000000000000000000   23
246.80000000000000000000   17
246.90000000000000000000   14
247.00000000000000000000   14
247.10000000000000000000   16
247.20000000000000000000   16
247.30000000000000000000   13
247.40000000000000000000   10
247.50000000000000000000   8
247.60000000000000000000   10
247.70000000000000000000   13
247.80000000000000000000   15
247.90000000000000000000   16
248.00000000000000000000   17
248.10000000000000000000   16
248.20000000000000000000   18
248.30000000000000000000   16
248.40000000000000000000   16
248.50000000000000000000   16
248.60000000000000000000   15
248.70000000000000000000   12
248.80000000000000000000   10
248.90000000000000000000   17
249.00000000000000000000   15
249.10000000000000000000   16
249.20000000000000000000   17
249.30000000000000000000   10
249.40000000000000000000   11
249.50000000000000000000   10
249.60000000000000000000   12
249.70000000000000000000   19
249.80000000000000000000   20
249.90000000000000000000   15
250.00000000000000000000   14
250.10000000000000000000   13
250.20000000000000000000   12
250.30000000000000000000   13
250.40000000000000000000   16
250.50000000000000000000   19
250.60000000000000000000   13
250.70000000000000000000   12
250.80000000000000000000   13
250.90000000000000000000   10
251.00000000000000000000   11
251.10000000000000000000   15
251.20000000000000000000   13
251.30000000000000000000   18
251.40000000000000000000   13
251.50000000000000000000   11
251.60000000000000000000   12
251.70000000000000000000   10
251.80000000000000000000   10
251.90000000000000000000   11
252.00000000000000000000   12
252.10000000000000000000   11
252.20000000000000000000   15
252.30000000000000000000   10
252.40000000000000000000   11
252.50000000000000000000   10
252.60000000000000000000   10
252.70000000000000000000   13
252.80000000000000000000   12
252.90000000000000000000   21
253.00000000000000000000   15
253.10000000000000000000   16
253.20000000000000000000   13
253.30000000000000000000   12
253.40000000000000000000   10
253.50000000000000000000   14
253.60000000000000000000   13
253.70000000000000000000   12
253.80000000000000000000   13
253.90000000000000000000   14
254.00000000000000000000   13
254.10000000000000000000   12
254.20000000000000000000   13
254.30000000000000000000   13
254.40000000000000000000   15
254.50000000000000000000   11
254.60000000000000000000   15
254.70000000000000000000   11
254.80000000000000000000   13
254.90000000000000000000   7
255.00000000000000000000   12
255.10000000000000000000   10
255.20000000000000000000   15
255.30000000000000000000   14
255.40000000000000000000   9
255.50000000000000000000   15
255.60000000000000000000   14
255.70000000000000000000   14
255.80000000000000000000   14
255.90000000000000000000   10
256.00000000000000000000   12
256.10000000000000000000   15
256.20000000000000000000   17
256.30000000000000000000   11
256.40000000000000000000   15
256.50000000000000000000   12
256.60000000000000000000   10
256.70000000000000000000   14
256.80000000000000000000   13
256.90000000000000000000   14
257.00000000000000000000   10
257.10000000000000000000   11
257.20000000000000000000   13
257.30000000000000000000   8
257.40000000000000000000   9
257.50000000000000000000   6
257.60000000000000000000   5
257.70000000000000000000   10
257.80000000000000000000   7
257.90000000000000000000   9
258.00000000000000000000   13
258.10000000000000000000   7
258.20000000000000000000   8
258.30000000000000000000   15
258.40000000000000000000   15
258.50000000000000000000   13
258.60000000000000000000   14
258.70000000000000000000   16
258.80000000000000000000   16
258.90000000000000000000   10
259.00000000000000000000   15
259.10000000000000000000   14
259.20000000000000000000   17
259.30000000000000000000   16
259.40000000000000000000   16
259.50000000000000000000   14
259.60000000000000000000   16
259.70000000000000000000   17
259.80000000000000000000   15
259.90000000000000000000   15
260.00000000000000000000   15
260.10000000000000000000   13
260.20000000000000000000   16
260.30000000000000000000   16
260.40000000000000000000   11
260.50000000000000000000   16
260.60000000000000000000   14
260.70000000000000000000   17
260.80000000000000000000   19
260.90000000000000000000   16
261.00000000000000000000   15
261.10000000000000000000   18
261.20000000000000000000   12
261.30000000000000000000   13
261.40000000000000000000   17
261.50000000000000000000   19
261.60000000000000000000   14
261.70000000000000000000   15
261.80000000000000000000   16
261.90000000000000000000   14
262.00000000000000000000   15
262.10000000000000000000   14
262.20000000000000000000   13
262.30000000000000000000   14
262.40000000000000000000   15
262.50000000000000000000   13
262.60000000000000000000   18
262.70000000000000000000   18
262.80000000000000000000   19
262.90000000000000000000   16
263.00000000000000000000   19
263.10000000000000000000   21
263.20000000000000000000   19
263.30000000000000000000   19
263.40000000000000000000   20
263.50000000000000000000   16
263.60000000000000000000   19
263.70000000000000000000   22
263.80000000000000000000   19
263.90000000000000000000   16
264.00000000000000000000   18
264.10000000000000000000   17
264.20000000000000000000   16
264.30000000000000000000   21
264.40000000000000000000   19
264.50000000000000000000   19
264.60000000000000000000   18
264.70000000000000000000   19
264.80000000000000000000   20
264.90000000000000000000   21
265.00000000000000000000   20
265.10000000000000000000   21
265.20000000000000000000   19
265.30000000000000000000   23
265.40000000000000000000   19
265.50000000000000000000   19
265.60000000000000000000   19
265.70000000000000000000   21
265.80000000000000000000   21
265.90000000000000000000   21
266.00000000000000000000   21
266.10000000000000000000   21
266.20000000000000000000   21
266.30000000000000000000   19
266.40000000000000000000   20
266.50000000000000000000   20
266.60000000000000000000   24
266.70000000000000000000   21
266.80000000000000000000   22
266.90000000000000000000   28
267.00000000000000000000   18
267.10000000000000000000   19
267.20000000000000000000   18
267.30000000000000000000   15
267.40000000000000000000   13
267.50000000000000000000   11
267.60000000000000000000   15
267.70000000000000000000   12
267.80000000000000000000   9
267.90000000000000000000   13
268.00000000000000000000   12
268.10000000000000000000   13
268.20000000000000000000   16
268.30000000000000000000   15
268.40000000000000000000   15
268.50000000000000000000   13
268.60000000000000000000   11
268.70000000000000000000   11
268.80000000000000000000   13
268.90000000000000000000   15
269.00000000000000000000   13
269.10000000000000000000   13
269.20000000000000000000   11
269.30000000000000000000   14
269.40000000000000000000   15
269.50000000000000000000   19
269.60000000000000000000   17
269.70000000000000000000   14
269.80000000000000000000   16
269.90000000000000000000   14
270.00000000000000000000   17
270.10000000000000000000   14
270.20000000000000000000   15
270.30000000000000000000   13
270.40000000000000000000   16
270.50000000000000000000   14
270.60000000000000000000   11
270.70000000000000000000   17
270.80000000000000000000   13
270.90000000000000000000   12
271.00000000000000000000   17
271.10000000000000000000   19
271.20000000000000000000   20
271.30000000000000000000   19
271.40000000000000000000   20
271.50000000000000000000   18
271.60000000000000000000   17
271.70000000000000000000   14
271.80000000000000000000   20
271.90000000000000000000   19
272.00000000000000000000   18
272.10000000000000000000   15
272.20000000000000000000   19
272.30000000000000000000   17
272.40000000000000000000   13
272.50000000000000000000   15
272.60000000000000000000   18
272.70000000000000000000   14
272.80000000000000000000   15
272.90000000000000000000   16
273.00000000000000000000   18
273.10000000000000000000   18
273.20000000000000000000   17
273.30000000000000000000   19
273.40000000000000000000   20
273.50000000000000000000   18
273.60000000000000000000   16
273.70000000000000000000   16
273.80000000000000000000   18
273.90000000000000000000   15
274.00000000000000000000   16
274.10000000000000000000   18
274.20000000000000000000   12
274.30000000000000000000   16
274.40000000000000000000   15
274.50000000000000000000   16
274.60000000000000000000   15
274.70000000000000000000   15
274.80000000000000000000   13
274.90000000000000000000   18
275.00000000000000000000   19
275.10000000000000000000   15
275.20000000000000000000   18
275.30000000000000000000   15
275.40000000000000000000   17
275.50000000000000000000   18
275.60000000000000000000   16
275.70000000000000000000   17
275.80000000000000000000   15
275.90000000000000000000   11
276.00000000000000000000   18
276.10000000000000000000   18
276.20000000000000000000   20
276.30000000000000000000   14
276.40000000000000000000   16
276.50000000000000000000   16
276.60000000000000000000   18
276.70000000000000000000   19
276.80000000000000000000   17
276.90000000000000000000   19
277.00000000000000000000   21
277.10000000000000000000   17
277.20000000000000000000   17
277.30000000000000000000   15
277.40000000000000000000   18
277.50000000000000000000   19
277.60000000000000000000   16
277.70000000000000000000   15
277.80000000000000000000   17
277.90000000000000000000   19
278.00000000000000000000   17
278.10000000000000000000   15
278.20000000000000000000   18
278.30000000000000000000   16
278.40000000000000000000   16
278.50000000000000000000   16
278.60000000000000000000   16
278.70000000000000000000   19
278.80000000000000000000   15
278.90000000000000000000   18
279.00000000000000000000   17
279.10000000000000000000   18
279.20000000000000000000   16
279.30000000000000000000   16
279.40000000000000000000   15
279.50000000000000000000   14
279.60000000000000000000   13
279.70000000000000000000   18
279.80000000000000000000   17
279.90000000000000000000   16
280.00000000000000000000   17
280.10000000000000000000   17
280.20000000000000000000   19
280.30000000000000000000   15
280.40000000000000000000   16
280.50000000000000000000   13
280.60000000000000000000   16
280.70000000000000000000   19
280.80000000000000000000   17
280.90000000000000000000   18
281.00000000000000000000   14
281.10000000000000000000   18
281.20000000000000000000   16
281.30000000000000000000   18
281.40000000000000000000   16
281.50000000000000000000   15
281.60000000000000000000   16
281.70000000000000000000   15
281.80000000000000000000   17
281.90000000000000000000   16
282.00000000000000000000   19
282.10000000000000000000   18
282.20000000000000000000   17
282.30000000000000000000   16
282.40000000000000000000   15
282.50000000000000000000   20
282.60000000000000000000   15
282.70000000000000000000   17
282.80000000000000000000   16
282.90000000000000000000   17
283.00000000000000000000   15
283.10000000000000000000   18
283.20000000000000000000   14
283.30000000000000000000   15
283.40000000000000000000   18
283.50000000000000000000   14
283.60000000000000000000   17
283.70000000000000000000   18
283.80000000000000000000   18
283.90000000000000000000   18
284.00000000000000000000   17
284.10000000000000000000   15
284.20000000000000000000   18
284.30000000000000000000   17
284.40000000000000000000   17
284.50000000000000000000   16
284.60000000000000000000   17
284.70000000000000000000   15
284.80000000000000000000   19
284.90000000000000000000   19
285.00000000000000000000   17
285.10000000000000000000   16
285.20000000000000000000   14
285.30000000000000000000   18
285.40000000000000000000   14
285.50000000000000000000   13
285.60000000000000000000   13
285.70000000000000000000   13
285.80000000000000000000   13
285.90000000000000000000   15
286.00000000000000000000   15
286.10000000000000000000   20
286.20000000000000000000   15
286.30000000000000000000   16
286.40000000000000000000   16
286.50000000000000000000   14
286.60000000000000000000   18
286.70000000000000000000   13
286.80000000000000000000   16
286.90000000000000000000   15
287.00000000000000000000   20
287.10000000000000000000   19
287.20000000000000000000   17
287.30000000000000000000   17
287.40000000000000000000   19
287.50000000000000000000   16
287.60000000000000000000   18
287.70000000000000000000   19
287.80000000000000000000   16
287.90000000000000000000   17
288.00000000000000000000   18
288.10000000000000000000   16
288.20000000000000000000   13
288.30000000000000000000   15
288.40000000000000000000   17
288.50000000000000000000   12
288.60000000000000000000   16
288.70000000000000000000   17
288.80000000000000000000   17
288.90000000000000000000   15
289.00000000000000000000   14
289.10000000000000000000   16
289.20000000000000000000   15
289.30000000000000000000   17
289.40000000000000000000   17
289.50000000000000000000   16
289.60000000000000000000   16
289.70000000000000000000   14
289.80000000000000000000   17
289.90000000000000000000   17
290.00000000000000000000   19
290.10000000000000000000   16
290.20000000000000000000   18
290.30000000000000000000   14
290.40000000000000000000   17
290.50000000000000000000   14
290.60000000000000000000   11
290.70000000000000000000   15
290.80000000000000000000   14
290.90000000000000000000   12
291.00000000000000000000   15
291.10000000000000000000   16
291.20000000000000000000   11
291.30000000000000000000   14
291.40000000000000000000   16
291.50000000000000000000   14
291.60000000000000000000   14
291.70000000000000000000   13
291.80000000000000000000   15
291.90000000000000000000   14
292.00000000000000000000   16
292.10000000000000000000   17
292.20000000000000000000   17
292.30000000000000000000   19
292.40000000000000000000   17
292.50000000000000000000   18
292.60000000000000000000   17
292.70000000000000000000   14
292.80000000000000000000   14
292.90000000000000000000   13
293.00000000000000000000   13
293.10000000000000000000   18
293.20000000000000000000   16
293.30000000000000000000   16
293.40000000000000000000   16
293.50000000000000000000   15
293.60000000000000000000   14
293.70000000000000000000   16
293.80000000000000000000   16
293.90000000000000000000   16
294.00000000000000000000   13
294.10000000000000000000   17
294.20000000000000000000   13
294.30000000000000000000   13
294.40000000000000000000   15
294.50000000000000000000   12
294.60000000000000000000   17
294.70000000000000000000   13
294.80000000000000000000   16
294.90000000000000000000   16
295.00000000000000000000   14
295.10000000000000000000   12
295.20000000000000000000   16
295.30000000000000000000   14
295.40000000000000000000   19
295.50000000000000000000   18
295.60000000000000000000   16
295.70000000000000000000   16
295.80000000000000000000   17
295.90000000000000000000   14
296.00000000000000000000   17
296.10000000000000000000   17
296.20000000000000000000   15
296.30000000000000000000   16
296.40000000000000000000   15
296.50000000000000000000   14
296.60000000000000000000   15
296.70000000000000000000   16
296.80000000000000000000   13
296.90000000000000000000   13
297.00000000000000000000   13
297.10000000000000000000   16
297.20000000000000000000   17
297.30000000000000000000   14
297.40000000000000000000   15
297.50000000000000000000   14
297.60000000000000000000   16
297.70000000000000000000   14
297.80000000000000000000   17
297.90000000000000000000   16
298.00000000000000000000   16
298.10000000000000000000   14
298.20000000000000000000   12
298.30000000000000000000   11
298.40000000000000000000   12
298.50000000000000000000   10
298.60000000000000000000   12
298.70000000000000000000   14
298.80000000000000000000   16
298.90000000000000000000   10
299.00000000000000000000   14
299.10000000000000000000   9
299.20000000000000000000   8
299.30000000000000000000   11
299.40000000000000000000   13
299.50000000000000000000   9
299.60000000000000000000   15
299.70000000000000000000   12
299.80000000000000000000   16
299.90000000000000000000   15
300.00000000000000000000   16
300.10000000000000000000   18
300.20000000000000000000   19
300.30000000000000000000   16
300.40000000000000000000   18
300.50000000000000000000   14
300.60000000000000000000   13
300.70000000000000000000   15
300.80000000000000000000   15
300.90000000000000000000   16
301.00000000000000000000   14
301.10000000000000000000   13
301.20000000000000000000   11
301.30000000000000000000   13
301.40000000000000000000   14
301.50000000000000000000   15
301.60000000000000000000   10
301.70000000000000000000   12
301.80000000000000000000   12
301.90000000000000000000   16
302.00000000000000000000   16
302.10000000000000000000   15
302.20000000000000000000   17
302.30000000000000000000   15
302.40000000000000000000   16
302.50000000000000000000   14
302.60000000000000000000   16
302.70000000000000000000   17
302.80000000000000000000   17
302.90000000000000000000   12
303.00000000000000000000   19
303.10000000000000000000   17
303.20000000000000000000   12
303.30000000000000000000   13
303.40000000000000000000   13
303.50000000000000000000   16
303.60000000000000000000   12
303.70000000000000000000   16
303.80000000000000000000   17
303.90000000000000000000   16
304.00000000000000000000   17
304.10000000000000000000   14
304.20000000000000000000   17
304.30000000000000000000   16
304.40000000000000000000   16
304.50000000000000000000   15
304.60000000000000000000   18
304.70000000000000000000   18
304.80000000000000000000   15
304.90000000000000000000   10
305.00000000000000000000   17
305.10000000000000000000   17
305.20000000000000000000   16
305.30000000000000000000   16
305.40000000000000000000   13
305.50000000000000000000   13
305.60000000000000000000   13
305.70000000000000000000   12
305.80000000000000000000   16
305.90000000000000000000   16
306.00000000000000000000   14
306.10000000000000000000   13
306.20000000000000000000   14
306.30000000000000000000   20
306.40000000000000000000   18
306.50000000000000000000   17
306.60000000000000000000   17
306.70000000000000000000   16
306.80000000000000000000   16
306.90000000000000000000   17
307.00000000000000000000   18
307.10000000000000000000   16
307.20000000000000000000   15
307.30000000000000000000   19
307.40000000000000000000   19
307.50000000000000000000   11
307.60000000000000000000   14
307.70000000000000000000   12
307.80000000000000000000   10
307.90000000000000000000   16
308.00000000000000000000   14
308.10000000000000000000   11
308.20000000000000000000   13
308.30000000000000000000   14
308.40000000000000000000   15
308.50000000000000000000   14
308.60000000000000000000   13
308.70000000000000000000   17
308.80000000000000000000   16
308.90000000000000000000   11
309.00000000000000000000   12
309.10000000000000000000   12
309.20000000000000000000   11
309.30000000000000000000   10
309.40000000000000000000   11
309.50000000000000000000   15
309.60000000000000000000   13
309.70000000000000000000   11
309.80000000000000000000   11
309.90000000000000000000   13
310.00000000000000000000   11
310.10000000000000000000   17
310.20000000000000000000   15
310.30000000000000000000   13
310.40000000000000000000   15
310.50000000000000000000   12
310.60000000000000000000   15
310.70000000000000000000   16
310.80000000000000000000   17
310.90000000000000000000   13
311.00000000000000000000   13
311.10000000000000000000   12
311.20000000000000000000   10
311.30000000000000000000   14
311.40000000000000000000   10
311.50000000000000000000   19
311.60000000000000000000   16
311.70000000000000000000   16
311.80000000000000000000   12
311.90000000000000000000   15
312.00000000000000000000   15
312.10000000000000000000   9
312.20000000000000000000   12
312.30000000000000000000   13
312.40000000000000000000   19
312.50000000000000000000   12
312.60000000000000000000   15
312.70000000000000000000   15
312.80000000000000000000   14
312.90000000000000000000   17
313.00000000000000000000   14
313.10000000000000000000   16
313.20000000000000000000   18
313.30000000000000000000   15
313.40000000000000000000   16
313.50000000000000000000   17
313.60000000000000000000   16
313.70000000000000000000   14
313.80000000000000000000   14
313.90000000000000000000   16
314.00000000000000000000   14
314.10000000000000000000   16
314.20000000000000000000   16
314.30000000000000000000   17
314.40000000000000000000   17
314.50000000000000000000   13
314.60000000000000000000   14
314.70000000000000000000   15
314.80000000000000000000   15
314.90000000000000000000   11
315.00000000000000000000   14
315.10000000000000000000   14
315.20000000000000000000   13
315.30000000000000000000   14
315.40000000000000000000   12
315.50000000000000000000   13
315.60000000000000000000   14
315.70000000000000000000   13
315.80000000000000000000   13
315.90000000000000000000   14
316.00000000000000000000   13
316.10000000000000000000   16
316.20000000000000000000   12
316.30000000000000000000   14
316.40000000000000000000   12
316.50000000000000000000   13
316.60000000000000000000   13
316.70000000000000000000   12
316.80000000000000000000   13
316.90000000000000000000   14
317.00000000000000000000   12
317.10000000000000000000   15
317.20000000000000000000   11
317.30000000000000000000   14
317.40000000000000000000   15
317.50000000000000000000   14
317.60000000000000000000   17
317.70000000000000000000   18
317.80000000000000000000   14
317.90000000000000000000   17
318.00000000000000000000   20
318.10000000000000000000   14
318.20000000000000000000   13
318.30000000000000000000   19
318.40000000000000000000   15
318.50000000000000000000   13
318.60000000000000000000   16
318.70000000000000000000   16
318.80000000000000000000   15
318.90000000000000000000   16
319.00000000000000000000   16
319.10000000000000000000   11
319.20000000000000000000   17
319.30000000000000000000   13
319.40000000000000000000   14
319.50000000000000000000   15
319.60000000000000000000   15
319.70000000000000000000   13
319.80000000000000000000   15
319.90000000000000000000   13
320.00000000000000000000   13
320.10000000000000000000   11
320.20000000000000000000   11
320.30000000000000000000   12
320.40000000000000000000   9
320.50000000000000000000   18
320.60000000000000000000   18
320.70000000000000000000   15
320.80000000000000000000   16
320.90000000000000000000   15
321.00000000000000000000   14
321.10000000000000000000   17
321.20000000000000000000   17
321.30000000000000000000   12
321.40000000000000000000   16
321.50000000000000000000   18
321.60000000000000000000   17
321.70000000000000000000   14
321.80000000000000000000   13
321.90000000000000000000   17
322.00000000000000000000   12
322.10000000000000000000   17
322.20000000000000000000   13
322.30000000000000000000   19
322.40000000000000000000   18
322.50000000000000000000   16
322.60000000000000000000   16
322.70000000000000000000   12
322.80000000000000000000   16
322.90000000000000000000   14
323.00000000000000000000   17
323.10000000000000000000   12
323.20000000000000000000   14
323.30000000000000000000   17
323.40000000000000000000   17
323.50000000000000000000   18
323.60000000000000000000   16
323.70000000000000000000   17
323.80000000000000000000   17
323.90000000000000000000   18
324.00000000000000000000   17
324.10000000000000000000   14
324.20000000000000000000   12
324.30000000000000000000   10
324.40000000000000000000   10
324.50000000000000000000   12
324.60000000000000000000   13
324.70000000000000000000   10
324.80000000000000000000   13
324.90000000000000000000   11
325.00000000000000000000   11
325.10000000000000000000   13
325.20000000000000000000   13
325.30000000000000000000   12
325.40000000000000000000   10
325.50000000000000000000   16
325.60000000000000000000   13
325.70000000000000000000   16
325.80000000000000000000   12
325.90000000000000000000   15
326.00000000000000000000   15
326.10000000000000000000   17
326.20000000000000000000   15
326.30000000000000000000   15
326.40000000000000000000   13
326.50000000000000000000   19
326.60000000000000000000   15
326.70000000000000000000   16
326.80000000000000000000   15
326.90000000000000000000   12
327.00000000000000000000   13
327.10000000000000000000   10
327.20000000000000000000   17
327.30000000000000000000   19
327.40000000000000000000   14
327.50000000000000000000   19
327.60000000000000000000   12
327.70000000000000000000   16
327.80000000000000000000   11
327.90000000000000000000   11
328.00000000000000000000   14
328.10000000000000000000   14
328.20000000000000000000   14
328.30000000000000000000   12
328.40000000000000000000   11
328.50000000000000000000   13
328.60000000000000000000   15
328.70000000000000000000   16
328.80000000000000000000   15
328.90000000000000000000   13
329.00000000000000000000   16
329.10000000000000000000   16
329.20000000000000000000   19
329.30000000000000000000   16
329.40000000000000000000   17
329.50000000000000000000   13
329.60000000000000000000   16
329.70000000000000000000   13
329.80000000000000000000   15
329.90000000000000000000   12
330.00000000000000000000   15
330.10000000000000000000   12
330.20000000000000000000   12
330.30000000000000000000   15
330.40000000000000000000   15
330.50000000000000000000   16
330.60000000000000000000   14
330.70000000000000000000   10
330.80000000000000000000   15
330.90000000000000000000   19
331.00000000000000000000   16
331.10000000000000000000   15
331.20000000000000000000   16
331.30000000000000000000   18
331.40000000000000000000   14
331.50000000000000000000   15
331.60000000000000000000   15
331.70000000000000000000   12
331.80000000000000000000   15
331.90000000000000000000   14
332.00000000000000000000   15
332.10000000000000000000   10
332.20000000000000000000   13
332.30000000000000000000   15
332.40000000000000000000   11
332.50000000000000000000   12
332.60000000000000000000   12
332.70000000000000000000   15
332.80000000000000000000   13
332.90000000000000000000   12
333.00000000000000000000   14
333.10000000000000000000   13
333.20000000000000000000   17
333.30000000000000000000   15
333.40000000000000000000   13
333.50000000000000000000   14
333.60000000000000000000   12
333.70000000000000000000   13
333.80000000000000000000   14
333.90000000000000000000   12
334.00000000000000000000   12
334.10000000000000000000   13
334.20000000000000000000   13
334.30000000000000000000   16
334.40000000000000000000   13
334.50000000000000000000   10
334.60000000000000000000   11
334.70000000000000000000   10
334.80000000000000000000   13
334.90000000000000000000   16
335.00000000000000000000   14
335.10000000000000000000   12
335.20000000000000000000   14
335.30000000000000000000   18
335.40000000000000000000   18
335.50000000000000000000   11
335.60000000000000000000   16
335.70000000000000000000   15
335.80000000000000000000   18
335.90000000000000000000   19
336.00000000000000000000   16
336.10000000000000000000   17
336.20000000000000000000   13
336.30000000000000000000   17
336.40000000000000000000   16
336.50000000000000000000   15
336.60000000000000000000   15
336.70000000000000000000   17
336.80000000000000000000   16
336.90000000000000000000   15
337.00000000000000000000   12
337.10000000000000000000   13
337.20000000000000000000   18
337.30000000000000000000   15
337.40000000000000000000   13
337.50000000000000000000   17
337.60000000000000000000   21
337.70000000000000000000   15
337.80000000000000000000   16
337.90000000000000000000   14
338.00000000000000000000   15
338.10000000000000000000   18
338.20000000000000000000   12
338.30000000000000000000   15
338.40000000000000000000   15
338.50000000000000000000   17
338.60000000000000000000   18
338.70000000000000000000   15
338.80000000000000000000   17
338.90000000000000000000   17
339.00000000000000000000   15
339.10000000000000000000   13
339.20000000000000000000   13
339.30000000000000000000   16
339.40000000000000000000   14
339.50000000000000000000   11
339.60000000000000000000   15
339.70000000000000000000   15
339.80000000000000000000   18
339.90000000000000000000   16
340.00000000000000000000   17
340.10000000000000000000   19
340.20000000000000000000   14
340.30000000000000000000   21
340.40000000000000000000   15
340.50000000000000000000   14
340.60000000000000000000   14
340.70000000000000000000   15
340.80000000000000000000   18
340.90000000000000000000   15
341.00000000000000000000   18
341.10000000000000000000   15
341.20000000000000000000   15
341.30000000000000000000   15
341.40000000000000000000   13
341.50000000000000000000   15
341.60000000000000000000   16
341.70000000000000000000   10
341.80000000000000000000   15
341.90000000000000000000   17
342.00000000000000000000   16
342.10000000000000000000   13
342.20000000000000000000   16
342.30000000000000000000   18
342.40000000000000000000   16
342.50000000000000000000   14
342.60000000000000000000   14
342.70000000000000000000   14
342.80000000000000000000   15
342.90000000000000000000   14
343.00000000000000000000   10
343.10000000000000000000   13
343.20000000000000000000   13
343.30000000000000000000   15
343.40000000000000000000   15
343.50000000000000000000   17
343.60000000000000000000   17
343.70000000000000000000   14
343.80000000000000000000   11
343.90000000000000000000   12
344.00000000000000000000   15
344.10000000000000000000   13
344.20000000000000000000   14
344.30000000000000000000   13
344.40000000000000000000   16
344.50000000000000000000   14
344.60000000000000000000   15
344.70000000000000000000   18
344.80000000000000000000   17
344.90000000000000000000   14
345.00000000000000000000   11
345.10000000000000000000   12
345.20000000000000000000   17
345.30000000000000000000   15
345.40000000000000000000   15
345.50000000000000000000   13
345.60000000000000000000   18
345.70000000000000000000   14
345.80000000000000000000   14
345.90000000000000000000   16
346.00000000000000000000   16
346.10000000000000000000   17
346.20000000000000000000   18
346.30000000000000000000   19
346.40000000000000000000   17
346.50000000000000000000   15
346.60000000000000000000   17
346.70000000000000000000   16
346.80000000000000000000   16
346.90000000000000000000   19
347.00000000000000000000   19
347.10000000000000000000   18
347.20000000000000000000   16
347.30000000000000000000   17
347.40000000000000000000   17
347.50000000000000000000   12
347.60000000000000000000   17
347.70000000000000000000   17
347.80000000000000000000   18
347.90000000000000000000   17
348.00000000000000000000   17
348.10000000000000000000   15
348.20000000000000000000   16
348.30000000000000000000   15
348.40000000000000000000   16
348.50000000000000000000   16
348.60000000000000000000   13
348.70000000000000000000   13
348.80000000000000000000   12
348.90000000000000000000   13
349.00000000000000000000   18
349.10000000000000000000   12
349.20000000000000000000   19
349.30000000000000000000   17
349.40000000000000000000   19
349.50000000000000000000   19
349.60000000000000000000   18
349.70000000000000000000   17
349.80000000000000000000   17
349.90000000000000000000   11
350.00000000000000000000   16
350.10000000000000000000   15
350.20000000000000000000   14
350.30000000000000000000   18
350.40000000000000000000   16
350.50000000000000000000   12
350.60000000000000000000   15
350.70000000000000000000   11
350.80000000000000000000   15
350.90000000000000000000   12
351.00000000000000000000   15
351.10000000000000000000   17
351.20000000000000000000   12
351.30000000000000000000   13
351.40000000000000000000   13
351.50000000000000000000   16
351.60000000000000000000   15
351.70000000000000000000   16
351.80000000000000000000   16
351.90000000000000000000   15
352.00000000000000000000   17
352.10000000000000000000   18
352.20000000000000000000   18
352.30000000000000000000   16
352.40000000000000000000   15
352.50000000000000000000   17
352.60000000000000000000   18
352.70000000000000000000   18
352.80000000000000000000   18
352.90000000000000000000   15
353.00000000000000000000   13
353.10000000000000000000   16
353.20000000000000000000   18
353.30000000000000000000   18
353.40000000000000000000   15
353.50000000000000000000   12
353.60000000000000000000   17
353.70000000000000000000   17
353.80000000000000000000   14
353.90000000000000000000   15
354.00000000000000000000   15
354.10000000000000000000   12
354.20000000000000000000   9
354.30000000000000000000   14
354.40000000000000000000   11
354.50000000000000000000   12
354.60000000000000000000   10
354.70000000000000000000   11
354.80000000000000000000   14
354.90000000000000000000   10
355.00000000000000000000   12
355.10000000000000000000   11
355.20000000000000000000   11
355.30000000000000000000   10
355.40000000000000000000   10
355.50000000000000000000   11
355.60000000000000000000   10
355.70000000000000000000   10
355.80000000000000000000   10
355.90000000000000000000   9
356.00000000000000000000   14
356.10000000000000000000   15
356.20000000000000000000   15
356.30000000000000000000   12
356.40000000000000000000   11
356.50000000000000000000   8
356.60000000000000000000   11
356.70000000000000000000   17
356.80000000000000000000   18
356.90000000000000000000   13
357.00000000000000000000   10
357.10000000000000000000   11
357.20000000000000000000   11
357.30000000000000000000   12
357.40000000000000000000   14
357.50000000000000000000   12
357.60000000000000000000   14
357.70000000000000000000   14
357.80000000000000000000   13
357.90000000000000000000   13
358.00000000000000000000   13
358.10000000000000000000   17
358.20000000000000000000   14
358.30000000000000000000   15
358.40000000000000000000   16
358.50000000000000000000   14
358.60000000000000000000   14
358.70000000000000000000   17
358.80000000000000000000   11
358.90000000000000000000   15
359.00000000000000000000   15
359.10000000000000000000   15
359.20000000000000000000   14
359.30000000000000000000   20
359.40000000000000000000   16
359.50000000000000000000   15
359.60000000000000000000   15
359.70000000000000000000   13
359.80000000000000000000   16
359.90000000000000000000   14
360.00000000000000000000   14
360.10000000000000000000   14
360.20000000000000000000   15
360.30000000000000000000   13
360.40000000000000000000   12
360.50000000000000000000   11
360.60000000000000000000   14
360.70000000000000000000   10
360.80000000000000000000   13
360.90000000000000000000   10
361.00000000000000000000   13
361.10000000000000000000   13
361.20000000000000000000   12
361.30000000000000000000   15
361.40000000000000000000   16
361.50000000000000000000   10
361.60000000000000000000   14
361.70000000000000000000   13
361.80000000000000000000   16
361.90000000000000000000   14
362.00000000000000000000   13
362.10000000000000000000   14
362.20000000000000000000   15
362.30000000000000000000   16
362.40000000000000000000   14
362.50000000000000000000   16
362.60000000000000000000   15
362.70000000000000000000   16
362.80000000000000000000   14
362.90000000000000000000   13
363.00000000000000000000   15
363.10000000000000000000   16
363.20000000000000000000   18
363.30000000000000000000   16
363.40000000000000000000   18
363.50000000000000000000   15
363.60000000000000000000   16
363.70000000000000000000   17
363.80000000000000000000   16
363.90000000000000000000   16
364.00000000000000000000   18
364.10000000000000000000   17
364.20000000000000000000   17
364.30000000000000000000   19
364.40000000000000000000   16
364.50000000000000000000   17
364.60000000000000000000   17
364.70000000000000000000   13
364.80000000000000000000   14
364.90000000000000000000   18
365.00000000000000000000   16
365.10000000000000000000   16
365.20000000000000000000   18
365.30000000000000000000   20
365.40000000000000000000   18
365.50000000000000000000   19
365.60000000000000000000   14
365.70000000000000000000   15
365.80000000000000000000   22
365.90000000000000000000   18
366.00000000000000000000   16
366.10000000000000000000   16
366.20000000000000000000   15
366.30000000000000000000   14
366.40000000000000000000   18
366.50000000000000000000   19
366.60000000000000000000   18
366.70000000000000000000   16
366.80000000000000000000   15
366.90000000000000000000   14
367.00000000000000000000   13
367.10000000000000000000   10
367.20000000000000000000   12
367.30000000000000000000   16
367.40000000000000000000   15
367.50000000000000000000   17
367.60000000000000000000   16
367.70000000000000000000   16
367.80000000000000000000   16
367.90000000000000000000   17
368.00000000000000000000   13
368.10000000000000000000   15
368.20000000000000000000   17
368.30000000000000000000   17
368.40000000000000000000   16
368.50000000000000000000   13
368.60000000000000000000   13
368.70000000000000000000   15
368.80000000000000000000   13
368.90000000000000000000   17
369.00000000000000000000   15
369.10000000000000000000   20
369.20000000000000000000   16
369.30000000000000000000   16
369.40000000000000000000   17
369.50000000000000000000   20
369.60000000000000000000   11
369.70000000000000000000   17
369.80000000000000000000   14
369.90000000000000000000   20
370.00000000000000000000   13
370.10000000000000000000   16
370.20000000000000000000   14
370.30000000000000000000   17
370.40000000000000000000   14
370.50000000000000000000   18
370.60000000000000000000   18
370.70000000000000000000   14
370.80000000000000000000   19
370.90000000000000000000   18
371.00000000000000000000   14
371.10000000000000000000   15
371.20000000000000000000   20
371.30000000000000000000   18
371.40000000000000000000   19
371.50000000000000000000   21
371.60000000000000000000   17
371.70000000000000000000   17
371.80000000000000000000   17
371.90000000000000000000   12
372.00000000000000000000   12
372.10000000000000000000   11
372.20000000000000000000   15
372.30000000000000000000   13
372.40000000000000000000   10
372.50000000000000000000   13
372.60000000000000000000   15
372.70000000000000000000   18
372.80000000000000000000   17
372.90000000000000000000   16
373.00000000000000000000   18
373.10000000000000000000   16
373.20000000000000000000   9
373.30000000000000000000   14
373.40000000000000000000   11
373.50000000000000000000   11
373.60000000000000000000   15
373.70000000000000000000   16
373.80000000000000000000   15
373.90000000000000000000   14
374.00000000000000000000   13
374.10000000000000000000   13
374.20000000000000000000   15
374.30000000000000000000   15
374.40000000000000000000   14
374.50000000000000000000   11
374.60000000000000000000   15
374.70000000000000000000   12
374.80000000000000000000   13
374.90000000000000000000   13
375.00000000000000000000   11
375.10000000000000000000   15
375.20000000000000000000   15
375.30000000000000000000   14
375.40000000000000000000   14
375.50000000000000000000   14
375.60000000000000000000   16
375.70000000000000000000   12
375.80000000000000000000   13
375.90000000000000000000   13
376.00000000000000000000   17
376.10000000000000000000   20
376.20000000000000000000   16
376.30000000000000000000   17
376.40000000000000000000   14
376.50000000000000000000   14
376.60000000000000000000   17
376.70000000000000000000   13
376.80000000000000000000   18
376.90000000000000000000   20
377.00000000000000000000   19
377.10000000000000000000   16
377.20000000000000000000   19
377.30000000000000000000   16
377.40000000000000000000   18
377.50000000000000000000   15
377.60000000000000000000   16
377.70000000000000000000   17
377.80000000000000000000   16
377.90000000000000000000   16
378.00000000000000000000   16
378.10000000000000000000   17
378.20000000000000000000   16
378.30000000000000000000   15
378.40000000000000000000   12
378.50000000000000000000   18
378.60000000000000000000   19
378.70000000000000000000   17
378.80000000000000000000   20
378.90000000000000000000   18
379.00000000000000000000   17
379.10000000000000000000   17
379.20000000000000000000   17
379.30000000000000000000   17
379.40000000000000000000   18
379.50000000000000000000   17
379.60000000000000000000   15
379.70000000000000000000   14
379.80000000000000000000   16
379.90000000000000000000   18
380.00000000000000000000   17
380.10000000000000000000   18
380.20000000000000000000   18
380.30000000000000000000   15
380.40000000000000000000   16
380.50000000000000000000   12
380.60000000000000000000   14
380.70000000000000000000   16
380.80000000000000000000   14
380.90000000000000000000   14
381.00000000000000000000   20
381.10000000000000000000   16
381.20000000000000000000   18
381.30000000000000000000   18
381.40000000000000000000   19
381.50000000000000000000   14
381.60000000000000000000   16
381.70000000000000000000   14
381.80000000000000000000   16
381.90000000000000000000   14
382.00000000000000000000   14
382.10000000000000000000   15
382.20000000000000000000   14
382.30000000000000000000   12
382.40000000000000000000   12
382.50000000000000000000   15
382.60000000000000000000   12
382.70000000000000000000   16
382.80000000000000000000   15
382.90000000000000000000   15
383.00000000000000000000   16
383.10000000000000000000   16
383.20000000000000000000   17
383.30000000000000000000   14
383.40000000000000000000   18
383.50000000000000000000   12
383.60000000000000000000   17
383.70000000000000000000   13
383.80000000000000000000   19
383.90000000000000000000   19
384.00000000000000000000   21
384.10000000000000000000   24
384.20000000000000000000   21
384.30000000000000000000   18
384.40000000000000000000   15
384.50000000000000000000   11
384.60000000000000000000   9
384.70000000000000000000   13
384.80000000000000000000   14
384.90000000000000000000   14
385.00000000000000000000   13
385.10000000000000000000   16
385.20000000000000000000   13
385.30000000000000000000   12
385.40000000000000000000   14
385.50000000000000000000   13
385.60000000000000000000   13
385.70000000000000000000   12
385.80000000000000000000   13
385.90000000000000000000   12
386.00000000000000000000   12
386.10000000000000000000   15
386.20000000000000000000   16
386.30000000000000000000   15
386.40000000000000000000   15
386.50000000000000000000   14
386.60000000000000000000   13
386.70000000000000000000   12
386.80000000000000000000   12
386.90000000000000000000   13
387.00000000000000000000   14
387.10000000000000000000   13
387.20000000000000000000   17
387.30000000000000000000   14
387.40000000000000000000   13
387.50000000000000000000   17
387.60000000000000000000   15
387.70000000000000000000   18
387.80000000000000000000   16
387.90000000000000000000   14
388.00000000000000000000   18
388.10000000000000000000   18
388.20000000000000000000   15
388.30000000000000000000   15
388.40000000000000000000   11
388.50000000000000000000   17
388.60000000000000000000   15
388.70000000000000000000   12
388.80000000000000000000   16
388.90000000000000000000   16
389.00000000000000000000   13
389.10000000000000000000   11
389.20000000000000000000   11
389.30000000000000000000   12
389.40000000000000000000   12
389.50000000000000000000   11
389.60000000000000000000   15
389.70000000000000000000   14
389.80000000000000000000   13
389.90000000000000000000   12
390.00000000000000000000   15
390.10000000000000000000   14
390.20000000000000000000   13
390.30000000000000000000   10
390.40000000000000000000   10
390.50000000000000000000   15
390.60000000000000000000   16
390.70000000000000000000   13
390.80000000000000000000   13
390.90000000000000000000   20
391.00000000000000000000   16
391.10000000000000000000   14
391.20000000000000000000   12
391.30000000000000000000   13
391.40000000000000000000   13
391.50000000000000000000   15
391.60000000000000000000   14
391.70000000000000000000   17
391.80000000000000000000   17
391.90000000000000000000   12
392.00000000000000000000   10
392.10000000000000000000   8
392.20000000000000000000   19
392.30000000000000000000   13
392.40000000000000000000   14
392.50000000000000000000   19
392.60000000000000000000   17
392.70000000000000000000   15
392.80000000000000000000   12
392.90000000000000000000   12
393.00000000000000000000   12
393.10000000000000000000   12
393.20000000000000000000   14
393.30000000000000000000   12
393.40000000000000000000   14
393.50000000000000000000   12
393.60000000000000000000   12
393.70000000000000000000   17
393.80000000000000000000   15
393.90000000000000000000   14
394.00000000000000000000   12
394.10000000000000000000   11
394.20000000000000000000   14
394.30000000000000000000   15
394.40000000000000000000   19
394.50000000000000000000   18
394.60000000000000000000   19
394.70000000000000000000   19
394.80000000000000000000   18
394.90000000000000000000   14
395.00000000000000000000   11
395.10000000000000000000   14
395.20000000000000000000   13
395.30000000000000000000   15
395.40000000000000000000   15
395.50000000000000000000   13
395.60000000000000000000   16
395.70000000000000000000   17
395.80000000000000000000   14
395.90000000000000000000   13
396.00000000000000000000   16
396.10000000000000000000   16
396.20000000000000000000   12
396.30000000000000000000   12
396.40000000000000000000   16
396.50000000000000000000   14
396.60000000000000000000   13
396.70000000000000000000   8
396.80000000000000000000   10
396.90000000000000000000   11
397.00000000000000000000   15
397.10000000000000000000   8
397.20000000000000000000   13
397.30000000000000000000   10
397.40000000000000000000   11
397.50000000000000000000   14
397.60000000000000000000   14
397.70000000000000000000   16
397.80000000000000000000   14
397.90000000000000000000   15
398.00000000000000000000   16
398.10000000000000000000   16
398.20000000000000000000   17
398.30000000000000000000   14
398.40000000000000000000   14
398.50000000000000000000   10
398.60000000000000000000   14
398.70000000000000000000   7
398.80000000000000000000   9
398.90000000000000000000   9
399.00000000000000000000   9
399.10000000000000000000   9
399.20000000000000000000   9
399.30000000000000000000   9
399.40000000000000000000   9
399.50000000000000000000   9
399.60000000000000000000   9
399.70000000000000000000   9
