200.00000000000000000000   6
200.10000000000000000000   8
200.20000000000000000000   7
200.30000000000000000000   8
200.40000000000000000000   7
200.50000000000000000000   7
200.60000000000000000000   8
200.70000000000000000000   8
200.80000000000000000000   8
200.90000000000000000000   8
201.00000000000000000000   9
201.10000000000000000000   9
201.20000000000000000000   7
201.30000000000000000000   8
201.40000000000000000000   9
201.50000000000000000000   8
201.60000000000000000000   8
201.70000000000000000000   7
201.80000000000000000000   8
201.90000000000000000000   7
202.00000000000000000000   9
202.10000000000000000000   10
202.20000000000000000000   10
202.30000000000000000000   10
202.40000000000000000000   8
202.50000000000000000000   7
202.60000000000000000000   8
202.70000000000000000000   8
202.80000000000000000000   8
202.90000000000000000000   8
203.00000000000000000000   9
203.10000000000000000000   8
203.20000000000000000000   7
203.30000000000000000000   8
203.40000000000000000000   8
203.50000000000000000000   8
203.60000000000000000000   8
203.70000000000000000000   7
203.80000000000000000000   8
203.90000000000000000000   6
204.00000000000000000000   6
204.10000000000000000000   9
204.20000000000000000000   9
204.30000000000000000000   9
204.40000000000000000000   10
204.50000000000000000000   9
204.60000000000000000000   9
204.70000000000000000000   10
204.80000000000000000000   8
204.90000000000000000000   9
205.00000000000000000000   7
205.10000000000000000000   9
205.20000000000000000000   7
205.30000000000000000000   9
205.40000000000000000000   10
205.50000000000000000000   9
205.60000000000000000000   9
205.70000000000000000000   9
205.80000000000000000000   9
205.90000000000000000000   10
206.00000000000000000000   9
206.10000000000000000000   9
206.20000000000000000000   9
206.30000000000000000000   9
206.40000000000000000000   9
206.50000000000000000000   9
206.60000000000000000000   9
206.70000000000000000000   10
206.80000000000000000000   8
206.90000000000000000000   9
207.00000000000000000000   9
207.10000000000000000000   9
207.20000000000000000000   9
207.30000000000000000000   9
207.40000000000000000000   10
207.50000000000000000000   9
207.60000000000000000000   9
207.70000000000000000000   8
207.80000000000000000000   8
207.90000000000000000000   7
208.00000000000000000000   9
208.10000000000000000000   9
208.20000000000000000000   9
208.30000000000000000000   9
208.40000000000000000000   8
208.50000000000000000000   10
208.60000000000000000000   9
208.70000000000000000000   9
208.80000000000000000000   9
208.90000000000000000000   8
209.00000000000000000000   9
209.10000000000000000000   9
209.20000000000000000000   8
209.30000000000000000000   7
209.40000000000000000000   8
209.50000000000000000000   9
209.60000000000000000000   5
209.70000000000000000000   3
209.80000000000000000000   2
209.90000000000000000000   4
210.00000000000000000000   5
210.10000000000000000000   4
210.20000000000000000000   10
210.30000000000000000000   9
210.40000000000000000000   10
210.50000000000000000000   4
210.60000000000000000000   11
210.70000000000000000000   10
210.80000000000000000000   7
210.90000000000000000000   10
211.00000000000000000000   9
211.10000000000000000000   8
211.20000000000000000000   7
211.30000000000000000000   7
211.40000000000000000000   6
211.50000000000000000000   11
211.60000000000000000000   9
211.70000000000000000000   11
211.80000000000000000000   11
211.90000000000000000000   11
212.00000000000000000000   9
212.10000000000000000000   11
212.20000000000000000000   11
212.30000000000000000000   7
212.40000000000000000000   9
212.50000000000000000000   9
212.60000000000000000000   8
212.70000000000000000000   9
212.80000000000000000000   8
212.90000000000000000000   8
213.00000000000000000000   8
213.10000000000000000000   9
213.20000000000000000000   8
213.30000000000000000000   8
213.40000000000000000000   10
213.50000000000000000000   9
213.60000000000000000000   10
213.70000000000000000000   9
213.80000000000000000000   9
213.90000000000000000000   8
214.00000000000000000000   9
214.10000000000000000000   8
214.20000000000000000000   11
214.30000000000000000000   9
214.40000000000000000000   6
214.50000000000000000000   5
214.60000000000000000000   4
214.70000000000000000000   6
214.80000000000000000000   7
214.90000000000000000000   6
215.00000000000000000000   7
215.10000000000000000000   6
215.20000000000000000000   8
215.30000000000000000000   6
215.40000000000000000000   7
215.50000000000000000000   6
215.60000000000000000000   7
215.70000000000000000000   6
215.80000000000000000000   4
215.90000000000000000000   5
216.00000000000000000000   6
216.10000000000000000000   5
216.20000000000000000000   6
216.30000000000000000000   5
216.40000000000000000000   6
216.50000000000000000000   6
216.60000000000000000000   6
216.70000000000000000000   6
216.80000000000000000000   6
216.90000000000000000000   6
217.00000000000000000000   5
217.10000000000000000000   6
217.20000000000000000000   5
217.30000000000000000000   6
217.40000000000000000000   6
217.50000000000000000000   3
217.60000000000000000000   6
217.70000000000000000000   6
217.80000000000000000000   6
217.90000000000000000000   7
218.00000000000000000000   6
218.10000000000000000000   4
218.20000000000000000000   6
218.30000000000000000000   6
218.40000000000000000000   5
218.50000000000000000000   7
218.60000000000000000000   7
218.70000000000000000000   6
218.80000000000000000000   7
218.90000000000000000000   6
219.00000000000000000000   7
219.10000000000000000000   4
219.20000000000000000000   5
219.30000000000000000000   7
219.40000000000000000000   5
219.50000000000000000000   6
219.60000000000000000000   5
219.70000000000000000000   4
219.80000000000000000000   4
219.90000000000000000000   5
220.00000000000000000000   6
220.10000000000000000000   6
220.20000000000000000000   7
220.30000000000000000000   8
220.40000000000000000000   7
220.50000000000000000000   4
220.60000000000000000000   4
220.70000000000000000000   6
220.80000000000000000000   8
220.90000000000000000000   6
221.00000000000000000000   4
221.10000000000000000000   4
221.20000000000000000000   6
221.30000000000000000000   3
221.40000000000000000000   5
221.50000000000000000000   4
221.60000000000000000000   4
221.70000000000000000000   4
221.80000000000000000000   5
221.90000000000000000000   5
222.00000000000000000000   2
222.10000000000000000000   4
222.20000000000000000000   3
222.30000000000000000000   3
222.40000000000000000000   4
222.50000000000000000000   3
222.60000000000000000000   4
222.70000000000000000000   4
222.80000000000000000000   2
222.90000000000000000000   4
223.00000000000000000000   4
223.10000000000000000000   4
223.20000000000000000000   4
223.30000000000000000000   4
223.40000000000000000000   6
223.50000000000000000000   3
223.60000000000000000000   6
223.70000000000000000000   4
223.80000000000000000000   4
223.90000000000000000000   5
224.00000000000000000000   5
224.10000000000000000000   4
224.20000000000000000000   4
224.30000000000000000000   4
224.40000000000000000000   4
224.50000000000000000000   4
224.60000000000000000000   4
224.70000000000000000000   6
224.80000000000000000000   4
224.90000000000000000000   4
225.00000000000000000000   4
225.10000000000000000000   4
225.20000000000000000000   4
225.30000000000000000000   4
225.40000000000000000000   5
225.50000000000000000000   4
225.60000000000000000000   6
225.70000000000000000000   5
225.80000000000000000000   7
225.90000000000000000000   4
226.00000000000000000000   4
226.10000000000000000000   4
226.20000000000000000000   4
226.30000000000000000000   4
226.40000000000000000000   4
226.50000000000000000000   4
226.60000000000000000000   3
226.70000000000000000000   4
226.80000000000000000000   5
226.90000000000000000000   4
227.00000000000000000000   4
227.10000000000000000000   4
227.20000000000000000000   5
227.30000000000000000000   4
227.40000000000000000000   4
227.50000000000000000000   4
227.60000000000000000000   4
227.70000000000000000000   7
227.80000000000000000000   4
227.90000000000000000000   4
228.00000000000000000000   4
228.10000000000000000000   4
228.20000000000000000000   6
228.30000000000000000000   6
228.40000000000000000000   6
228.50000000000000000000   7
228.60000000000000000000   8
228.70000000000000000000   8
228.80000000000000000000   7
228.90000000000000000000   7
229.00000000000000000000   8
229.10000000000000000000   8
229.20000000000000000000   6
229.30000000000000000000   7
229.40000000000000000000   8
229.50000000000000000000   8
229.60000000000000000000   6
229.70000000000000000000   6
229.80000000000000000000   6
229.90000000000000000000   8
230.00000000000000000000   6
230.10000000000000000000   9
230.20000000000000000000   9
230.30000000000000000000   7
230.40000000000000000000   7
230.50000000000000000000   7
230.60000000000000000000   9
230.70000000000000000000   7
230.80000000000000000000   7
230.90000000000000000000   6
231.00000000000000000000   5
231.10000000000000000000   7
231.20000000000000000000   9
231.30000000000000000000   10
231.40000000000000000000   8
231.50000000000000000000   8
231.60000000000000000000   8
231.70000000000000000000   8
231.80000000000000000000   7
231.90000000000000000000   8
232.00000000000000000000   8
232.10000000000000000000   8
232.20000000000000000000   8
232.30000000000000000000   8
232.40000000000000000000   8
232.50000000000000000000   8
232.60000000000000000000   8
232.70000000000000000000   8
232.80000000000000000000   9
232.90000000000000000000   8
233.00000000000000000000   9
233.10000000000000000000   9
233.20000000000000000000   7
233.30000000000000000000   9
233.40000000000000000000   7
233.50000000000000000000   5
233.60000000000000000000   6
233.70000000000000000000   9
233.80000000000000000000   7
233.90000000000000000000   7
234.00000000000000000000   7
234.10000000000000000000   8
234.20000000000000000000   8
234.30000000000000000000   8
234.40000000000000000000   4
234.50000000000000000000   6
234.60000000000000000000   8
234.70000000000000000000   8
234.80000000000000000000   7
234.90000000000000000000   7
235.00000000000000000000   8
235.10000000000000000000   8
235.20000000000000000000   8
235.30000000000000000000   8
235.40000000000000000000   8
235.50000000000000000000   10
235.60000000000000000000   10
235.70000000000000000000   8
235.80000000000000000000   7
235.90000000000000000000   9
236.00000000000000000000   8
236.10000000000000000000   8
236.20000000000000000000   8
236.30000000000000000000   8
236.40000000000000000000   6
236.50000000000000000000   7
236.60000000000000000000   11
236.70000000000000000000   11
236.80000000000000000000   9
236.90000000000000000000   11
237.00000000000000000000   10
237.10000000000000000000   11
237.20000000000000000000   8
237.30000000000000000000   9
237.40000000000000000000   11
237.50000000000000000000   9
237.60000000000000000000   8
237.70000000000000000000   7
237.80000000000000000000   9
237.90000000000000000000   8
238.00000000000000000000   7
238.10000000000000000000   9
238.20000000000000000000   8
238.30000000000000000000   9
238.40000000000000000000   11
238.50000000000000000000   8
238.60000000000000000000   11
238.70000000000000000000   5
238.80000000000000000000   8
238.90000000000000000000   8
239.00000000000000000000   9
239.10000000000000000000   10
239.20000000000000000000   8
239.30000000000000000000   9
239.40000000000000000000   9
239.50000000000000000000   10
239.60000000000000000000   9
239.70000000000000000000   8
239.80000000000000000000   8
239.90000000000000000000   9
240.00000000000000000000   10
240.10000000000000000000   10
240.20000000000000000000   9
240.30000000000000000000   8
240.40000000000000000000   8
240.50000000000000000000   8
240.60000000000000000000   8
240.70000000000000000000   8
240.80000000000000000000   8
240.90000000000000000000   7
241.00000000000000000000   7
241.10000000000000000000   8
241.20000000000000000000   8
241.30000000000000000000   8
241.40000000000000000000   7
241.50000000000000000000   8
241.60000000000000000000   7
241.70000000000000000000   8
241.80000000000000000000   7
241.90000000000000000000   7
242.00000000000000000000   8
242.10000000000000000000   8
242.20000000000000000000   8
242.30000000000000000000   9
242.40000000000000000000   8
242.50000000000000000000   8
242.60000000000000000000   9
242.70000000000000000000   8
242.80000000000000000000   10
242.90000000000000000000   8
243.00000000000000000000   7
243.10000000000000000000   9
243.20000000000000000000   8
243.30000000000000000000   8
243.40000000000000000000   8
243.50000000000000000000   8
243.60000000000000000000   10
243.70000000000000000000   8
243.80000000000000000000   10
243.90000000000000000000   11
244.00000000000000000000   11
244.10000000000000000000   11
244.20000000000000000000   9
244.30000000000000000000   9
244.40000000000000000000   8
244.50000000000000000000   8
244.60000000000000000000   8
244.70000000000000000000   8
244.80000000000000000000   8
244.90000000000000000000   8
245.00000000000000000000   8
245.10000000000000000000   8
245.20000000000000000000   8
245.30000000000000000000   8
245.40000000000000000000   8
245.50000000000000000000   8
245.60000000000000000000   8
245.70000000000000000000   9
245.80000000000000000000   8
245.90000000000000000000   8
246.00000000000000000000   8
246.10000000000000000000   8
246.20000000000000000000   8
246.30000000000000000000   8
246.40000000000000000000   7
246.50000000000000000000   8
246.60000000000000000000   7
246.70000000000000000000   8
246.80000000000000000000   7
246.90000000000000000000   9
247.00000000000000000000   8
247.10000000000000000000   8
247.20000000000000000000   8
247.30000000000000000000   8
247.40000000000000000000   8
247.50000000000000000000   8
247.60000000000000000000   8
247.70000000000000000000   8
247.80000000000000000000   7
247.90000000000000000000   8
248.00000000000000000000   8
248.10000000000000000000   8
248.20000000000000000000   8
248.30000000000000000000   8
248.40000000000000000000   8
248.50000000000000000000   8
248.60000000000000000000   8
248.70000000000000000000   8
248.80000000000000000000   8
248.90000000000000000000   8
249.00000000000000000000   8
249.10000000000000000000   7
249.20000000000000000000   8
249.30000000000000000000   8
249.40000000000000000000   8
249.50000000000000000000   8
249.60000000000000000000   8
249.70000000000000000000   8
249.80000000000000000000   8
249.90000000000000000000   8
250.00000000000000000000   8
250.10000000000000000000   8
250.20000000000000000000   8
250.30000000000000000000   8
250.40000000000000000000   8
250.50000000000000000000   8
250.60000000000000000000   8
250.70000000000000000000   8
250.80000000000000000000   7
250.90000000000000000000   8
251.00000000000000000000   8
251.10000000000000000000   8
251.20000000000000000000   8
251.30000000000000000000   8
251.40000000000000000000   8
251.50000000000000000000   8
251.60000000000000000000   8
251.70000000000000000000   8
251.80000000000000000000   7
251.90000000000000000000   8
252.00000000000000000000   8
252.10000000000000000000   8
252.20000000000000000000   7
252.30000000000000000000   7
252.40000000000000000000   7
252.50000000000000000000   7
252.60000000000000000000   8
252.70000000000000000000   7
252.80000000000000000000   8
252.90000000000000000000   8
253.00000000000000000000   8
253.10000000000000000000   8
253.20000000000000000000   8
253.30000000000000000000   8
253.40000000000000000000   8
253.50000000000000000000   8
253.60000000000000000000   8
253.70000000000000000000   7
253.80000000000000000000   7
253.90000000000000000000   8
254.00000000000000000000   8
254.10000000000000000000   7
254.20000000000000000000   7
254.30000000000000000000   8
254.40000000000000000000   7
254.50000000000000000000   9
254.60000000000000000000   9
254.70000000000000000000   9
254.80000000000000000000   7
254.90000000000000000000   10
255.00000000000000000000   9
255.10000000000000000000   9
255.20000000000000000000   7
255.30000000000000000000   8
255.40000000000000000000   9
255.50000000000000000000   9
255.60000000000000000000   8
255.70000000000000000000   8
255.80000000000000000000   8
255.90000000000000000000   8
256.00000000000000000000   8
256.10000000000000000000   8
256.20000000000000000000   8
256.30000000000000000000   8
256.40000000000000000000   8
256.50000000000000000000   8
256.60000000000000000000   7
256.70000000000000000000   8
256.80000000000000000000   8
256.90000000000000000000   8
257.00000000000000000000   8
257.10000000000000000000   8
257.20000000000000000000   8
257.30000000000000000000   9
257.40000000000000000000   8
257.50000000000000000000   7
257.60000000000000000000   7
257.70000000000000000000   7
257.80000000000000000000   7
257.90000000000000000000   7
258.00000000000000000000   7
258.10000000000000000000   7
258.20000000000000000000   7
258.30000000000000000000   7
258.40000000000000000000   8
258.50000000000000000000   7
258.60000000000000000000   8
258.70000000000000000000   8
258.80000000000000000000   8
258.90000000000000000000   8
259.00000000000000000000   8
259.10000000000000000000   8
259.20000000000000000000   8
259.30000000000000000000   8
259.40000000000000000000   7
259.50000000000000000000   7
259.60000000000000000000   8
259.70000000000000000000   8
259.80000000000000000000   8
259.90000000000000000000   8
260.00000000000000000000   8
260.10000000000000000000   8
260.20000000000000000000   8
260.30000000000000000000   8
260.40000000000000000000   8
260.50000000000000000000   8
260.60000000000000000000   8
260.70000000000000000000   7
260.80000000000000000000   7
260.90000000000000000000   7
261.00000000000000000000   7
261.10000000000000000000   7
261.20000000000000000000   8
261.30000000000000000000   7
261.40000000000000000000   8
261.50000000000000000000   9
261.60000000000000000000   7
261.70000000000000000000   8
261.80000000000000000000   7
261.90000000000000000000   8
262.00000000000000000000   8
262.10000000000000000000   7
262.20000000000000000000   8
262.30000000000000000000   8
262.40000000000000000000   7
262.50000000000000000000   7
262.60000000000000000000   9
262.70000000000000000000   9
262.80000000000000000000   7
262.90000000000000000000   8
263.00000000000000000000   7
263.10000000000000000000   8
263.20000000000000000000   7
263.30000000000000000000   7
263.40000000000000000000   7
263.50000000000000000000   7
263.60000000000000000000   8
263.70000000000000000000   10
263.80000000000000000000   8
263.90000000000000000000   7
264.00000000000000000000   8
264.10000000000000000000   8
264.20000000000000000000   7
264.30000000000000000000   7
264.40000000000000000000   7
264.50000000000000000000   7
264.60000000000000000000   8
264.70000000000000000000   7
264.80000000000000000000   7
264.90000000000000000000   7
265.00000000000000000000   7
265.10000000000000000000   7
265.20000000000000000000   7
265.30000000000000000000   7
265.40000000000000000000   7
265.50000000000000000000   7
265.60000000000000000000   7
265.70000000000000000000   8
265.80000000000000000000   7
265.90000000000000000000   8
266.00000000000000000000   7
266.10000000000000000000   7
266.20000000000000000000   7
266.30000000000000000000   7
266.40000000000000000000   7
266.50000000000000000000   7
266.60000000000000000000   7
266.70000000000000000000   7
266.80000000000000000000   7
266.90000000000000000000   7
267.00000000000000000000   8
267.10000000000000000000   8
267.20000000000000000000   8
267.30000000000000000000   7
267.40000000000000000000   7
267.50000000000000000000   8
267.60000000000000000000   8
267.70000000000000000000   7
267.80000000000000000000   8
267.90000000000000000000   7
268.00000000000000000000   7
268.10000000000000000000   7
268.20000000000000000000   7
268.30000000000000000000   8
268.40000000000000000000   7
268.50000000000000000000   8
268.60000000000000000000   7
268.70000000000000000000   8
268.80000000000000000000   7
268.90000000000000000000   7
269.00000000000000000000   7
269.10000000000000000000   8
269.20000000000000000000   10
269.30000000000000000000   10
269.40000000000000000000   8
269.50000000000000000000   8
269.60000000000000000000   8
269.70000000000000000000   8
269.80000000000000000000   8
269.90000000000000000000   8
270.00000000000000000000   8
270.10000000000000000000   8
270.20000000000000000000   8
270.30000000000000000000   7
270.40000000000000000000   8
270.50000000000000000000   8
270.60000000000000000000   7
270.70000000000000000000   8
270.80000000000000000000   7
270.90000000000000000000   8
271.00000000000000000000   7
271.10000000000000000000   7
271.20000000000000000000   8
271.30000000000000000000   7
271.40000000000000000000   7
271.50000000000000000000   7
271.60000000000000000000   7
271.70000000000000000000   8
271.80000000000000000000   7
271.90000000000000000000   8
272.00000000000000000000   8
272.10000000000000000000   8
272.20000000000000000000   7
272.30000000000000000000   6
272.40000000000000000000   8
272.50000000000000000000   8
272.60000000000000000000   8
272.70000000000000000000   8
272.80000000000000000000   8
272.90000000000000000000   8
273.00000000000000000000   7
273.10000000000000000000   8
273.20000000000000000000   8
273.30000000000000000000   8
273.40000000000000000000   8
273.50000000000000000000   8
273.60000000000000000000   8
273.70000000000000000000   8
273.80000000000000000000   8
273.90000000000000000000   8
274.00000000000000000000   8
274.10000000000000000000   8
274.20000000000000000000   8
274.30000000000000000000   8
274.40000000000000000000   7
274.50000000000000000000   9
274.60000000000000000000   9
274.70000000000000000000   9
274.80000000000000000000   10
274.90000000000000000000   9
275.00000000000000000000   8
275.10000000000000000000   8
275.20000000000000000000   9
275.30000000000000000000   8
275.40000000000000000000   8
275.50000000000000000000   9
275.60000000000000000000   8
275.70000000000000000000   9
275.80000000000000000000   8
275.90000000000000000000   8
276.00000000000000000000   8
276.10000000000000000000   8
276.20000000000000000000   8
276.30000000000000000000   8
276.40000000000000000000   7
276.50000000000000000000   8
276.60000000000000000000   8
276.70000000000000000000   9
276.80000000000000000000   8
276.90000000000000000000   8
277.00000000000000000000   8
277.10000000000000000000   7
277.20000000000000000000   8
277.30000000000000000000   8
277.40000000000000000000   8
277.50000000000000000000   8
277.60000000000000000000   8
277.70000000000000000000   8
277.80000000000000000000   8
277.90000000000000000000   8
278.00000000000000000000   8
278.10000000000000000000   9
278.20000000000000000000   8
278.30000000000000000000   8
278.40000000000000000000   8
278.50000000000000000000   7
278.60000000000000000000   9
278.70000000000000000000   8
278.80000000000000000000   8
278.90000000000000000000   8
279.00000000000000000000   8
279.10000000000000000000   9
279.20000000000000000000   7
279.30000000000000000000   9
279.40000000000000000000   8
279.50000000000000000000   7
279.60000000000000000000   8
279.70000000000000000000   8
279.80000000000000000000   8
279.90000000000000000000   8
280.00000000000000000000   8
280.10000000000000000000   8
280.20000000000000000000   8
280.30000000000000000000   7
280.40000000000000000000   8
280.50000000000000000000   8
280.60000000000000000000   8
280.70000000000000000000   8
280.80000000000000000000   8
280.90000000000000000000   7
281.00000000000000000000   10
281.10000000000000000000   8
281.20000000000000000000   8
281.30000000000000000000   8
281.40000000000000000000   8
281.50000000000000000000   8
281.60000000000000000000   8
281.70000000000000000000   8
281.80000000000000000000   9
281.90000000000000000000   8
282.00000000000000000000   9
282.10000000000000000000   8
282.20000000000000000000   8
282.30000000000000000000   9
282.40000000000000000000   8
282.50000000000000000000   8
282.60000000000000000000   8
282.70000000000000000000   9
282.80000000000000000000   9
282.90000000000000000000   9
283.00000000000000000000   8
283.10000000000000000000   8
283.20000000000000000000   8
283.30000000000000000000   8
283.40000000000000000000   8
283.50000000000000000000   9
283.60000000000000000000   9
283.70000000000000000000   8
283.80000000000000000000   8
283.90000000000000000000   8
284.00000000000000000000   8
284.10000000000000000000   9
284.20000000000000000000   9
284.30000000000000000000   8
284.40000000000000000000   9
284.50000000000000000000   8
284.60000000000000000000   8
284.70000000000000000000   8
284.80000000000000000000   7
284.90000000000000000000   9
285.00000000000000000000   8
285.10000000000000000000   7
285.20000000000000000000   8
285.30000000000000000000   7
285.40000000000000000000   8
285.50000000000000000000   8
285.60000000000000000000   8
285.70000000000000000000   8
285.80000000000000000000   9
285.90000000000000000000   8
286.00000000000000000000   8
286.10000000000000000000   8
286.20000000000000000000   8
286.30000000000000000000   8
286.40000000000000000000   5
286.50000000000000000000   7
286.60000000000000000000   7
286.70000000000000000000   7
286.80000000000000000000   7
286.90000000000000000000   12
287.00000000000000000000   8
287.10000000000000000000   8
287.20000000000000000000   8
287.30000000000000000000   8
287.40000000000000000000   8
287.50000000000000000000   8
287.60000000000000000000   8
287.70000000000000000000   7
287.80000000000000000000   7
287.90000000000000000000   7
288.00000000000000000000   8
288.10000000000000000000   7
288.20000000000000000000   8
288.30000000000000000000   7
288.40000000000000000000   8
288.50000000000000000000   7
288.60000000000000000000   8
288.70000000000000000000   8
288.80000000000000000000   7
288.90000000000000000000   8
289.00000000000000000000   7
289.10000000000000000000   7
289.20000000000000000000   7
289.30000000000000000000   7
289.40000000000000000000   8
289.50000000000000000000   8
289.60000000000000000000   7
289.70000000000000000000   7
289.80000000000000000000   7
289.90000000000000000000   8
290.00000000000000000000   7
290.10000000000000000000   9
290.20000000000000000000   9
290.30000000000000000000   8
290.40000000000000000000   6
290.50000000000000000000   9
290.60000000000000000000   8
290.70000000000000000000   8
290.80000000000000000000   8
290.90000000000000000000   8
291.00000000000000000000   9
291.10000000000000000000   9
291.20000000000000000000   10
291.30000000000000000000   9
291.40000000000000000000   8
291.50000000000000000000   8
291.60000000000000000000   9
291.70000000000000000000   9
291.80000000000000000000   8
291.90000000000000000000   8
292.00000000000000000000   9
292.10000000000000000000   8
292.20000000000000000000   8
292.30000000000000000000   8
292.40000000000000000000   8
292.50000000000000000000   8
292.60000000000000000000   8
292.70000000000000000000   8
292.80000000000000000000   9
292.90000000000000000000   9
293.00000000000000000000   8
293.10000000000000000000   8
293.20000000000000000000   8
293.30000000000000000000   8
293.40000000000000000000   8
293.50000000000000000000   8
293.60000000000000000000   8
293.70000000000000000000   8
293.80000000000000000000   8
293.90000000000000000000   8
294.00000000000000000000   9
294.10000000000000000000   8
294.20000000000000000000   8
294.30000000000000000000   9
294.40000000000000000000   9
294.50000000000000000000   8
294.60000000000000000000   9
294.70000000000000000000   8
294.80000000000000000000   10
294.90000000000000000000   6
295.00000000000000000000   8
295.10000000000000000000   8
295.20000000000000000000   8
295.30000000000000000000   8
295.40000000000000000000   8
295.50000000000000000000   8
295.60000000000000000000   8
295.70000000000000000000   10
295.80000000000000000000   8
295.90000000000000000000   9
296.00000000000000000000   7
296.10000000000000000000   9
296.20000000000000000000   8
296.30000000000000000000   9
296.40000000000000000000   8
296.50000000000000000000   8
296.60000000000000000000   9
296.70000000000000000000   9
296.80000000000000000000   6
296.90000000000000000000   8
297.00000000000000000000   9
297.10000000000000000000   9
297.20000000000000000000   7
297.30000000000000000000   8
297.40000000000000000000   8
297.50000000000000000000   9
297.60000000000000000000   8
297.70000000000000000000   9
297.80000000000000000000   8
297.90000000000000000000   8
298.00000000000000000000   8
298.10000000000000000000   7
298.20000000000000000000   9
298.30000000000000000000   9
298.40000000000000000000   9
298.50000000000000000000   8
298.60000000000000000000   8
298.70000000000000000000   9
298.80000000000000000000   7
298.90000000000000000000   8
299.00000000000000000000   8
299.10000000000000000000   8
299.20000000000000000000   7
299.30000000000000000000   7
299.40000000000000000000   8
299.50000000000000000000   7
299.60000000000000000000   8
299.70000000000000000000   6
299.80000000000000000000   9
299.90000000000000000000   6
300.00000000000000000000   8
300.10000000000000000000   8
300.20000000000000000000   8
300.30000000000000000000   9
300.40000000000000000000   7
300.50000000000000000000   8
300.60000000000000000000   8
300.70000000000000000000   8
300.80000000000000000000   7
300.90000000000000000000   8
301.00000000000000000000   8
301.10000000000000000000   9
301.20000000000000000000   9
301.30000000000000000000   9
301.40000000000000000000   8
301.50000000000000000000   8
301.60000000000000000000   8
301.70000000000000000000   8
301.80000000000000000000   8
301.90000000000000000000   8
302.00000000000000000000   8
302.10000000000000000000   8
302.20000000000000000000   6
302.30000000000000000000   8
302.40000000000000000000   8
302.50000000000000000000   8
302.60000000000000000000   8
302.70000000000000000000   8
302.80000000000000000000   8
302.90000000000000000000   9
303.00000000000000000000   8
303.10000000000000000000   8
303.20000000000000000000   8
303.30000000000000000000   9
303.40000000000000000000   9
303.50000000000000000000   9
303.60000000000000000000   8
303.70000000000000000000   7
303.80000000000000000000   8
303.90000000000000000000   7
304.00000000000000000000   8
304.10000000000000000000   7
304.20000000000000000000   7
304.30000000000000000000   7
304.40000000000000000000   7
304.50000000000000000000   7
304.60000000000000000000   9
304.70000000000000000000   8
304.80000000000000000000   9
304.90000000000000000000   9
305.00000000000000000000   7
305.10000000000000000000   8
305.20000000000000000000   8
305.30000000000000000000   8
305.40000000000000000000   8
305.50000000000000000000   8
305.60000000000000000000   8
305.70000000000000000000   8
305.80000000000000000000   8
305.90000000000000000000   8
306.00000000000000000000   7
306.10000000000000000000   8
306.20000000000000000000   8
306.30000000000000000000   8
306.40000000000000000000   8
306.50000000000000000000   8
306.60000000000000000000   8
306.70000000000000000000   7
306.80000000000000000000   8
306.90000000000000000000   8
307.00000000000000000000   8
307.10000000000000000000   8
307.20000000000000000000   8
307.30000000000000000000   7
307.40000000000000000000   8
307.50000000000000000000   10
307.60000000000000000000   10
307.70000000000000000000   8
307.80000000000000000000   10
307.90000000000000000000   10
308.00000000000000000000   11
308.10000000000000000000   11
308.20000000000000000000   7
308.30000000000000000000   9
308.40000000000000000000   8
308.50000000000000000000   7
308.60000000000000000000   8
308.70000000000000000000   8
308.80000000000000000000   9
308.90000000000000000000   8
309.00000000000000000000   9
309.10000000000000000000   8
309.20000000000000000000   8
309.30000000000000000000   8
309.40000000000000000000   8
309.50000000000000000000   9
309.60000000000000000000   7
309.70000000000000000000   7
309.80000000000000000000   7
309.90000000000000000000   7
310.00000000000000000000   7
310.10000000000000000000   7
310.20000000000000000000   8
310.30000000000000000000   6
310.40000000000000000000   8
310.50000000000000000000   8
310.60000000000000000000   8
310.70000000000000000000   8
310.80000000000000000000   8
310.90000000000000000000   8
311.00000000000000000000   9
311.10000000000000000000   8
311.20000000000000000000   8
311.30000000000000000000   8
311.40000000000000000000   8
311.50000000000000000000   8
311.60000000000000000000   8
311.70000000000000000000   8
311.80000000000000000000   8
311.90000000000000000000   5
312.00000000000000000000   8
312.10000000000000000000   8
312.20000000000000000000   9
312.30000000000000000000   9
312.40000000000000000000   9
312.50000000000000000000   9
312.60000000000000000000   7
312.70000000000000000000   7
312.80000000000000000000   9
312.90000000000000000000   8
313.00000000000000000000   8
313.10000000000000000000   8
313.20000000000000000000   9
313.30000000000000000000   11
313.40000000000000000000   10
313.50000000000000000000   10
313.60000000000000000000   9
313.70000000000000000000   10
313.80000000000000000000   10
313.90000000000000000000   8
314.00000000000000000000   8
314.10000000000000000000   10
314.20000000000000000000   8
314.30000000000000000000   8
314.40000000000000000000   8
314.50000000000000000000   6
314.60000000000000000000   9
314.70000000000000000000   8
314.80000000000000000000   9
314.90000000000000000000   10
315.00000000000000000000   11
315.10000000000000000000   9
315.20000000000000000000   9
315.30000000000000000000   10
315.40000000000000000000   10
315.50000000000000000000   9
315.60000000000000000000   11
315.70000000000000000000   10
315.80000000000000000000   9
315.90000000000000000000   10
316.00000000000000000000   8
316.10000000000000000000   10
316.20000000000000000000   10
316.30000000000000000000   10
316.40000000000000000000   9
316.50000000000000000000   8
316.60000000000000000000   7
316.70000000000000000000   8
316.80000000000000000000   8
316.90000000000000000000   9
317.00000000000000000000   7
317.10000000000000000000   9
317.20000000000000000000   11
317.30000000000000000000   10
317.40000000000000000000   10
317.50000000000000000000   8
317.60000000000000000000   7
317.70000000000000000000   8
317.80000000000000000000   8
317.90000000000000000000   9
318.00000000000000000000   8
318.10000000000000000000   8
318.20000000000000000000   8
318.30000000000000000000   8
318.40000000000000000000   8
318.50000000000000000000   8
318.60000000000000000000   8
318.70000000000000000000   8
318.80000000000000000000   8
318.90000000000000000000   8
319.00000000000000000000   8
319.10000000000000000000   8
319.20000000000000000000   9
319.30000000000000000000   8
319.40000000000000000000   9
319.50000000000000000000   7
319.60000000000000000000   9
319.70000000000000000000   9
319.80000000000000000000   9
319.90000000000000000000   9
320.00000000000000000000   9
320.10000000000000000000   9
320.20000000000000000000   7
320.30000000000000000000   7
320.40000000000000000000   9
320.50000000000000000000   8
320.60000000000000000000   8
320.70000000000000000000   7
320.80000000000000000000   7
320.90000000000000000000   7
321.00000000000000000000   8
321.10000000000000000000   8
321.20000000000000000000   8
321.30000000000000000000   8
321.40000000000000000000   8
321.50000000000000000000   8
321.60000000000000000000   8
321.70000000000000000000   7
321.80000000000000000000   8
321.90000000000000000000   9
322.00000000000000000000   8
322.10000000000000000000   9
322.20000000000000000000   7
322.30000000000000000000   7
322.40000000000000000000   9
322.50000000000000000000   8
322.60000000000000000000   8
322.70000000000000000000   7
322.80000000000000000000   9
322.90000000000000000000   9
323.00000000000000000000   8
323.10000000000000000000   8
323.20000000000000000000   5
323.30000000000000000000   7
323.40000000000000000000   8
323.50000000000000000000   8
323.60000000000000000000   8
323.70000000000000000000   8
323.80000000000000000000   8
323.90000000000000000000   8
324.00000000000000000000   8
324.10000000000000000000   9
324.20000000000000000000   9
324.30000000000000000000   9
324.40000000000000000000   9
324.50000000000000000000   9
324.60000000000000000000   9
324.70000000000000000000   8
324.80000000000000000000   8
324.90000000000000000000   7
325.00000000000000000000   6
325.10000000000000000000   5
325.20000000000000000000   8
325.30000000000000000000   6
325.40000000000000000000   8
325.50000000000000000000   8
325.60000000000000000000   8
325.70000000000000000000   8
325.80000000000000000000   8
325.90000000000000000000   8
326.00000000000000000000   8
326.10000000000000000000   9
326.20000000000000000000   8
326.30000000000000000000   8
326.40000000000000000000   7
326.50000000000000000000   8
326.60000000000000000000   7
326.70000000000000000000   6
326.80000000000000000000   8
326.90000000000000000000   9
327.00000000000000000000   7
327.10000000000000000000   8
327.20000000000000000000   7
327.30000000000000000000   9
327.40000000000000000000   8
327.50000000000000000000   8
327.60000000000000000000   8
327.70000000000000000000   9
327.80000000000000000000   7
327.90000000000000000000   8
328.00000000000000000000   7
328.10000000000000000000   7
328.20000000000000000000   7
328.30000000000000000000   8
328.40000000000000000000   8
328.50000000000000000000   8
328.60000000000000000000   9
328.70000000000000000000   6
328.80000000000000000000   5
328.90000000000000000000   8
329.00000000000000000000   8
329.10000000000000000000   7
329.20000000000000000000   6
329.30000000000000000000   6
329.40000000000000000000   6
329.50000000000000000000   8
329.60000000000000000000   9
329.70000000000000000000   6
329.80000000000000000000   8
329.90000000000000000000   7
330.00000000000000000000   8
330.10000000000000000000   4
330.20000000000000000000   6
330.30000000000000000000   6
330.40000000000000000000   8
330.50000000000000000000   8
330.60000000000000000000   10
330.70000000000000000000   6
330.80000000000000000000   5
330.90000000000000000000   6
331.00000000000000000000   6
331.10000000000000000000   7
331.20000000000000000000   9
331.30000000000000000000   8
331.40000000000000000000   8
331.50000000000000000000   8
331.60000000000000000000   7
331.70000000000000000000   7
331.80000000000000000000   7
331.90000000000000000000   7
332.00000000000000000000   7
332.10000000000000000000   7
332.20000000000000000000   7
332.30000000000000000000   7
332.40000000000000000000   8
332.50000000000000000000   8
332.60000000000000000000   7
332.70000000000000000000   8
332.80000000000000000000   6
332.90000000000000000000   5
333.00000000000000000000   7
333.10000000000000000000   8
333.20000000000000000000   8
333.30000000000000000000   7
333.40000000000000000000   8
333.50000000000000000000   9
333.60000000000000000000   8
333.70000000000000000000   9
333.80000000000000000000   10
333.90000000000000000000   7
334.00000000000000000000   9
334.10000000000000000000   8
334.20000000000000000000   9
334.30000000000000000000   9
334.40000000000000000000   9
334.50000000000000000000   10
334.60000000000000000000   9
334.70000000000000000000   10
334.80000000000000000000   10
334.90000000000000000000   8
335.00000000000000000000   9
335.10000000000000000000   9
335.20000000000000000000   9
335.30000000000000000000   10
335.40000000000000000000   9
335.50000000000000000000   9
335.60000000000000000000   9
335.70000000000000000000   10
335.80000000000000000000   10
335.90000000000000000000   9
336.00000000000000000000   10
336.10000000000000000000   11
336.20000000000000000000   10
336.30000000000000000000   9
336.40000000000000000000   9
336.50000000000000000000   10
336.60000000000000000000   9
336.70000000000000000000   10
336.80000000000000000000   10
336.90000000000000000000   10
337.00000000000000000000   10
337.10000000000000000000   9
337.20000000000000000000   9
337.30000000000000000000   9
337.40000000000000000000   9
337.50000000000000000000   10
337.60000000000000000000   9
337.70000000000000000000   9
337.80000000000000000000   9
337.90000000000000000000   10
338.00000000000000000000   10
338.10000000000000000000   10
338.20000000000000000000   9
338.30000000000000000000   9
338.40000000000000000000   9
338.50000000000000000000   10
338.60000000000000000000   10
338.70000000000000000000   10
338.80000000000000000000   9
338.90000000000000000000   10
339.00000000000000000000   11
339.10000000000000000000   10
339.20000000000000000000   9
339.30000000000000000000   11
339.40000000000000000000   10
339.50000000000000000000   9
339.60000000000000000000   10
339.70000000000000000000   10
339.80000000000000000000   7
339.90000000000000000000   8
340.00000000000000000000   7
340.10000000000000000000   7
340.20000000000000000000   10
340.30000000000000000000   10
340.40000000000000000000   8
340.50000000000000000000   8
340.60000000000000000000   7
340.70000000000000000000   9
340.80000000000000000000   9
340.90000000000000000000   9
341.00000000000000000000   8
341.10000000000000000000   8
341.20000000000000000000   8
341.30000000000000000000   9
341.40000000000000000000   8
341.50000000000000000000   7
341.60000000000000000000   8
341.70000000000000000000   8
341.80000000000000000000   8
341.90000000000000000000   7
342.00000000000000000000   10
342.10000000000000000000   10
342.20000000000000000000   10
342.30000000000000000000   10
342.40000000000000000000   10
342.50000000000000000000   10
342.60000000000000000000   10
342.70000000000000000000   7
342.80000000000000000000   10
342.90000000000000000000   9
343.00000000000000000000   9
343.10000000000000000000   12
343.20000000000000000000   12
343.30000000000000000000   12
343.40000000000000000000   11
343.50000000000000000000   10
343.60000000000000000000   10
343.70000000000000000000   10
343.80000000000000000000   9
343.90000000000000000000   8
344.00000000000000000000   10
344.10000000000000000000   9
344.20000000000000000000   9
344.30000000000000000000   10
344.40000000000000000000   8
344.50000000000000000000   9
344.60000000000000000000   8
344.70000000000000000000   9
344.80000000000000000000   8
344.90000000000000000000   7
345.00000000000000000000   10
345.10000000000000000000   8
345.20000000000000000000   7
345.30000000000000000000   8
345.40000000000000000000   6
345.50000000000000000000   6
345.60000000000000000000   7
345.70000000000000000000   5
345.80000000000000000000   5
345.90000000000000000000   4
346.00000000000000000000   4
346.10000000000000000000   5
346.20000000000000000000   11
346.30000000000000000000   8
346.40000000000000000000   7
346.50000000000000000000   9
346.60000000000000000000   7
346.70000000000000000000   9
346.80000000000000000000   9
346.90000000000000000000   9
347.00000000000000000000   7
347.10000000000000000000   8
347.20000000000000000000   7
347.30000000000000000000   7
347.40000000000000000000   8
347.50000000000000000000   8
347.60000000000000000000   8
347.70000000000000000000   8
347.80000000000000000000   8
347.90000000000000000000   8
348.00000000000000000000   8
348.10000000000000000000   9
348.20000000000000000000   8
348.30000000000000000000   8
348.40000000000000000000   8
348.50000000000000000000   8
348.60000000000000000000   7
348.70000000000000000000   7
348.80000000000000000000   8
348.90000000000000000000   8
349.00000000000000000000   9
349.10000000000000000000   8
349.20000000000000000000   8
349.30000000000000000000   8
349.40000000000000000000   7
349.50000000000000000000   8
349.60000000000000000000   7
349.70000000000000000000   6
349.80000000000000000000   7
349.90000000000000000000   8
350.00000000000000000000   8
350.10000000000000000000   6
350.20000000000000000000   8
350.30000000000000000000   7
350.40000000000000000000   6
350.50000000000000000000   7
350.60000000000000000000   8
350.70000000000000000000   8
350.80000000000000000000   8
350.90000000000000000000   9
351.00000000000000000000   8
351.10000000000000000000   8
351.20000000000000000000   8
351.30000000000000000000   7
351.40000000000000000000   9
351.50000000000000000000   8
351.60000000000000000000   8
351.70000000000000000000   8
351.80000000000000000000   7
351.90000000000000000000   8
352.00000000000000000000   8
352.10000000000000000000   8
352.20000000000000000000   8
352.30000000000000000000   8
352.40000000000000000000   10
352.50000000000000000000   8
352.60000000000000000000   8
352.70000000000000000000   8
352.80000000000000000000   8
352.90000000000000000000   7
353.00000000000000000000   8
353.10000000000000000000   8
353.20000000000000000000   8
353.30000000000000000000   8
353.40000000000000000000   8
353.50000000000000000000   9
353.60000000000000000000   8
353.70000000000000000000   8
353.80000000000000000000   8
353.90000000000000000000   8
354.00000000000000000000   8
354.10000000000000000000   8
354.20000000000000000000   8
354.30000000000000000000   8
354.40000000000000000000   8
354.50000000000000000000   8
354.60000000000000000000   8
354.70000000000000000000   8
354.80000000000000000000   8
354.90000000000000000000   9
355.00000000000000000000   9
355.10000000000000000000   9
355.20000000000000000000   9
355.30000000000000000000   8
355.40000000000000000000   7
355.50000000000000000000   8
355.60000000000000000000   8
355.70000000000000000000   8
355.80000000000000000000   8
355.90000000000000000000   9
356.00000000000000000000   9
356.10000000000000000000   8
356.20000000000000000000   7
356.30000000000000000000   8
356.40000000000000000000   8
356.50000000000000000000   8
356.60000000000000000000   8
356.70000000000000000000   8
356.80000000000000000000   8
356.90000000000000000000   8
357.00000000000000000000   8
357.10000000000000000000   7
357.20000000000000000000   7
357.30000000000000000000   9
357.40000000000000000000   8
357.50000000000000000000   8
357.60000000000000000000   8
357.70000000000000000000   6
357.80000000000000000000   8
357.90000000000000000000   8
358.00000000000000000000   8
358.10000000000000000000   8
358.20000000000000000000   7
358.30000000000000000000   8
358.40000000000000000000   7
358.50000000000000000000   6
358.60000000000000000000   8
358.70000000000000000000   8
358.80000000000000000000   7
358.90000000000000000000   7
359.00000000000000000000   8
359.10000000000000000000   8
359.20000000000000000000   8
359.30000000000000000000   7
359.40000000000000000000   8
359.50000000000000000000   7
359.60000000000000000000   7
359.70000000000000000000   9
359.80000000000000000000   8
359.90000000000000000000   8
360.00000000000000000000   9
360.10000000000000000000   7
360.20000000000000000000   8
360.30000000000000000000   9
360.40000000000000000000   8
360.50000000000000000000   8
360.60000000000000000000   8
360.70000000000000000000   8
360.80000000000000000000   8
360.90000000000000000000   7
361.00000000000000000000   7
361.10000000000000000000   8
361.20000000000000000000   7
361.30000000000000000000   8
361.40000000000000000000   7
361.50000000000000000000   7
361.60000000000000000000   6
361.70000000000000000000   7
361.80000000000000000000   8
361.90000000000000000000   8
362.00000000000000000000   8
362.10000000000000000000   8
362.20000000000000000000   8
362.30000000000000000000   8
362.40000000000000000000   8
362.50000000000000000000   8
362.60000000000000000000   8
362.70000000000000000000   8
362.80000000000000000000   8
362.90000000000000000000   8
363.00000000000000000000   8
363.10000000000000000000   8
363.20000000000000000000   7
363.30000000000000000000   8
363.40000000000000000000   8
363.50000000000000000000   8
363.60000000000000000000   8
363.70000000000000000000   7
363.80000000000000000000   7
363.90000000000000000000   8
364.00000000000000000000   8
364.10000000000000000000   8
364.20000000000000000000   8
364.30000000000000000000   7
364.40000000000000000000   8
364.50000000000000000000   7
364.60000000000000000000   6
364.70000000000000000000   7
364.80000000000000000000   7
364.90000000000000000000   7
365.00000000000000000000   7
365.10000000000000000000   7
365.20000000000000000000   7
365.30000000000000000000   7
365.40000000000000000000   7
365.50000000000000000000   7
365.60000000000000000000   7
365.70000000000000000000   8
365.80000000000000000000   7
365.90000000000000000000   7
366.00000000000000000000   8
366.10000000000000000000   8
366.20000000000000000000   5
366.30000000000000000000   6
366.40000000000000000000   5
366.50000000000000000000   6
366.60000000000000000000   6
366.70000000000000000000   5
366.80000000000000000000   6
366.90000000000000000000   8
367.00000000000000000000   7
367.10000000000000000000   8
367.20000000000000000000   7
367.30000000000000000000   8
367.40000000000000000000   7
367.50000000000000000000   8
367.60000000000000000000   8
367.70000000000000000000   7
367.80000000000000000000   7
367.90000000000000000000   8
368.00000000000000000000   9
368.10000000000000000000   9
368.20000000000000000000   8
368.30000000000000000000   7
368.40000000000000000000   7
368.50000000000000000000   7
368.60000000000000000000   8
368.70000000000000000000   10
368.80000000000000000000   8
368.90000000000000000000   7
369.00000000000000000000   7
369.10000000000000000000   8
369.20000000000000000000   7
369.30000000000000000000   9
369.40000000000000000000   9
369.50000000000000000000   8
369.60000000000000000000   9
369.70000000000000000000   8
369.80000000000000000000   8
369.90000000000000000000   8
370.00000000000000000000   8
370.10000000000000000000   6
370.20000000000000000000   7
370.30000000000000000000   6
370.40000000000000000000   6
370.50000000000000000000   7
370.60000000000000000000   6
370.70000000000000000000   5
370.80000000000000000000   6
370.90000000000000000000   6
371.00000000000000000000   5
371.10000000000000000000   4
371.20000000000000000000   5
371.30000000000000000000   8
371.40000000000000000000   8
371.50000000000000000000   8
371.60000000000000000000   6
371.70000000000000000000   7
371.80000000000000000000   9
371.90000000000000000000   8
372.00000000000000000000   9
372.10000000000000000000   9
372.20000000000000000000   6
372.30000000000000000000   6
372.40000000000000000000   8
372.50000000000000000000   9
372.60000000000000000000   6
372.70000000000000000000   7
372.80000000000000000000   4
372.90000000000000000000   5
373.00000000000000000000   4
373.10000000000000000000   4
373.20000000000000000000   3
373.30000000000000000000   5
373.40000000000000000000   4
373.50000000000000000000   7
373.60000000000000000000   5
373.70000000000000000000   5
373.80000000000000000000   4
373.90000000000000000000   4
374.00000000000000000000   0
374.10000000000000000000   0
374.20000000000000000000   2
374.30000000000000000000   2
374.40000000000000000000   0
374.50000000000000000000   0
374.60000000000000000000   0
374.70000000000000000000   0
374.80000000000000000000   0
374.90000000000000000000   0
375.00000000000000000000   0
375.10000000000000000000   0
375.20000000000000000000   0
375.30000000000000000000   0
375.40000000000000000000   0
375.50000000000000000000   0
375.60000000000000000000   0
375.70000000000000000000   0
375.80000000000000000000   0
375.90000000000000000000   0
376.00000000000000000000   0
376.10000000000000000000   0
376.20000000000000000000   0
376.30000000000000000000   1
376.40000000000000000000   1
376.50000000000000000000   0
376.60000000000000000000   0
376.70000000000000000000   1
376.80000000000000000000   0
376.90000000000000000000   0
377.00000000000000000000   0
377.10000000000000000000   0
377.20000000000000000000   0
377.30000000000000000000   0
377.40000000000000000000   0
377.50000000000000000000   1
377.60000000000000000000   0
377.70000000000000000000   0
377.80000000000000000000   1
377.90000000000000000000   0
378.00000000000000000000   0
378.10000000000000000000   0
378.20000000000000000000   0
378.30000000000000000000   0
378.40000000000000000000   0
378.50000000000000000000   0
378.60000000000000000000   0
378.70000000000000000000   0
378.80000000000000000000   0
378.90000000000000000000   2
379.00000000000000000000   0
379.10000000000000000000   0
379.20000000000000000000   0
379.30000000000000000000   2
379.40000000000000000000   4
379.50000000000000000000   0
379.60000000000000000000   0
379.70000000000000000000   1
379.80000000000000000000   1
379.90000000000000000000   0
380.00000000000000000000   1
380.10000000000000000000   0
380.20000000000000000000   0
380.30000000000000000000   1
380.40000000000000000000   0
380.50000000000000000000   0
380.60000000000000000000   0
380.70000000000000000000   0
380.80000000000000000000   0
380.90000000000000000000   0
381.00000000000000000000   0
381.10000000000000000000   0
381.20000000000000000000   0
381.30000000000000000000   0
381.40000000000000000000   0
381.50000000000000000000   2
381.60000000000000000000   0
381.70000000000000000000   0
381.80000000000000000000   1
381.90000000000000000000   1
382.00000000000000000000   3
382.10000000000000000000   7
382.20000000000000000000   8
382.30000000000000000000   7
382.40000000000000000000   7
382.50000000000000000000   7
382.60000000000000000000   7
382.70000000000000000000   7
382.80000000000000000000   9
382.90000000000000000000   2
383.00000000000000000000   7
383.10000000000000000000   4
383.20000000000000000000   4
383.30000000000000000000   5
383.40000000000000000000   2
383.50000000000000000000   1
383.60000000000000000000   2
383.70000000000000000000   2
383.80000000000000000000   2
383.90000000000000000000   2
384.00000000000000000000   2
384.10000000000000000000   2
384.20000000000000000000   2
384.30000000000000000000   3
384.40000000000000000000   2
384.50000000000000000000   5
384.60000000000000000000   2
384.70000000000000000000   2
384.80000000000000000000   2
384.90000000000000000000   1
385.00000000000000000000   3
385.10000000000000000000   1
385.20000000000000000000   2
385.30000000000000000000   1
385.40000000000000000000   0
385.50000000000000000000   0
385.60000000000000000000   0
385.70000000000000000000   0
385.80000000000000000000   2
385.90000000000000000000   0
386.00000000000000000000   0
386.10000000000000000000   0
386.20000000000000000000   0
386.30000000000000000000   0
386.40000000000000000000   0
386.50000000000000000000   0
386.60000000000000000000   0
386.70000000000000000000   0
386.80000000000000000000   0
386.90000000000000000000   0
387.00000000000000000000   0
387.10000000000000000000   0
387.20000000000000000000   0
387.30000000000000000000   0
387.40000000000000000000   0
387.50000000000000000000   0
387.60000000000000000000   1
387.70000000000000000000   0
387.80000000000000000000   0
387.90000000000000000000   0
388.00000000000000000000   0
388.10000000000000000000   0
388.20000000000000000000   0
388.30000000000000000000   0
388.40000000000000000000   0
388.50000000000000000000   0
388.60000000000000000000   0
388.70000000000000000000   0
388.80000000000000000000   0
388.90000000000000000000   0
389.00000000000000000000   0
389.10000000000000000000   0
389.20000000000000000000   0
389.30000000000000000000   0
389.40000000000000000000   0
389.50000000000000000000   0
389.60000000000000000000   0
389.70000000000000000000   0
389.80000000000000000000   0
389.90000000000000000000   0
390.00000000000000000000   0
390.10000000000000000000   0
390.20000000000000000000   0
390.30000000000000000000   1
390.40000000000000000000   0
390.50000000000000000000   0
390.60000000000000000000   0
390.70000000000000000000   0
390.80000000000000000000   0
390.90000000000000000000   0
391.00000000000000000000   1
391.10000000000000000000   0
391.20000000000000000000   0
391.30000000000000000000   0
391.40000000000000000000   1
391.50000000000000000000   0
391.60000000000000000000   0
391.70000000000000000000   1
391.80000000000000000000   4
391.90000000000000000000   5
392.00000000000000000000   2
392.10000000000000000000   3
392.20000000000000000000   3
392.30000000000000000000   2
392.40000000000000000000   3
392.50000000000000000000   6
392.60000000000000000000   5
392.70000000000000000000   6
392.80000000000000000000   4
392.90000000000000000000   3
393.00000000000000000000   3
393.10000000000000000000   3
393.20000000000000000000   4
393.30000000000000000000   4
393.40000000000000000000   5
393.50000000000000000000   2
393.60000000000000000000   2
393.70000000000000000000   5
393.80000000000000000000   5
393.90000000000000000000   3
394.00000000000000000000   3
394.10000000000000000000   3
394.20000000000000000000   4
394.30000000000000000000   5
394.40000000000000000000   4
394.50000000000000000000   5
394.60000000000000000000   3
394.70000000000000000000   4
394.80000000000000000000   5
394.90000000000000000000   5
395.00000000000000000000   7
395.10000000000000000000   6
395.20000000000000000000   5
395.30000000000000000000   8
395.40000000000000000000   7
395.50000000000000000000   6
395.60000000000000000000   7
395.70000000000000000000   6
395.80000000000000000000   5
395.90000000000000000000   6
396.00000000000000000000   2
396.10000000000000000000   2
396.20000000000000000000   2
396.30000000000000000000   0
396.40000000000000000000   5
396.50000000000000000000   1
396.60000000000000000000   3
396.70000000000000000000   6
396.80000000000000000000   3
396.90000000000000000000   4
397.00000000000000000000   4
397.10000000000000000000   6
397.20000000000000000000   6
397.30000000000000000000   4
397.40000000000000000000   6
397.50000000000000000000   5
397.60000000000000000000   6
397.70000000000000000000   5
397.80000000000000000000   3
397.90000000000000000000   6
398.00000000000000000000   6
398.10000000000000000000   5
398.20000000000000000000   6
398.30000000000000000000   5
398.40000000000000000000   2
398.50000000000000000000   1
398.60000000000000000000   0
398.70000000000000000000   0
398.80000000000000000000   0
398.90000000000000000000   0
399.00000000000000000000   0
399.10000000000000000000   0
399.20000000000000000000   0
399.30000000000000000000   0
399.40000000000000000000   0
399.50000000000000000000   0
399.60000000000000000000   0
399.70000000000000000000   0
