200.00000000000000000000   11
200.10000000000000000000   13
200.20000000000000000000   15
200.30000000000000000000   17
200.40000000000000000000   17
200.50000000000000000000   16
200.60000000000000000000   15
200.70000000000000000000   14
200.80000000000000000000   12
200.90000000000000000000   14
201.00000000000000000000   10
201.10000000000000000000   10
201.20000000000000000000   13
201.30000000000000000000   12
201.40000000000000000000   10
201.50000000000000000000   13
201.60000000000000000000   10
201.70000000000000000000   13
201.80000000000000000000   9
201.90000000000000000000   11
202.00000000000000000000   11
202.10000000000000000000   14
202.20000000000000000000   13
202.30000000000000000000   14
202.40000000000000000000   14
202.50000000000000000000   12
202.60000000000000000000   10
202.70000000000000000000   10
202.80000000000000000000   8
202.90000000000000000000   11
203.00000000000000000000   7
203.10000000000000000000   12
203.20000000000000000000   14
203.30000000000000000000   17
203.40000000000000000000   11
203.50000000000000000000   17
203.60000000000000000000   13
203.70000000000000000000   13
203.80000000000000000000   10
203.90000000000000000000   14
204.00000000000000000000   13
204.10000000000000000000   15
204.20000000000000000000   12
204.30000000000000000000   11
204.40000000000000000000   11
204.50000000000000000000   16
204.60000000000000000000   13
204.70000000000000000000   12
204.80000000000000000000   12
204.90000000000000000000   11
205.00000000000000000000   15
205.10000000000000000000   12
205.20000000000000000000   15
205.30000000000000000000   15
205.40000000000000000000   17
205.50000000000000000000   11
205.60000000000000000000   14
205.70000000000000000000   12
205.80000000000000000000   8
205.90000000000000000000   15
206.00000000000000000000   9
206.10000000000000000000   10
206.20000000000000000000   12
206.30000000000000000000   13
206.40000000000000000000   14
206.50000000000000000000   11
206.60000000000000000000   12
206.70000000000000000000   10
206.80000000000000000000   9
206.90000000000000000000   8
207.00000000000000000000   9
207.10000000000000000000   11
207.20000000000000000000   10
207.30000000000000000000   8
207.40000000000000000000   10
207.50000000000000000000   11
207.60000000000000000000   11
207.70000000000000000000   9
207.80000000000000000000   10
207.90000000000000000000   9
208.00000000000000000000   9
208.10000000000000000000   11
208.20000000000000000000   8
208.30000000000000000000   15
208.40000000000000000000   13
208.50000000000000000000   16
208.60000000000000000000   13
208.70000000000000000000   9
208.80000000000000000000   12
208.90000000000000000000   10
209.00000000000000000000   9
209.10000000000000000000   11
209.20000000000000000000   10
209.30000000000000000000   7
209.40000000000000000000   9
209.50000000000000000000   8
209.60000000000000000000   8
209.70000000000000000000   7
209.80000000000000000000   5
209.90000000000000000000   8
210.00000000000000000000   10
210.10000000000000000000   10
210.20000000000000000000   10
210.30000000000000000000   10
210.40000000000000000000   11
210.50000000000000000000   10
210.60000000000000000000   11
210.70000000000000000000   14
210.80000000000000000000   10
210.90000000000000000000   9
211.00000000000000000000   7
211.10000000000000000000   8
211.20000000000000000000   11
211.30000000000000000000   8
211.40000000000000000000   8
211.50000000000000000000   13
211.60000000000000000000   11
211.70000000000000000000   11
211.80000000000000000000   11
211.90000000000000000000   11
212.00000000000000000000   10
212.10000000000000000000   11
212.20000000000000000000   12
212.30000000000000000000   9
212.40000000000000000000   9
212.50000000000000000000   10
212.60000000000000000000   11
212.70000000000000000000   10
212.80000000000000000000   11
212.90000000000000000000   14
213.00000000000000000000   12
213.10000000000000000000   13
213.20000000000000000000   11
213.30000000000000000000   11
213.40000000000000000000   11
213.50000000000000000000   10
213.60000000000000000000   10
213.70000000000000000000   10
213.80000000000000000000   12
213.90000000000000000000   12
214.00000000000000000000   16
214.10000000000000000000   16
214.20000000000000000000   14
214.30000000000000000000   13
214.40000000000000000000   19
214.50000000000000000000   14
214.60000000000000000000   18
214.70000000000000000000   15
214.80000000000000000000   16
214.90000000000000000000   16
215.00000000000000000000   12
215.10000000000000000000   14
215.20000000000000000000   10
215.30000000000000000000   11
215.40000000000000000000   11
215.50000000000000000000   15
215.60000000000000000000   11
215.70000000000000000000   10
215.80000000000000000000   14
215.90000000000000000000   14
216.00000000000000000000   12
216.10000000000000000000   12
216.20000000000000000000   13
216.30000000000000000000   16
216.40000000000000000000   12
216.50000000000000000000   12
216.60000000000000000000   9
216.70000000000000000000   12
216.80000000000000000000   13
216.90000000000000000000   14
217.00000000000000000000   12
217.10000000000000000000   15
217.20000000000000000000   11
217.30000000000000000000   17
217.40000000000000000000   15
217.50000000000000000000   13
217.60000000000000000000   12
217.70000000000000000000   17
217.80000000000000000000   13
217.90000000000000000000   12
218.00000000000000000000   12
218.10000000000000000000   13
218.20000000000000000000   16
218.30000000000000000000   12
218.40000000000000000000   13
218.50000000000000000000   13
218.60000000000000000000   14
218.70000000000000000000   17
218.80000000000000000000   16
218.90000000000000000000   15
219.00000000000000000000   15
219.10000000000000000000   18
219.20000000000000000000   12
219.30000000000000000000   13
219.40000000000000000000   12
219.50000000000000000000   11
219.60000000000000000000   15
219.70000000000000000000   17
219.80000000000000000000   13
219.90000000000000000000   19
220.00000000000000000000   16
220.10000000000000000000   19
220.20000000000000000000   21
220.30000000000000000000   21
220.40000000000000000000   17
220.50000000000000000000   14
220.60000000000000000000   13
220.70000000000000000000   14
220.80000000000000000000   17
220.90000000000000000000   14
221.00000000000000000000   16
221.10000000000000000000   17
221.20000000000000000000   15
221.30000000000000000000   19
221.40000000000000000000   16
221.50000000000000000000   18
221.60000000000000000000   19
221.70000000000000000000   17
221.80000000000000000000   14
221.90000000000000000000   12
222.00000000000000000000   12
222.10000000000000000000   13
222.20000000000000000000   19
222.30000000000000000000   10
222.40000000000000000000   17
222.50000000000000000000   15
222.60000000000000000000   15
222.70000000000000000000   16
222.80000000000000000000   14
222.90000000000000000000   14
223.00000000000000000000   14
223.10000000000000000000   19
223.20000000000000000000   14
223.30000000000000000000   16
223.40000000000000000000   20
223.50000000000000000000   18
223.60000000000000000000   19
223.70000000000000000000   14
223.80000000000000000000   14
223.90000000000000000000   19
224.00000000000000000000   17
224.10000000000000000000   15
224.20000000000000000000   15
224.30000000000000000000   16
224.40000000000000000000   15
224.50000000000000000000   14
224.60000000000000000000   13
224.70000000000000000000   19
224.80000000000000000000   17
224.90000000000000000000   14
225.00000000000000000000   14
225.10000000000000000000   12
225.20000000000000000000   14
225.30000000000000000000   14
225.40000000000000000000   14
225.50000000000000000000   19
225.60000000000000000000   19
225.70000000000000000000   19
225.80000000000000000000   15
225.90000000000000000000   16
226.00000000000000000000   16
226.10000000000000000000   14
226.20000000000000000000   14
226.30000000000000000000   17
226.40000000000000000000   21
226.50000000000000000000   14
226.60000000000000000000   15
226.70000000000000000000   15
226.80000000000000000000   12
226.90000000000000000000   15
227.00000000000000000000   16
227.10000000000000000000   17
227.20000000000000000000   14
227.30000000000000000000   16
227.40000000000000000000   13
227.50000000000000000000   12
227.60000000000000000000   16
227.70000000000000000000   15
227.80000000000000000000   14
227.90000000000000000000   12
228.00000000000000000000   15
228.10000000000000000000   11
228.20000000000000000000   15
228.30000000000000000000   12
228.40000000000000000000   14
228.50000000000000000000   13
228.60000000000000000000   14
228.70000000000000000000   11
228.80000000000000000000   13
228.90000000000000000000   13
229.00000000000000000000   14
229.10000000000000000000   13
229.20000000000000000000   12
229.30000000000000000000   12
229.40000000000000000000   15
229.50000000000000000000   15
229.60000000000000000000   15
229.70000000000000000000   15
229.80000000000000000000   14
229.90000000000000000000   14
230.00000000000000000000   16
230.10000000000000000000   13
230.20000000000000000000   14
230.30000000000000000000   13
230.40000000000000000000   14
230.50000000000000000000   14
230.60000000000000000000   13
230.70000000000000000000   13
230.80000000000000000000   15
230.90000000000000000000   13
231.00000000000000000000   11
231.10000000000000000000   11
231.20000000000000000000   15
231.30000000000000000000   15
231.40000000000000000000   15
231.50000000000000000000   16
231.60000000000000000000   14
231.70000000000000000000   15
231.80000000000000000000   15
231.90000000000000000000   16
232.00000000000000000000   16
232.10000000000000000000   17
232.20000000000000000000   16
232.30000000000000000000   13
232.40000000000000000000   16
232.50000000000000000000   16
232.60000000000000000000   17
232.70000000000000000000   14
232.80000000000000000000   16
232.90000000000000000000   16
233.00000000000000000000   17
233.10000000000000000000   17
233.20000000000000000000   15
233.30000000000000000000   13
233.40000000000000000000   14
233.50000000000000000000   21
233.60000000000000000000   15
233.70000000000000000000   14
233.80000000000000000000   15
233.90000000000000000000   15
234.00000000000000000000   17
234.10000000000000000000   15
234.20000000000000000000   16
234.30000000000000000000   13
234.40000000000000000000   13
234.50000000000000000000   15
234.60000000000000000000   15
234.70000000000000000000   15
234.80000000000000000000   16
234.90000000000000000000   16
235.00000000000000000000   14
235.10000000000000000000   15
235.20000000000000000000   17
235.30000000000000000000   16
235.40000000000000000000   16
235.50000000000000000000   14
235.60000000000000000000   17
235.70000000000000000000   15
235.80000000000000000000   17
235.90000000000000000000   14
236.00000000000000000000   13
236.10000000000000000000   15
236.20000000000000000000   18
236.30000000000000000000   17
236.40000000000000000000   20
236.50000000000000000000   15
236.60000000000000000000   17
236.70000000000000000000   15
236.80000000000000000000   14
236.90000000000000000000   15
237.00000000000000000000   16
237.10000000000000000000   15
237.20000000000000000000   15
237.30000000000000000000   15
237.40000000000000000000   15
237.50000000000000000000   18
237.60000000000000000000   24
237.70000000000000000000   16
237.80000000000000000000   17
237.90000000000000000000   19
238.00000000000000000000   16
238.10000000000000000000   18
238.20000000000000000000   18
238.30000000000000000000   17
238.40000000000000000000   16
238.50000000000000000000   17
238.60000000000000000000   18
238.70000000000000000000   15
238.80000000000000000000   21
238.90000000000000000000   19
239.00000000000000000000   19
239.10000000000000000000   18
239.20000000000000000000   15
239.30000000000000000000   13
239.40000000000000000000   13
239.50000000000000000000   14
239.60000000000000000000   14
239.70000000000000000000   12
239.80000000000000000000   13
239.90000000000000000000   10
240.00000000000000000000   14
240.10000000000000000000   12
240.20000000000000000000   12
240.30000000000000000000   12
240.40000000000000000000   14
240.50000000000000000000   12
240.60000000000000000000   18
240.70000000000000000000   16
240.80000000000000000000   16
240.90000000000000000000   17
241.00000000000000000000   13
241.10000000000000000000   12
241.20000000000000000000   12
241.30000000000000000000   12
241.40000000000000000000   11
241.50000000000000000000   13
241.60000000000000000000   12
241.70000000000000000000   12
241.80000000000000000000   13
241.90000000000000000000   14
242.00000000000000000000   11
242.10000000000000000000   11
242.20000000000000000000   13
242.30000000000000000000   15
242.40000000000000000000   9
242.50000000000000000000   12
242.60000000000000000000   11
242.70000000000000000000   12
242.80000000000000000000   12
242.90000000000000000000   13
243.00000000000000000000   13
243.10000000000000000000   14
243.20000000000000000000   14
243.30000000000000000000   11
243.40000000000000000000   13
243.50000000000000000000   12
243.60000000000000000000   13
243.70000000000000000000   14
243.80000000000000000000   13
243.90000000000000000000   14
244.00000000000000000000   13
244.10000000000000000000   15
244.20000000000000000000   18
244.30000000000000000000   16
244.40000000000000000000   16
244.50000000000000000000   13
244.60000000000000000000   13
244.70000000000000000000   13
244.80000000000000000000   12
244.90000000000000000000   13
245.00000000000000000000   17
245.10000000000000000000   10
245.20000000000000000000   8
245.30000000000000000000   10
245.40000000000000000000   11
245.50000000000000000000   16
245.60000000000000000000   16
245.70000000000000000000   13
245.80000000000000000000   15
245.90000000000000000000   15
246.00000000000000000000   10
246.10000000000000000000   13
246.20000000000000000000   12
246.30000000000000000000   14
246.40000000000000000000   16
246.50000000000000000000   13
246.60000000000000000000   15
246.70000000000000000000   12
246.80000000000000000000   12
246.90000000000000000000   15
247.00000000000000000000   14
247.10000000000000000000   11
247.20000000000000000000   14
247.30000000000000000000   12
247.40000000000000000000   15
247.50000000000000000000   12
247.60000000000000000000   12
247.70000000000000000000   14
247.80000000000000000000   11
247.90000000000000000000   11
248.00000000000000000000   12
248.10000000000000000000   14
248.20000000000000000000   14
248.30000000000000000000   14
248.40000000000000000000   12
248.50000000000000000000   13
248.60000000000000000000   16
248.70000000000000000000   12
248.80000000000000000000   12
248.90000000000000000000   13
249.00000000000000000000   13
249.10000000000000000000   14
249.20000000000000000000   12
249.30000000000000000000   13
249.40000000000000000000   15
249.50000000000000000000   12
249.60000000000000000000   12
249.70000000000000000000   15
249.80000000000000000000   10
249.90000000000000000000   8
250.00000000000000000000   14
250.10000000000000000000   13
250.20000000000000000000   12
250.30000000000000000000   12
250.40000000000000000000   14
250.50000000000000000000   17
250.60000000000000000000   15
250.70000000000000000000   13
250.80000000000000000000   15
250.90000000000000000000   17
251.00000000000000000000   13
251.10000000000000000000   20
251.20000000000000000000   19
251.30000000000000000000   19
251.40000000000000000000   16
251.50000000000000000000   18
251.60000000000000000000   14
251.70000000000000000000   16
251.80000000000000000000   14
251.90000000000000000000   12
252.00000000000000000000   15
252.10000000000000000000   14
252.20000000000000000000   12
252.30000000000000000000   14
252.40000000000000000000   15
252.50000000000000000000   14
252.60000000000000000000   14
252.70000000000000000000   13
252.80000000000000000000   15
252.90000000000000000000   17
253.00000000000000000000   14
253.10000000000000000000   13
253.20000000000000000000   15
253.30000000000000000000   16
253.40000000000000000000   12
253.50000000000000000000   14
253.60000000000000000000   14
253.70000000000000000000   14
253.80000000000000000000   13
253.90000000000000000000   14
254.00000000000000000000   15
254.10000000000000000000   14
254.20000000000000000000   14
254.30000000000000000000   12
254.40000000000000000000   13
254.50000000000000000000   14
254.60000000000000000000   13
254.70000000000000000000   15
254.80000000000000000000   18
254.90000000000000000000   14
255.00000000000000000000   16
255.10000000000000000000   17
255.20000000000000000000   19
255.30000000000000000000   20
255.40000000000000000000   13
255.50000000000000000000   15
255.60000000000000000000   13
255.70000000000000000000   13
255.80000000000000000000   13
255.90000000000000000000   11
256.00000000000000000000   12
256.10000000000000000000   10
256.20000000000000000000   10
256.30000000000000000000   11
256.40000000000000000000   11
256.50000000000000000000   12
256.60000000000000000000   11
256.70000000000000000000   9
256.80000000000000000000   10
256.90000000000000000000   9
257.00000000000000000000   8
257.10000000000000000000   11
257.20000000000000000000   12
257.30000000000000000000   12
257.40000000000000000000   9
257.50000000000000000000   13
257.60000000000000000000   13
257.70000000000000000000   10
257.80000000000000000000   11
257.90000000000000000000   10
258.00000000000000000000   9
258.10000000000000000000   12
258.20000000000000000000   10
258.30000000000000000000   14
258.40000000000000000000   15
258.50000000000000000000   15
258.60000000000000000000   14
258.70000000000000000000   8
258.80000000000000000000   9
258.90000000000000000000   11
259.00000000000000000000   11
259.10000000000000000000   10
259.20000000000000000000   11
259.30000000000000000000   11
259.40000000000000000000   10
259.50000000000000000000   12
259.60000000000000000000   10
259.70000000000000000000   12
259.80000000000000000000   13
259.90000000000000000000   14
260.00000000000000000000   12
260.10000000000000000000   17
260.20000000000000000000   16
260.30000000000000000000   13
260.40000000000000000000   11
260.50000000000000000000   12
260.60000000000000000000   13
260.70000000000000000000   11
260.80000000000000000000   9
260.90000000000000000000   14
261.00000000000000000000   12
261.10000000000000000000   12
261.20000000000000000000   15
261.30000000000000000000   11
261.40000000000000000000   12
261.50000000000000000000   12
261.60000000000000000000   10
261.70000000000000000000   12
261.80000000000000000000   12
261.90000000000000000000   10
262.00000000000000000000   10
262.10000000000000000000   15
262.20000000000000000000   11
262.30000000000000000000   11
262.40000000000000000000   12
262.50000000000000000000   10
262.60000000000000000000   13
262.70000000000000000000   10
262.80000000000000000000   12
262.90000000000000000000   12
263.00000000000000000000   12
263.10000000000000000000   11
263.20000000000000000000   12
263.30000000000000000000   9
263.40000000000000000000   15
263.50000000000000000000   9
263.60000000000000000000   8
263.70000000000000000000   12
263.80000000000000000000   12
263.90000000000000000000   10
264.00000000000000000000   9
264.10000000000000000000   12
264.20000000000000000000   12
264.30000000000000000000   14
264.40000000000000000000   14
264.50000000000000000000   11
264.60000000000000000000   12
264.70000000000000000000   12
264.80000000000000000000   11
264.90000000000000000000   15
265.00000000000000000000   12
265.10000000000000000000   13
265.20000000000000000000   13
265.30000000000000000000   12
265.40000000000000000000   12
265.50000000000000000000   12
265.60000000000000000000   11
265.70000000000000000000   12
265.80000000000000000000   11
265.90000000000000000000   16
266.00000000000000000000   11
266.10000000000000000000   11
266.20000000000000000000   10
266.30000000000000000000   12
266.40000000000000000000   13
266.50000000000000000000   17
266.60000000000000000000   18
266.70000000000000000000   19
266.80000000000000000000   14
266.90000000000000000000   12
267.00000000000000000000   13
267.10000000000000000000   14
267.20000000000000000000   14
267.30000000000000000000   12
267.40000000000000000000   12
267.50000000000000000000   11
267.60000000000000000000   10
267.70000000000000000000   11
267.80000000000000000000   14
267.90000000000000000000   12
268.00000000000000000000   10
268.10000000000000000000   11
268.20000000000000000000   12
268.30000000000000000000   15
268.40000000000000000000   11
268.50000000000000000000   12
268.60000000000000000000   11
268.70000000000000000000   10
268.80000000000000000000   13
268.90000000000000000000   14
269.00000000000000000000   12
269.10000000000000000000   12
269.20000000000000000000   12
269.30000000000000000000   12
269.40000000000000000000   14
269.50000000000000000000   14
269.60000000000000000000   13
269.70000000000000000000   14
269.80000000000000000000   15
269.90000000000000000000   14
270.00000000000000000000   12
270.10000000000000000000   12
270.20000000000000000000   11
270.30000000000000000000   13
270.40000000000000000000   13
270.50000000000000000000   10
270.60000000000000000000   15
270.70000000000000000000   17
270.80000000000000000000   16
270.90000000000000000000   14
271.00000000000000000000   12
271.10000000000000000000   10
271.20000000000000000000   13
271.30000000000000000000   13
271.40000000000000000000   11
271.50000000000000000000   10
271.60000000000000000000   13
271.70000000000000000000   13
271.80000000000000000000   14
271.90000000000000000000   16
272.00000000000000000000   15
272.10000000000000000000   13
272.20000000000000000000   14
272.30000000000000000000   13
272.40000000000000000000   14
272.50000000000000000000   16
272.60000000000000000000   12
272.70000000000000000000   15
272.80000000000000000000   13
272.90000000000000000000   17
273.00000000000000000000   14
273.10000000000000000000   10
273.20000000000000000000   14
273.30000000000000000000   11
273.40000000000000000000   15
273.50000000000000000000   15
273.60000000000000000000   15
273.70000000000000000000   15
273.80000000000000000000   13
273.90000000000000000000   11
274.00000000000000000000   11
274.10000000000000000000   15
274.20000000000000000000   15
274.30000000000000000000   13
274.40000000000000000000   13
274.50000000000000000000   16
274.60000000000000000000   18
274.70000000000000000000   16
274.80000000000000000000   17
274.90000000000000000000   13
275.00000000000000000000   12
275.10000000000000000000   13
275.20000000000000000000   18
275.30000000000000000000   13
275.40000000000000000000   15
275.50000000000000000000   10
275.60000000000000000000   11
275.70000000000000000000   14
275.80000000000000000000   12
275.90000000000000000000   14
276.00000000000000000000   15
276.10000000000000000000   16
276.20000000000000000000   15
276.30000000000000000000   14
276.40000000000000000000   18
276.50000000000000000000   18
276.60000000000000000000   17
276.70000000000000000000   14
276.80000000000000000000   16
276.90000000000000000000   15
277.00000000000000000000   15
277.10000000000000000000   15
277.20000000000000000000   11
277.30000000000000000000   14
277.40000000000000000000   13
277.50000000000000000000   16
277.60000000000000000000   15
277.70000000000000000000   14
277.80000000000000000000   15
277.90000000000000000000   15
278.00000000000000000000   15
278.10000000000000000000   15
278.20000000000000000000   15
278.30000000000000000000   16
278.40000000000000000000   15
278.50000000000000000000   15
278.60000000000000000000   16
278.70000000000000000000   17
278.80000000000000000000   15
278.90000000000000000000   17
279.00000000000000000000   14
279.10000000000000000000   16
279.20000000000000000000   16
279.30000000000000000000   16
279.40000000000000000000   15
279.50000000000000000000   15
279.60000000000000000000   15
279.70000000000000000000   15
279.80000000000000000000   15
279.90000000000000000000   15
280.00000000000000000000   17
280.10000000000000000000   15
280.20000000000000000000   17
280.30000000000000000000   16
280.40000000000000000000   14
280.50000000000000000000   16
280.60000000000000000000   11
280.70000000000000000000   14
280.80000000000000000000   19
280.90000000000000000000   17
281.00000000000000000000   22
281.10000000000000000000   19
281.20000000000000000000   14
281.30000000000000000000   16
281.40000000000000000000   13
281.50000000000000000000   13
281.60000000000000000000   20
281.70000000000000000000   17
281.80000000000000000000   19
281.90000000000000000000   18
282.00000000000000000000   16
282.10000000000000000000   16
282.20000000000000000000   20
282.30000000000000000000   18
282.40000000000000000000   17
282.50000000000000000000   20
282.60000000000000000000   18
282.70000000000000000000   12
282.80000000000000000000   14
282.90000000000000000000   12
283.00000000000000000000   18
283.10000000000000000000   17
283.20000000000000000000   16
283.30000000000000000000   18
283.40000000000000000000   19
283.50000000000000000000   19
283.60000000000000000000   18
283.70000000000000000000   18
283.80000000000000000000   16
283.90000000000000000000   17
284.00000000000000000000   18
284.10000000000000000000   14
284.20000000000000000000   14
284.30000000000000000000   12
284.40000000000000000000   11
284.50000000000000000000   17
284.60000000000000000000   15
284.70000000000000000000   15
284.80000000000000000000   17
284.90000000000000000000   17
285.00000000000000000000   16
285.10000000000000000000   14
285.20000000000000000000   16
285.30000000000000000000   17
285.40000000000000000000   17
285.50000000000000000000   14
285.60000000000000000000   20
285.70000000000000000000   16
285.80000000000000000000   17
285.90000000000000000000   15
286.00000000000000000000   19
286.10000000000000000000   19
286.20000000000000000000   15
286.30000000000000000000   19
286.40000000000000000000   16
286.50000000000000000000   20
286.60000000000000000000   18
286.70000000000000000000   20
286.80000000000000000000   19
286.90000000000000000000   16
287.00000000000000000000   14
287.10000000000000000000   18
287.20000000000000000000   19
287.30000000000000000000   18
287.40000000000000000000   23
287.50000000000000000000   18
287.60000000000000000000   16
287.70000000000000000000   18
287.80000000000000000000   17
287.90000000000000000000   18
288.00000000000000000000   18
288.10000000000000000000   20
288.20000000000000000000   17
288.30000000000000000000   19
288.40000000000000000000   12
288.50000000000000000000   16
288.60000000000000000000   19
288.70000000000000000000   20
288.80000000000000000000   21
288.90000000000000000000   16
289.00000000000000000000   17
289.10000000000000000000   19
289.20000000000000000000   18
289.30000000000000000000   18
289.40000000000000000000   15
289.50000000000000000000   20
289.60000000000000000000   20
289.70000000000000000000   17
289.80000000000000000000   17
289.90000000000000000000   17
290.00000000000000000000   23
290.10000000000000000000   21
290.20000000000000000000   19
290.30000000000000000000   21
290.40000000000000000000   15
290.50000000000000000000   20
290.60000000000000000000   19
290.70000000000000000000   19
290.80000000000000000000   18
290.90000000000000000000   13
291.00000000000000000000   20
291.10000000000000000000   20
291.20000000000000000000   19
291.30000000000000000000   16
291.40000000000000000000   21
291.50000000000000000000   19
291.60000000000000000000   20
291.70000000000000000000   23
291.80000000000000000000   21
291.90000000000000000000   22
292.00000000000000000000   23
292.10000000000000000000   21
292.20000000000000000000   20
292.30000000000000000000   17
292.40000000000000000000   20
292.50000000000000000000   20
292.60000000000000000000   17
292.70000000000000000000   18
292.80000000000000000000   19
292.90000000000000000000   19
293.00000000000000000000   18
293.10000000000000000000   18
293.20000000000000000000   22
293.30000000000000000000   19
293.40000000000000000000   17
293.50000000000000000000   18
293.60000000000000000000   21
293.70000000000000000000   16
293.80000000000000000000   16
293.90000000000000000000   15
294.00000000000000000000   19
294.10000000000000000000   22
294.20000000000000000000   19
294.30000000000000000000   16
294.40000000000000000000   22
294.50000000000000000000   18
294.60000000000000000000   21
294.70000000000000000000   21
294.80000000000000000000   21
294.90000000000000000000   19
295.00000000000000000000   20
295.10000000000000000000   20
295.20000000000000000000   18
295.30000000000000000000   21
295.40000000000000000000   18
295.50000000000000000000   23
295.60000000000000000000   16
295.70000000000000000000   21
295.80000000000000000000   22
295.90000000000000000000   24
296.00000000000000000000   18
296.10000000000000000000   22
296.20000000000000000000   22
296.30000000000000000000   17
296.40000000000000000000   21
296.50000000000000000000   17
296.60000000000000000000   22
296.70000000000000000000   19
296.80000000000000000000   19
296.90000000000000000000   18
297.00000000000000000000   19
297.10000000000000000000   22
297.20000000000000000000   17
297.30000000000000000000   15
297.40000000000000000000   20
297.50000000000000000000   18
297.60000000000000000000   19
297.70000000000000000000   17
297.80000000000000000000   19
297.90000000000000000000   23
298.00000000000000000000   18
298.10000000000000000000   20
298.20000000000000000000   18
298.30000000000000000000   22
298.40000000000000000000   18
298.50000000000000000000   23
298.60000000000000000000   22
298.70000000000000000000   23
298.80000000000000000000   23
298.90000000000000000000   22
299.00000000000000000000   20
299.10000000000000000000   22
299.20000000000000000000   23
299.30000000000000000000   21
299.40000000000000000000   20
299.50000000000000000000   20
299.60000000000000000000   22
299.70000000000000000000   20
299.80000000000000000000   22
299.90000000000000000000   22
300.00000000000000000000   23
300.10000000000000000000   22
300.20000000000000000000   22
300.30000000000000000000   22
300.40000000000000000000   23
300.50000000000000000000   23
300.60000000000000000000   22
300.70000000000000000000   23
300.80000000000000000000   23
300.90000000000000000000   22
301.00000000000000000000   23
301.10000000000000000000   22
301.20000000000000000000   19
301.30000000000000000000   21
301.40000000000000000000   19
301.50000000000000000000   23
301.60000000000000000000   23
301.70000000000000000000   21
301.80000000000000000000   25
301.90000000000000000000   21
302.00000000000000000000   23
302.10000000000000000000   22
302.20000000000000000000   23
302.30000000000000000000   22
302.40000000000000000000   19
302.50000000000000000000   20
302.60000000000000000000   20
302.70000000000000000000   19
302.80000000000000000000   24
302.90000000000000000000   23
303.00000000000000000000   25
303.10000000000000000000   19
303.20000000000000000000   21
303.30000000000000000000   24
303.40000000000000000000   24
303.50000000000000000000   20
303.60000000000000000000   23
303.70000000000000000000   24
303.80000000000000000000   20
303.90000000000000000000   23
304.00000000000000000000   24
304.10000000000000000000   16
304.20000000000000000000   20
304.30000000000000000000   17
304.40000000000000000000   19
304.50000000000000000000   22
304.60000000000000000000   23
304.70000000000000000000   18
304.80000000000000000000   22
304.90000000000000000000   20
305.00000000000000000000   19
305.10000000000000000000   18
305.20000000000000000000   20
305.30000000000000000000   18
305.40000000000000000000   17
305.50000000000000000000   19
305.60000000000000000000   23
305.70000000000000000000   16
305.80000000000000000000   15
305.90000000000000000000   20
306.00000000000000000000   17
306.10000000000000000000   15
306.20000000000000000000   15
306.30000000000000000000   22
306.40000000000000000000   21
306.50000000000000000000   19
306.60000000000000000000   18
306.70000000000000000000   19
306.80000000000000000000   15
306.90000000000000000000   20
307.00000000000000000000   17
307.10000000000000000000   21
307.20000000000000000000   16
307.30000000000000000000   21
307.40000000000000000000   20
307.50000000000000000000   18
307.60000000000000000000   17
307.70000000000000000000   17
307.80000000000000000000   22
307.90000000000000000000   23
308.00000000000000000000   20
308.10000000000000000000   18
308.20000000000000000000   21
308.30000000000000000000   20
308.40000000000000000000   19
308.50000000000000000000   20
308.60000000000000000000   19
308.70000000000000000000   12
308.80000000000000000000   18
308.90000000000000000000   18
309.00000000000000000000   15
309.10000000000000000000   20
309.20000000000000000000   22
309.30000000000000000000   23
309.40000000000000000000   23
309.50000000000000000000   22
309.60000000000000000000   22
309.70000000000000000000   22
309.80000000000000000000   23
309.90000000000000000000   24
310.00000000000000000000   23
310.10000000000000000000   25
310.20000000000000000000   24
310.30000000000000000000   24
310.40000000000000000000   22
310.50000000000000000000   24
310.60000000000000000000   23
310.70000000000000000000   23
310.80000000000000000000   25
310.90000000000000000000   25
311.00000000000000000000   24
311.10000000000000000000   22
311.20000000000000000000   23
311.30000000000000000000   23
311.40000000000000000000   22
311.50000000000000000000   23
311.60000000000000000000   22
311.70000000000000000000   21
311.80000000000000000000   23
311.90000000000000000000   23
312.00000000000000000000   24
312.10000000000000000000   24
312.20000000000000000000   23
312.30000000000000000000   22
312.40000000000000000000   22
312.50000000000000000000   22
312.60000000000000000000   21
312.70000000000000000000   19
312.80000000000000000000   22
312.90000000000000000000   20
313.00000000000000000000   22
313.10000000000000000000   21
313.20000000000000000000   21
313.30000000000000000000   22
313.40000000000000000000   20
313.50000000000000000000   20
313.60000000000000000000   21
313.70000000000000000000   22
313.80000000000000000000   21
313.90000000000000000000   20
314.00000000000000000000   21
314.10000000000000000000   22
314.20000000000000000000   23
314.30000000000000000000   22
314.40000000000000000000   19
314.50000000000000000000   22
314.60000000000000000000   18
314.70000000000000000000   22
314.80000000000000000000   21
314.90000000000000000000   22
315.00000000000000000000   22
315.10000000000000000000   22
315.20000000000000000000   23
315.30000000000000000000   19
315.40000000000000000000   22
315.50000000000000000000   25
315.60000000000000000000   23
315.70000000000000000000   20
315.80000000000000000000   17
315.90000000000000000000   21
316.00000000000000000000   20
316.10000000000000000000   23
316.20000000000000000000   22
316.30000000000000000000   22
316.40000000000000000000   22
316.50000000000000000000   21
316.60000000000000000000   21
316.70000000000000000000   20
316.80000000000000000000   19
316.90000000000000000000   18
317.00000000000000000000   19
317.10000000000000000000   19
317.20000000000000000000   18
317.30000000000000000000   19
317.40000000000000000000   15
317.50000000000000000000   17
317.60000000000000000000   22
317.70000000000000000000   22
317.80000000000000000000   22
317.90000000000000000000   19
318.00000000000000000000   22
318.10000000000000000000   19
318.20000000000000000000   17
318.30000000000000000000   19
318.40000000000000000000   18
318.50000000000000000000   16
318.60000000000000000000   15
318.70000000000000000000   14
318.80000000000000000000   15
318.90000000000000000000   13
319.00000000000000000000   14
319.10000000000000000000   13
319.20000000000000000000   15
319.30000000000000000000   13
319.40000000000000000000   11
319.50000000000000000000   13
319.60000000000000000000   12
319.70000000000000000000   12
319.80000000000000000000   16
319.90000000000000000000   20
320.00000000000000000000   21
320.10000000000000000000   16
320.20000000000000000000   20
320.30000000000000000000   19
320.40000000000000000000   19
320.50000000000000000000   18
320.60000000000000000000   17
320.70000000000000000000   17
320.80000000000000000000   16
320.90000000000000000000   17
321.00000000000000000000   20
321.10000000000000000000   19
321.20000000000000000000   20
321.30000000000000000000   23
321.40000000000000000000   19
321.50000000000000000000   19
321.60000000000000000000   22
321.70000000000000000000   21
321.80000000000000000000   19
321.90000000000000000000   22
322.00000000000000000000   18
322.10000000000000000000   20
322.20000000000000000000   14
322.30000000000000000000   20
322.40000000000000000000   19
322.50000000000000000000   20
322.60000000000000000000   21
322.70000000000000000000   21
322.80000000000000000000   20
322.90000000000000000000   20
323.00000000000000000000   22
323.10000000000000000000   20
323.20000000000000000000   22
323.30000000000000000000   22
323.40000000000000000000   22
323.50000000000000000000   21
323.60000000000000000000   22
323.70000000000000000000   21
323.80000000000000000000   21
323.90000000000000000000   22
324.00000000000000000000   22
324.10000000000000000000   22
324.20000000000000000000   21
324.30000000000000000000   24
324.40000000000000000000   24
324.50000000000000000000   21
324.60000000000000000000   23
324.70000000000000000000   22
324.80000000000000000000   17
324.90000000000000000000   23
325.00000000000000000000   19
325.10000000000000000000   23
325.20000000000000000000   21
325.30000000000000000000   21
325.40000000000000000000   22
325.50000000000000000000   23
325.60000000000000000000   21
325.70000000000000000000   23
325.80000000000000000000   20
325.90000000000000000000   21
326.00000000000000000000   22
326.10000000000000000000   22
326.20000000000000000000   23
326.30000000000000000000   18
326.40000000000000000000   22
326.50000000000000000000   18
326.60000000000000000000   24
326.70000000000000000000   24
326.80000000000000000000   24
326.90000000000000000000   21
327.00000000000000000000   20
327.10000000000000000000   22
327.20000000000000000000   20
327.30000000000000000000   22
327.40000000000000000000   22
327.50000000000000000000   23
327.60000000000000000000   23
327.70000000000000000000   23
327.80000000000000000000   23
327.90000000000000000000   22
328.00000000000000000000   20
328.10000000000000000000   22
328.20000000000000000000   22
328.30000000000000000000   24
328.40000000000000000000   22
328.50000000000000000000   21
328.60000000000000000000   23
328.70000000000000000000   18
328.80000000000000000000   19
328.90000000000000000000   20
329.00000000000000000000   19
329.10000000000000000000   20
329.20000000000000000000   20
329.30000000000000000000   21
329.40000000000000000000   21
329.50000000000000000000   21
329.60000000000000000000   23
329.70000000000000000000   19
329.80000000000000000000   23
329.90000000000000000000   21
330.00000000000000000000   23
330.10000000000000000000   21
330.20000000000000000000   20
330.30000000000000000000   26
330.40000000000000000000   21
330.50000000000000000000   20
330.60000000000000000000   22
330.70000000000000000000   20
330.80000000000000000000   22
330.90000000000000000000   20
331.00000000000000000000   21
331.10000000000000000000   24
331.20000000000000000000   22
331.30000000000000000000   22
331.40000000000000000000   23
331.50000000000000000000   23
331.60000000000000000000   23
331.70000000000000000000   20
331.80000000000000000000   21
331.90000000000000000000   24
332.00000000000000000000   21
332.10000000000000000000   22
332.20000000000000000000   23
332.30000000000000000000   23
332.40000000000000000000   22
332.50000000000000000000   22
332.60000000000000000000   21
332.70000000000000000000   23
332.80000000000000000000   23
332.90000000000000000000   25
333.00000000000000000000   24
333.10000000000000000000   24
333.20000000000000000000   20
333.30000000000000000000   20
333.40000000000000000000   22
333.50000000000000000000   15
333.60000000000000000000   19
333.70000000000000000000   23
333.80000000000000000000   21
333.90000000000000000000   24
334.00000000000000000000   23
334.10000000000000000000   24
334.20000000000000000000   20
334.30000000000000000000   23
334.40000000000000000000   20
334.50000000000000000000   22
334.60000000000000000000   21
334.70000000000000000000   22
334.80000000000000000000   18
334.90000000000000000000   19
335.00000000000000000000   21
335.10000000000000000000   19
335.20000000000000000000   22
335.30000000000000000000   24
335.40000000000000000000   22
335.50000000000000000000   17
335.60000000000000000000   20
335.70000000000000000000   17
335.80000000000000000000   21
335.90000000000000000000   22
336.00000000000000000000   21
336.10000000000000000000   22
336.20000000000000000000   23
336.30000000000000000000   22
336.40000000000000000000   22
336.50000000000000000000   23
336.60000000000000000000   23
336.70000000000000000000   23
336.80000000000000000000   24
336.90000000000000000000   21
337.00000000000000000000   22
337.10000000000000000000   21
337.20000000000000000000   22
337.30000000000000000000   23
337.40000000000000000000   19
337.50000000000000000000   20
337.60000000000000000000   21
337.70000000000000000000   20
337.80000000000000000000   21
337.90000000000000000000   24
338.00000000000000000000   22
338.10000000000000000000   22
338.20000000000000000000   24
338.30000000000000000000   22
338.40000000000000000000   23
338.50000000000000000000   24
338.60000000000000000000   23
338.70000000000000000000   24
338.80000000000000000000   22
338.90000000000000000000   24
339.00000000000000000000   23
339.10000000000000000000   24
339.20000000000000000000   23
339.30000000000000000000   23
339.40000000000000000000   21
339.50000000000000000000   22
339.60000000000000000000   21
339.70000000000000000000   20
339.80000000000000000000   22
339.90000000000000000000   21
340.00000000000000000000   15
340.10000000000000000000   20
340.20000000000000000000   18
340.30000000000000000000   23
340.40000000000000000000   22
340.50000000000000000000   24
340.60000000000000000000   22
340.70000000000000000000   23
340.80000000000000000000   24
340.90000000000000000000   22
341.00000000000000000000   22
341.10000000000000000000   24
341.20000000000000000000   23
341.30000000000000000000   24
341.40000000000000000000   22
341.50000000000000000000   23
341.60000000000000000000   23
341.70000000000000000000   23
341.80000000000000000000   22
341.90000000000000000000   21
342.00000000000000000000   23
342.10000000000000000000   24
342.20000000000000000000   23
342.30000000000000000000   22
342.40000000000000000000   22
342.50000000000000000000   22
342.60000000000000000000   21
342.70000000000000000000   24
342.80000000000000000000   24
342.90000000000000000000   24
343.00000000000000000000   22
343.10000000000000000000   21
343.20000000000000000000   21
343.30000000000000000000   24
343.40000000000000000000   25
343.50000000000000000000   25
343.60000000000000000000   22
343.70000000000000000000   24
343.80000000000000000000   26
343.90000000000000000000   23
344.00000000000000000000   26
344.10000000000000000000   24
344.20000000000000000000   25
344.30000000000000000000   23
344.40000000000000000000   22
344.50000000000000000000   22
344.60000000000000000000   22
344.70000000000000000000   22
344.80000000000000000000   20
344.90000000000000000000   22
345.00000000000000000000   22
345.10000000000000000000   22
345.20000000000000000000   19
345.30000000000000000000   20
345.40000000000000000000   21
345.50000000000000000000   18
345.60000000000000000000   20
345.70000000000000000000   17
345.80000000000000000000   15
345.90000000000000000000   19
346.00000000000000000000   21
346.10000000000000000000   20
346.20000000000000000000   19
346.30000000000000000000   21
346.40000000000000000000   20
346.50000000000000000000   21
346.60000000000000000000   17
346.70000000000000000000   20
346.80000000000000000000   22
346.90000000000000000000   21
347.00000000000000000000   19
347.10000000000000000000   17
347.20000000000000000000   20
347.30000000000000000000   18
347.40000000000000000000   21
347.50000000000000000000   21
347.60000000000000000000   19
347.70000000000000000000   21
347.80000000000000000000   22
347.90000000000000000000   20
348.00000000000000000000   20
348.10000000000000000000   20
348.20000000000000000000   20
348.30000000000000000000   20
348.40000000000000000000   19
348.50000000000000000000   24
348.60000000000000000000   22
348.70000000000000000000   21
348.80000000000000000000   22
348.90000000000000000000   21
349.00000000000000000000   22
349.10000000000000000000   23
349.20000000000000000000   26
349.30000000000000000000   23
349.40000000000000000000   20
349.50000000000000000000   21
349.60000000000000000000   23
349.70000000000000000000   21
349.80000000000000000000   23
349.90000000000000000000   24
350.00000000000000000000   22
350.10000000000000000000   22
350.20000000000000000000   22
350.30000000000000000000   24
350.40000000000000000000   24
350.50000000000000000000   21
350.60000000000000000000   24
350.70000000000000000000   24
350.80000000000000000000   23
350.90000000000000000000   23
351.00000000000000000000   23
351.10000000000000000000   21
351.20000000000000000000   20
351.30000000000000000000   20
351.40000000000000000000   23
351.50000000000000000000   19
351.60000000000000000000   20
351.70000000000000000000   21
351.80000000000000000000   23
351.90000000000000000000   22
352.00000000000000000000   24
352.10000000000000000000   26
352.20000000000000000000   26
352.30000000000000000000   25
352.40000000000000000000   22
352.50000000000000000000   23
352.60000000000000000000   25
352.70000000000000000000   23
352.80000000000000000000   26
352.90000000000000000000   23
353.00000000000000000000   24
353.10000000000000000000   24
353.20000000000000000000   26
353.30000000000000000000   22
353.40000000000000000000   26
353.50000000000000000000   25
353.60000000000000000000   25
353.70000000000000000000   26
353.80000000000000000000   23
353.90000000000000000000   27
354.00000000000000000000   24
354.10000000000000000000   25
354.20000000000000000000   27
354.30000000000000000000   25
354.40000000000000000000   26
354.50000000000000000000   25
354.60000000000000000000   25
354.70000000000000000000   26
354.80000000000000000000   28
354.90000000000000000000   27
355.00000000000000000000   26
355.10000000000000000000   27
355.20000000000000000000   25
355.30000000000000000000   22
355.40000000000000000000   22
355.50000000000000000000   23
355.60000000000000000000   23
355.70000000000000000000   21
355.80000000000000000000   24
355.90000000000000000000   21
356.00000000000000000000   23
356.10000000000000000000   25
356.20000000000000000000   26
356.30000000000000000000   26
356.40000000000000000000   26
356.50000000000000000000   27
356.60000000000000000000   25
356.70000000000000000000   28
356.80000000000000000000   27
356.90000000000000000000   25
357.00000000000000000000   26
357.10000000000000000000   25
357.20000000000000000000   26
357.30000000000000000000   26
357.40000000000000000000   24
357.50000000000000000000   26
357.60000000000000000000   26
357.70000000000000000000   26
357.80000000000000000000   25
357.90000000000000000000   24
358.00000000000000000000   26
358.10000000000000000000   26
358.20000000000000000000   25
358.30000000000000000000   22
358.40000000000000000000   25
358.50000000000000000000   24
358.60000000000000000000   24
358.70000000000000000000   27
358.80000000000000000000   24
358.90000000000000000000   23
359.00000000000000000000   24
359.10000000000000000000   27
359.20000000000000000000   24
359.30000000000000000000   26
359.40000000000000000000   24
359.50000000000000000000   25
359.60000000000000000000   22
359.70000000000000000000   22
359.80000000000000000000   25
359.90000000000000000000   22
360.00000000000000000000   23
360.10000000000000000000   23
360.20000000000000000000   21
360.30000000000000000000   22
360.40000000000000000000   22
360.50000000000000000000   26
360.60000000000000000000   25
360.70000000000000000000   25
360.80000000000000000000   26
360.90000000000000000000   23
361.00000000000000000000   24
361.10000000000000000000   25
361.20000000000000000000   23
361.30000000000000000000   24
361.40000000000000000000   27
361.50000000000000000000   24
361.60000000000000000000   24
361.70000000000000000000   25
361.80000000000000000000   26
361.90000000000000000000   25
362.00000000000000000000   27
362.10000000000000000000   24
362.20000000000000000000   26
362.30000000000000000000   27
362.40000000000000000000   25
362.50000000000000000000   25
362.60000000000000000000   27
362.70000000000000000000   26
362.80000000000000000000   28
362.90000000000000000000   27
363.00000000000000000000   25
363.10000000000000000000   26
363.20000000000000000000   24
363.30000000000000000000   27
363.40000000000000000000   24
363.50000000000000000000   24
363.60000000000000000000   23
363.70000000000000000000   23
363.80000000000000000000   26
363.90000000000000000000   24
364.00000000000000000000   24
364.10000000000000000000   23
364.20000000000000000000   23
364.30000000000000000000   24
364.40000000000000000000   24
364.50000000000000000000   24
364.60000000000000000000   20
364.70000000000000000000   23
364.80000000000000000000   25
364.90000000000000000000   22
365.00000000000000000000   20
365.10000000000000000000   25
365.20000000000000000000   25
365.30000000000000000000   26
365.40000000000000000000   23
365.50000000000000000000   20
365.60000000000000000000   25
365.70000000000000000000   25
365.80000000000000000000   25
365.90000000000000000000   26
366.00000000000000000000   26
366.10000000000000000000   26
366.20000000000000000000   24
366.30000000000000000000   25
366.40000000000000000000   25
366.50000000000000000000   24
366.60000000000000000000   25
366.70000000000000000000   26
366.80000000000000000000   23
366.90000000000000000000   24
367.00000000000000000000   24
367.10000000000000000000   23
367.20000000000000000000   26
367.30000000000000000000   24
367.40000000000000000000   25
367.50000000000000000000   25
367.60000000000000000000   24
367.70000000000000000000   23
367.80000000000000000000   23
367.90000000000000000000   22
368.00000000000000000000   23
368.10000000000000000000   25
368.20000000000000000000   22
368.30000000000000000000   22
368.40000000000000000000   22
368.50000000000000000000   24
368.60000000000000000000   26
368.70000000000000000000   25
368.80000000000000000000   23
368.90000000000000000000   25
369.00000000000000000000   23
369.10000000000000000000   24
369.20000000000000000000   24
369.30000000000000000000   23
369.40000000000000000000   24
369.50000000000000000000   25
369.60000000000000000000   25
369.70000000000000000000   23
369.80000000000000000000   24
369.90000000000000000000   22
370.00000000000000000000   23
370.10000000000000000000   25
370.20000000000000000000   24
370.30000000000000000000   23
370.40000000000000000000   24
370.50000000000000000000   22
370.60000000000000000000   24
370.70000000000000000000   23
370.80000000000000000000   25
370.90000000000000000000   25
371.00000000000000000000   23
371.10000000000000000000   23
371.20000000000000000000   23
371.30000000000000000000   22
371.40000000000000000000   23
371.50000000000000000000   24
371.60000000000000000000   24
371.70000000000000000000   25
371.80000000000000000000   24
371.90000000000000000000   25
372.00000000000000000000   27
372.10000000000000000000   25
372.20000000000000000000   25
372.30000000000000000000   24
372.40000000000000000000   25
372.50000000000000000000   22
372.60000000000000000000   22
372.70000000000000000000   21
372.80000000000000000000   21
372.90000000000000000000   21
373.00000000000000000000   23
373.10000000000000000000   22
373.20000000000000000000   24
373.30000000000000000000   23
373.40000000000000000000   22
373.50000000000000000000   21
373.60000000000000000000   23
373.70000000000000000000   23
373.80000000000000000000   23
373.90000000000000000000   22
374.00000000000000000000   21
374.10000000000000000000   22
374.20000000000000000000   22
374.30000000000000000000   21
374.40000000000000000000   21
374.50000000000000000000   23
374.60000000000000000000   18
374.70000000000000000000   22
374.80000000000000000000   21
374.90000000000000000000   22
375.00000000000000000000   21
375.10000000000000000000   20
375.20000000000000000000   20
375.30000000000000000000   22
375.40000000000000000000   21
375.50000000000000000000   23
375.60000000000000000000   20
375.70000000000000000000   20
375.80000000000000000000   21
375.90000000000000000000   22
376.00000000000000000000   24
376.10000000000000000000   22
376.20000000000000000000   20
376.30000000000000000000   20
376.40000000000000000000   21
376.50000000000000000000   21
376.60000000000000000000   23
376.70000000000000000000   21
376.80000000000000000000   23
376.90000000000000000000   22
377.00000000000000000000   22
377.10000000000000000000   21
377.20000000000000000000   23
377.30000000000000000000   22
377.40000000000000000000   22
377.50000000000000000000   22
377.60000000000000000000   20
377.70000000000000000000   20
377.80000000000000000000   22
377.90000000000000000000   21
378.00000000000000000000   20
378.10000000000000000000   19
378.20000000000000000000   22
378.30000000000000000000   23
378.40000000000000000000   19
378.50000000000000000000   19
378.60000000000000000000   25
378.70000000000000000000   21
378.80000000000000000000   19
378.90000000000000000000   21
379.00000000000000000000   19
379.10000000000000000000   21
379.20000000000000000000   19
379.30000000000000000000   20
379.40000000000000000000   22
379.50000000000000000000   22
379.60000000000000000000   21
379.70000000000000000000   20
379.80000000000000000000   20
379.90000000000000000000   21
380.00000000000000000000   23
380.10000000000000000000   21
380.20000000000000000000   23
380.30000000000000000000   22
380.40000000000000000000   19
380.50000000000000000000   21
380.60000000000000000000   20
380.70000000000000000000   22
380.80000000000000000000   21
380.90000000000000000000   21
381.00000000000000000000   21
381.10000000000000000000   22
381.20000000000000000000   21
381.30000000000000000000   22
381.40000000000000000000   20
381.50000000000000000000   21
381.60000000000000000000   20
381.70000000000000000000   20
381.80000000000000000000   20
381.90000000000000000000   19
382.00000000000000000000   20
382.10000000000000000000   20
382.20000000000000000000   20
382.30000000000000000000   20
382.40000000000000000000   20
382.50000000000000000000   19
382.60000000000000000000   19
382.70000000000000000000   20
382.80000000000000000000   19
382.90000000000000000000   20
383.00000000000000000000   21
383.10000000000000000000   19
383.20000000000000000000   21
383.30000000000000000000   19
383.40000000000000000000   20
383.50000000000000000000   19
383.60000000000000000000   18
383.70000000000000000000   21
383.80000000000000000000   20
383.90000000000000000000   19
384.00000000000000000000   21
384.10000000000000000000   19
384.20000000000000000000   19
384.30000000000000000000   20
384.40000000000000000000   22
384.50000000000000000000   20
384.60000000000000000000   18
384.70000000000000000000   21
384.80000000000000000000   19
384.90000000000000000000   21
385.00000000000000000000   19
385.10000000000000000000   19
385.20000000000000000000   20
385.30000000000000000000   22
385.40000000000000000000   21
385.50000000000000000000   19
385.60000000000000000000   19
385.70000000000000000000   20
385.80000000000000000000   20
385.90000000000000000000   21
386.00000000000000000000   22
386.10000000000000000000   21
386.20000000000000000000   21
386.30000000000000000000   21
386.40000000000000000000   21
386.50000000000000000000   21
386.60000000000000000000   21
386.70000000000000000000   22
386.80000000000000000000   21
386.90000000000000000000   22
387.00000000000000000000   19
387.10000000000000000000   21
387.20000000000000000000   20
387.30000000000000000000   21
387.40000000000000000000   20
387.50000000000000000000   20
387.60000000000000000000   20
387.70000000000000000000   20
387.80000000000000000000   19
387.90000000000000000000   20
388.00000000000000000000   19
388.10000000000000000000   17
388.20000000000000000000   19
388.30000000000000000000   19
388.40000000000000000000   18
388.50000000000000000000   19
388.60000000000000000000   21
388.70000000000000000000   19
388.80000000000000000000   21
388.90000000000000000000   19
389.00000000000000000000   17
389.10000000000000000000   17
389.20000000000000000000   21
389.30000000000000000000   21
389.40000000000000000000   20
389.50000000000000000000   20
389.60000000000000000000   21
389.70000000000000000000   20
389.80000000000000000000   22
389.90000000000000000000   24
390.00000000000000000000   24
390.10000000000000000000   22
390.20000000000000000000   22
390.30000000000000000000   21
390.40000000000000000000   22
390.50000000000000000000   22
390.60000000000000000000   22
390.70000000000000000000   19
390.80000000000000000000   21
390.90000000000000000000   22
391.00000000000000000000   22
391.10000000000000000000   23
391.20000000000000000000   24
391.30000000000000000000   22
391.40000000000000000000   23
391.50000000000000000000   22
391.60000000000000000000   21
391.70000000000000000000   24
391.80000000000000000000   22
391.90000000000000000000   23
392.00000000000000000000   24
392.10000000000000000000   21
392.20000000000000000000   22
392.30000000000000000000   25
392.40000000000000000000   22
392.50000000000000000000   22
392.60000000000000000000   21
392.70000000000000000000   23
392.80000000000000000000   23
392.90000000000000000000   24
393.00000000000000000000   22
393.10000000000000000000   25
393.20000000000000000000   21
393.30000000000000000000   23
393.40000000000000000000   23
393.50000000000000000000   23
393.60000000000000000000   24
393.70000000000000000000   23
393.80000000000000000000   24
393.90000000000000000000   21
394.00000000000000000000   23
394.10000000000000000000   26
394.20000000000000000000   26
394.30000000000000000000   21
394.40000000000000000000   22
394.50000000000000000000   22
394.60000000000000000000   23
394.70000000000000000000   23
394.80000000000000000000   23
394.90000000000000000000   24
395.00000000000000000000   24
395.10000000000000000000   20
395.20000000000000000000   24
395.30000000000000000000   22
395.40000000000000000000   22
395.50000000000000000000   21
395.60000000000000000000   21
395.70000000000000000000   23
395.80000000000000000000   24
395.90000000000000000000   21
396.00000000000000000000   21
396.10000000000000000000   24
396.20000000000000000000   22
396.30000000000000000000   24
396.40000000000000000000   24
396.50000000000000000000   23
396.60000000000000000000   21
396.70000000000000000000   21
396.80000000000000000000   20
396.90000000000000000000   20
397.00000000000000000000   22
397.10000000000000000000   21
397.20000000000000000000   23
397.30000000000000000000   20
397.40000000000000000000   21
397.50000000000000000000   23
397.60000000000000000000   22
397.70000000000000000000   22
397.80000000000000000000   22
397.90000000000000000000   21
398.00000000000000000000   23
398.10000000000000000000   21
398.20000000000000000000   23
398.30000000000000000000   22
398.40000000000000000000   21
398.50000000000000000000   21
398.60000000000000000000   20
398.70000000000000000000   21
398.80000000000000000000   16
398.90000000000000000000   16
399.00000000000000000000   16
399.10000000000000000000   16
399.20000000000000000000   16
399.30000000000000000000   16
399.40000000000000000000   16
399.50000000000000000000   16
399.60000000000000000000   16
399.70000000000000000000   16
