200.00000000000000000000   22
200.10000000000000000000   20
200.20000000000000000000   20
200.30000000000000000000   17
200.40000000000000000000   17
200.50000000000000000000   19
200.60000000000000000000   21
200.70000000000000000000   21
200.80000000000000000000   20
200.90000000000000000000   19
201.00000000000000000000   19
201.10000000000000000000   22
201.20000000000000000000   23
201.30000000000000000000   22
201.40000000000000000000   18
201.50000000000000000000   21
201.60000000000000000000   21
201.70000000000000000000   19
201.80000000000000000000   19
201.90000000000000000000   21
202.00000000000000000000   19
202.10000000000000000000   23
202.20000000000000000000   17
202.30000000000000000000   21
202.40000000000000000000   20
202.50000000000000000000   22
202.60000000000000000000   24
202.70000000000000000000   18
202.80000000000000000000   19
202.90000000000000000000   20
203.00000000000000000000   19
203.10000000000000000000   22
203.20000000000000000000   25
203.30000000000000000000   23
203.40000000000000000000   21
203.50000000000000000000   21
203.60000000000000000000   23
203.70000000000000000000   19
203.80000000000000000000   18
203.90000000000000000000   19
204.00000000000000000000   18
204.10000000000000000000   20
204.20000000000000000000   21
204.30000000000000000000   19
204.40000000000000000000   23
204.50000000000000000000   23
204.60000000000000000000   23
204.70000000000000000000   18
204.80000000000000000000   22
204.90000000000000000000   23
205.00000000000000000000   24
205.10000000000000000000   23
205.20000000000000000000   21
205.30000000000000000000   24
205.40000000000000000000   21
205.50000000000000000000   22
205.60000000000000000000   19
205.70000000000000000000   21
205.80000000000000000000   19
205.90000000000000000000   22
206.00000000000000000000   22
206.10000000000000000000   22
206.20000000000000000000   20
206.30000000000000000000   20
206.40000000000000000000   20
206.50000000000000000000   19
206.60000000000000000000   17
206.70000000000000000000   17
206.80000000000000000000   16
206.90000000000000000000   18
207.00000000000000000000   19
207.10000000000000000000   16
207.20000000000000000000   19
207.30000000000000000000   18
207.40000000000000000000   19
207.50000000000000000000   17
207.60000000000000000000   18
207.70000000000000000000   22
207.80000000000000000000   19
207.90000000000000000000   22
208.00000000000000000000   20
208.10000000000000000000   19
208.20000000000000000000   17
208.30000000000000000000   16
208.40000000000000000000   19
208.50000000000000000000   18
208.60000000000000000000   22
208.70000000000000000000   19
208.80000000000000000000   19
208.90000000000000000000   21
209.00000000000000000000   23
209.10000000000000000000   15
209.20000000000000000000   18
209.30000000000000000000   16
209.40000000000000000000   20
209.50000000000000000000   20
209.60000000000000000000   21
209.70000000000000000000   22
209.80000000000000000000   17
209.90000000000000000000   18
210.00000000000000000000   19
210.10000000000000000000   22
210.20000000000000000000   25
210.30000000000000000000   23
210.40000000000000000000   20
210.50000000000000000000   23
210.60000000000000000000   18
210.70000000000000000000   22
210.80000000000000000000   22
210.90000000000000000000   23
211.00000000000000000000   19
211.10000000000000000000   18
211.20000000000000000000   20
211.30000000000000000000   23
211.40000000000000000000   20
211.50000000000000000000   21
211.60000000000000000000   20
211.70000000000000000000   19
211.80000000000000000000   21
211.90000000000000000000   18
212.00000000000000000000   20
212.10000000000000000000   23
212.20000000000000000000   20
212.30000000000000000000   20
212.40000000000000000000   17
212.50000000000000000000   20
212.60000000000000000000   22
212.70000000000000000000   19
212.80000000000000000000   22
212.90000000000000000000   20
213.00000000000000000000   22
213.10000000000000000000   20
213.20000000000000000000   19
213.30000000000000000000   20
213.40000000000000000000   23
213.50000000000000000000   21
213.60000000000000000000   18
213.70000000000000000000   19
213.80000000000000000000   20
213.90000000000000000000   16
214.00000000000000000000   23
214.10000000000000000000   20
214.20000000000000000000   17
214.30000000000000000000   25
214.40000000000000000000   23
214.50000000000000000000   26
214.60000000000000000000   24
214.70000000000000000000   25
214.80000000000000000000   23
214.90000000000000000000   21
215.00000000000000000000   22
215.10000000000000000000   25
215.20000000000000000000   27
215.30000000000000000000   25
215.40000000000000000000   20
215.50000000000000000000   24
215.60000000000000000000   22
215.70000000000000000000   22
215.80000000000000000000   24
215.90000000000000000000   25
216.00000000000000000000   21
216.10000000000000000000   21
216.20000000000000000000   20
216.30000000000000000000   24
216.40000000000000000000   23
216.50000000000000000000   22
216.60000000000000000000   23
216.70000000000000000000   22
216.80000000000000000000   20
216.90000000000000000000   22
217.00000000000000000000   19
217.10000000000000000000   17
217.20000000000000000000   23
217.30000000000000000000   22
217.40000000000000000000   21
217.50000000000000000000   20
217.60000000000000000000   26
217.70000000000000000000   22
217.80000000000000000000   22
217.90000000000000000000   24
218.00000000000000000000   25
218.10000000000000000000   21
218.20000000000000000000   22
218.30000000000000000000   21
218.40000000000000000000   25
218.50000000000000000000   21
218.60000000000000000000   20
218.70000000000000000000   19
218.80000000000000000000   23
218.90000000000000000000   26
219.00000000000000000000   23
219.10000000000000000000   22
219.20000000000000000000   24
219.30000000000000000000   23
219.40000000000000000000   23
219.50000000000000000000   27
219.60000000000000000000   23
219.70000000000000000000   23
219.80000000000000000000   27
219.90000000000000000000   22
220.00000000000000000000   25
220.10000000000000000000   23
220.20000000000000000000   25
220.30000000000000000000   23
220.40000000000000000000   25
220.50000000000000000000   23
220.60000000000000000000   24
220.70000000000000000000   22
220.80000000000000000000   18
220.90000000000000000000   27
221.00000000000000000000   22
221.10000000000000000000   19
221.20000000000000000000   19
221.30000000000000000000   20
221.40000000000000000000   16
221.50000000000000000000   21
221.60000000000000000000   23
221.70000000000000000000   22
221.80000000000000000000   20
221.90000000000000000000   22
222.00000000000000000000   22
222.10000000000000000000   21
222.20000000000000000000   19
222.30000000000000000000   20
222.40000000000000000000   22
222.50000000000000000000   18
222.60000000000000000000   21
222.70000000000000000000   20
222.80000000000000000000   21
222.90000000000000000000   22
223.00000000000000000000   20
223.10000000000000000000   23
223.20000000000000000000   22
223.30000000000000000000   23
223.40000000000000000000   26
223.50000000000000000000   23
223.60000000000000000000   24
223.70000000000000000000   27
223.80000000000000000000   24
223.90000000000000000000   21
224.00000000000000000000   23
224.10000000000000000000   21
224.20000000000000000000   23
224.30000000000000000000   23
224.40000000000000000000   21
224.50000000000000000000   22
224.60000000000000000000   20
224.70000000000000000000   21
224.80000000000000000000   20
224.90000000000000000000   20
225.00000000000000000000   19
225.10000000000000000000   20
225.20000000000000000000   26
225.30000000000000000000   22
225.40000000000000000000   20
225.50000000000000000000   20
225.60000000000000000000   24
225.70000000000000000000   20
225.80000000000000000000   17
225.90000000000000000000   20
226.00000000000000000000   20
226.10000000000000000000   21
226.20000000000000000000   20
226.30000000000000000000   20
226.40000000000000000000   24
226.50000000000000000000   19
226.60000000000000000000   20
226.70000000000000000000   23
226.80000000000000000000   18
226.90000000000000000000   21
227.00000000000000000000   22
227.10000000000000000000   21
227.20000000000000000000   20
227.30000000000000000000   24
227.40000000000000000000   23
227.50000000000000000000   24
227.60000000000000000000   23
227.70000000000000000000   21
227.80000000000000000000   20
227.90000000000000000000   18
228.00000000000000000000   19
228.10000000000000000000   19
228.20000000000000000000   21
228.30000000000000000000   22
228.40000000000000000000   21
228.50000000000000000000   22
228.60000000000000000000   26
228.70000000000000000000   25
228.80000000000000000000   24
228.90000000000000000000   23
229.00000000000000000000   22
229.10000000000000000000   19
229.20000000000000000000   20
229.30000000000000000000   20
229.40000000000000000000   22
229.50000000000000000000   21
229.60000000000000000000   23
229.70000000000000000000   23
229.80000000000000000000   21
229.90000000000000000000   22
230.00000000000000000000   23
230.10000000000000000000   21
230.20000000000000000000   21
230.30000000000000000000   20
230.40000000000000000000   20
230.50000000000000000000   23
230.60000000000000000000   22
230.70000000000000000000   20
230.80000000000000000000   23
230.90000000000000000000   21
231.00000000000000000000   23
231.10000000000000000000   17
231.20000000000000000000   20
231.30000000000000000000   21
231.40000000000000000000   18
231.50000000000000000000   19
231.60000000000000000000   18
231.70000000000000000000   20
231.80000000000000000000   22
231.90000000000000000000   21
232.00000000000000000000   19
232.10000000000000000000   21
232.20000000000000000000   21
232.30000000000000000000   19
232.40000000000000000000   21
232.50000000000000000000   19
232.60000000000000000000   21
232.70000000000000000000   22
232.80000000000000000000   20
232.90000000000000000000   20
233.00000000000000000000   23
233.10000000000000000000   21
233.20000000000000000000   22
233.30000000000000000000   21
233.40000000000000000000   21
233.50000000000000000000   20
233.60000000000000000000   20
233.70000000000000000000   21
233.80000000000000000000   20
233.90000000000000000000   22
234.00000000000000000000   21
234.10000000000000000000   24
234.20000000000000000000   21
234.30000000000000000000   24
234.40000000000000000000   19
234.50000000000000000000   20
234.60000000000000000000   23
234.70000000000000000000   23
234.80000000000000000000   23
234.90000000000000000000   21
235.00000000000000000000   23
235.10000000000000000000   24
235.20000000000000000000   22
235.30000000000000000000   26
235.40000000000000000000   22
235.50000000000000000000   23
235.60000000000000000000   19
235.70000000000000000000   22
235.80000000000000000000   25
235.90000000000000000000   25
236.00000000000000000000   25
236.10000000000000000000   24
236.20000000000000000000   24
236.30000000000000000000   24
236.40000000000000000000   23
236.50000000000000000000   23
236.60000000000000000000   22
236.70000000000000000000   21
236.80000000000000000000   22
236.90000000000000000000   21
237.00000000000000000000   23
237.10000000000000000000   21
237.20000000000000000000   21
237.30000000000000000000   22
237.40000000000000000000   22
237.50000000000000000000   24
237.60000000000000000000   19
237.70000000000000000000   20
237.80000000000000000000   21
237.90000000000000000000   21
238.00000000000000000000   23
238.10000000000000000000   24
238.20000000000000000000   23
238.30000000000000000000   22
238.40000000000000000000   22
238.50000000000000000000   21
238.60000000000000000000   22
238.70000000000000000000   23
238.80000000000000000000   23
238.90000000000000000000   26
239.00000000000000000000   23
239.10000000000000000000   20
239.20000000000000000000   21
239.30000000000000000000   18
239.40000000000000000000   21
239.50000000000000000000   25
239.60000000000000000000   19
239.70000000000000000000   18
239.80000000000000000000   21
239.90000000000000000000   19
240.00000000000000000000   19
240.10000000000000000000   21
240.20000000000000000000   23
240.30000000000000000000   22
240.40000000000000000000   17
240.50000000000000000000   20
240.60000000000000000000   22
240.70000000000000000000   21
240.80000000000000000000   23
240.90000000000000000000   21
241.00000000000000000000   20
241.10000000000000000000   20
241.20000000000000000000   18
241.30000000000000000000   22
241.40000000000000000000   21
241.50000000000000000000   23
241.60000000000000000000   22
241.70000000000000000000   22
241.80000000000000000000   25
241.90000000000000000000   24
242.00000000000000000000   26
242.10000000000000000000   28
242.20000000000000000000   23
242.30000000000000000000   23
242.40000000000000000000   24
242.50000000000000000000   23
242.60000000000000000000   23
242.70000000000000000000   22
242.80000000000000000000   21
242.90000000000000000000   20
243.00000000000000000000   24
243.10000000000000000000   21
243.20000000000000000000   22
243.30000000000000000000   22
243.40000000000000000000   20
243.50000000000000000000   20
243.60000000000000000000   22
243.70000000000000000000   22
243.80000000000000000000   22
243.90000000000000000000   22
244.00000000000000000000   23
244.10000000000000000000   23
244.20000000000000000000   24
244.30000000000000000000   23
244.40000000000000000000   24
244.50000000000000000000   22
244.60000000000000000000   19
244.70000000000000000000   22
244.80000000000000000000   20
244.90000000000000000000   20
245.00000000000000000000   25
245.10000000000000000000   27
245.20000000000000000000   26
245.30000000000000000000   25
245.40000000000000000000   25
245.50000000000000000000   23
245.60000000000000000000   18
245.70000000000000000000   15
245.80000000000000000000   19
245.90000000000000000000   20
246.00000000000000000000   16
246.10000000000000000000   15
246.20000000000000000000   19
246.30000000000000000000   18
246.40000000000000000000   17
246.50000000000000000000   16
246.60000000000000000000   14
246.70000000000000000000   21
246.80000000000000000000   23
246.90000000000000000000   22
247.00000000000000000000   18
247.10000000000000000000   20
247.20000000000000000000   22
247.30000000000000000000   20
247.40000000000000000000   22
247.50000000000000000000   20
247.60000000000000000000   22
247.70000000000000000000   21
247.80000000000000000000   22
247.90000000000000000000   21
248.00000000000000000000   20
248.10000000000000000000   21
248.20000000000000000000   21
248.30000000000000000000   24
248.40000000000000000000   25
248.50000000000000000000   23
248.60000000000000000000   21
248.70000000000000000000   23
248.80000000000000000000   24
248.90000000000000000000   22
249.00000000000000000000   23
249.10000000000000000000   25
249.20000000000000000000   24
249.30000000000000000000   22
249.40000000000000000000   20
249.50000000000000000000   23
249.60000000000000000000   23
249.70000000000000000000   22
249.80000000000000000000   20
249.90000000000000000000   16
250.00000000000000000000   20
250.10000000000000000000   21
250.20000000000000000000   16
250.30000000000000000000   18
250.40000000000000000000   19
250.50000000000000000000   24
250.60000000000000000000   21
250.70000000000000000000   22
250.80000000000000000000   24
250.90000000000000000000   24
251.00000000000000000000   20
251.10000000000000000000   21
251.20000000000000000000   23
251.30000000000000000000   25
251.40000000000000000000   21
251.50000000000000000000   20
251.60000000000000000000   21
251.70000000000000000000   19
251.80000000000000000000   20
251.90000000000000000000   19
252.00000000000000000000   19
252.10000000000000000000   22
252.20000000000000000000   20
252.30000000000000000000   19
252.40000000000000000000   17
252.50000000000000000000   12
252.60000000000000000000   14
252.70000000000000000000   15
252.80000000000000000000   17
252.90000000000000000000   14
253.00000000000000000000   16
253.10000000000000000000   14
253.20000000000000000000   9
253.30000000000000000000   10
253.40000000000000000000   14
253.50000000000000000000   16
253.60000000000000000000   16
253.70000000000000000000   17
253.80000000000000000000   15
253.90000000000000000000   18
254.00000000000000000000   15
254.10000000000000000000   20
254.20000000000000000000   23
254.30000000000000000000   22
254.40000000000000000000   20
254.50000000000000000000   16
254.60000000000000000000   17
254.70000000000000000000   19
254.80000000000000000000   18
254.90000000000000000000   16
255.00000000000000000000   13
255.10000000000000000000   14
255.20000000000000000000   18
255.30000000000000000000   13
255.40000000000000000000   17
255.50000000000000000000   15
255.60000000000000000000   17
255.70000000000000000000   24
255.80000000000000000000   27
255.90000000000000000000   25
256.00000000000000000000   20
256.10000000000000000000   22
256.20000000000000000000   20
256.30000000000000000000   16
256.40000000000000000000   20
256.50000000000000000000   19
256.60000000000000000000   18
256.70000000000000000000   14
256.80000000000000000000   11
256.90000000000000000000   16
257.00000000000000000000   15
257.10000000000000000000   20
257.20000000000000000000   19
257.30000000000000000000   14
257.40000000000000000000   18
257.50000000000000000000   17
257.60000000000000000000   15
257.70000000000000000000   13
257.80000000000000000000   12
257.90000000000000000000   14
258.00000000000000000000   13
258.10000000000000000000   15
258.20000000000000000000   13
258.30000000000000000000   14
258.40000000000000000000   13
258.50000000000000000000   14
258.60000000000000000000   13
258.70000000000000000000   14
258.80000000000000000000   17
258.90000000000000000000   17
259.00000000000000000000   13
259.10000000000000000000   15
259.20000000000000000000   18
259.30000000000000000000   22
259.40000000000000000000   19
259.50000000000000000000   16
259.60000000000000000000   18
259.70000000000000000000   19
259.80000000000000000000   20
259.90000000000000000000   18
260.00000000000000000000   21
260.10000000000000000000   14
260.20000000000000000000   15
260.30000000000000000000   15
260.40000000000000000000   18
260.50000000000000000000   19
260.60000000000000000000   15
260.70000000000000000000   22
260.80000000000000000000   26
260.90000000000000000000   20
261.00000000000000000000   21
261.10000000000000000000   24
261.20000000000000000000   22
261.30000000000000000000   22
261.40000000000000000000   21
261.50000000000000000000   22
261.60000000000000000000   22
261.70000000000000000000   17
261.80000000000000000000   17
261.90000000000000000000   17
262.00000000000000000000   20
262.10000000000000000000   19
262.20000000000000000000   19
262.30000000000000000000   17
262.40000000000000000000   19
262.50000000000000000000   16
262.60000000000000000000   16
262.70000000000000000000   17
262.80000000000000000000   16
262.90000000000000000000   17
263.00000000000000000000   14
263.10000000000000000000   16
263.20000000000000000000   14
263.30000000000000000000   13
263.40000000000000000000   13
263.50000000000000000000   19
263.60000000000000000000   15
263.70000000000000000000   15
263.80000000000000000000   16
263.90000000000000000000   14
264.00000000000000000000   23
264.10000000000000000000   21
264.20000000000000000000   18
264.30000000000000000000   17
264.40000000000000000000   25
264.50000000000000000000   18
264.60000000000000000000   16
264.70000000000000000000   19
264.80000000000000000000   19
264.90000000000000000000   20
265.00000000000000000000   18
265.10000000000000000000   19
265.20000000000000000000   17
265.30000000000000000000   17
265.40000000000000000000   20
265.50000000000000000000   18
265.60000000000000000000   21
265.70000000000000000000   22
265.80000000000000000000   19
265.90000000000000000000   18
266.00000000000000000000   17
266.10000000000000000000   22
266.20000000000000000000   22
266.30000000000000000000   23
266.40000000000000000000   20
266.50000000000000000000   19
266.60000000000000000000   26
266.70000000000000000000   26
266.80000000000000000000   24
266.90000000000000000000   20
267.00000000000000000000   17
267.10000000000000000000   18
267.20000000000000000000   18
267.30000000000000000000   18
267.40000000000000000000   18
267.50000000000000000000   17
267.60000000000000000000   20
267.70000000000000000000   17
267.80000000000000000000   16
267.90000000000000000000   19
268.00000000000000000000   15
268.10000000000000000000   19
268.20000000000000000000   18
268.30000000000000000000   17
268.40000000000000000000   18
268.50000000000000000000   16
268.60000000000000000000   16
268.70000000000000000000   18
268.80000000000000000000   17
268.90000000000000000000   12
269.00000000000000000000   15
269.10000000000000000000   15
269.20000000000000000000   15
269.30000000000000000000   17
269.40000000000000000000   17
269.50000000000000000000   19
269.60000000000000000000   18
269.70000000000000000000   19
269.80000000000000000000   12
269.90000000000000000000   17
270.00000000000000000000   19
270.10000000000000000000   20
270.20000000000000000000   21
270.30000000000000000000   22
270.40000000000000000000   21
270.50000000000000000000   25
270.60000000000000000000   20
270.70000000000000000000   18
270.80000000000000000000   19
270.90000000000000000000   23
271.00000000000000000000   23
271.10000000000000000000   25
271.20000000000000000000   24
271.30000000000000000000   25
271.40000000000000000000   19
271.50000000000000000000   25
271.60000000000000000000   27
271.70000000000000000000   23
271.80000000000000000000   24
271.90000000000000000000   24
272.00000000000000000000   21
272.10000000000000000000   22
272.20000000000000000000   22
272.30000000000000000000   26
272.40000000000000000000   22
272.50000000000000000000   21
272.60000000000000000000   21
272.70000000000000000000   18
272.80000000000000000000   17
272.90000000000000000000   17
273.00000000000000000000   16
273.10000000000000000000   18
273.20000000000000000000   17
273.30000000000000000000   18
273.40000000000000000000   24
273.50000000000000000000   26
273.60000000000000000000   27
273.70000000000000000000   31
273.80000000000000000000   21
273.90000000000000000000   19
274.00000000000000000000   18
274.10000000000000000000   21
274.20000000000000000000   21
274.30000000000000000000   23
274.40000000000000000000   24
274.50000000000000000000   21
274.60000000000000000000   24
274.70000000000000000000   22
274.80000000000000000000   26
274.90000000000000000000   20
275.00000000000000000000   19
275.10000000000000000000   22
275.20000000000000000000   22
275.30000000000000000000   24
275.40000000000000000000   23
275.50000000000000000000   23
275.60000000000000000000   25
275.70000000000000000000   22
275.80000000000000000000   16
275.90000000000000000000   16
276.00000000000000000000   15
276.10000000000000000000   19
276.20000000000000000000   19
276.30000000000000000000   18
276.40000000000000000000   27
276.50000000000000000000   22
276.60000000000000000000   16
276.70000000000000000000   15
276.80000000000000000000   18
276.90000000000000000000   17
277.00000000000000000000   15
277.10000000000000000000   18
277.20000000000000000000   18
277.30000000000000000000   17
277.40000000000000000000   21
277.50000000000000000000   18
277.60000000000000000000   18
277.70000000000000000000   17
277.80000000000000000000   13
277.90000000000000000000   13
278.00000000000000000000   16
278.10000000000000000000   17
278.20000000000000000000   19
278.30000000000000000000   15
278.40000000000000000000   19
278.50000000000000000000   18
278.60000000000000000000   19
278.70000000000000000000   17
278.80000000000000000000   23
278.90000000000000000000   19
279.00000000000000000000   22
279.10000000000000000000   21
279.20000000000000000000   24
279.30000000000000000000   24
279.40000000000000000000   23
279.50000000000000000000   22
279.60000000000000000000   22
279.70000000000000000000   22
279.80000000000000000000   24
279.90000000000000000000   23
280.00000000000000000000   22
280.10000000000000000000   21
280.20000000000000000000   21
280.30000000000000000000   21
280.40000000000000000000   22
280.50000000000000000000   26
280.60000000000000000000   20
280.70000000000000000000   22
280.80000000000000000000   23
280.90000000000000000000   22
281.00000000000000000000   23
281.10000000000000000000   23
281.20000000000000000000   23
281.30000000000000000000   24
281.40000000000000000000   22
281.50000000000000000000   20
281.60000000000000000000   17
281.70000000000000000000   20
281.80000000000000000000   19
281.90000000000000000000   19
282.00000000000000000000   18
282.10000000000000000000   20
282.20000000000000000000   18
282.30000000000000000000   22
282.40000000000000000000   21
282.50000000000000000000   21
282.60000000000000000000   18
282.70000000000000000000   21
282.80000000000000000000   20
282.90000000000000000000   18
283.00000000000000000000   19
283.10000000000000000000   17
283.20000000000000000000   19
283.30000000000000000000   18
283.40000000000000000000   25
283.50000000000000000000   22
283.60000000000000000000   21
283.70000000000000000000   20
283.80000000000000000000   22
283.90000000000000000000   24
284.00000000000000000000   23
284.10000000000000000000   23
284.20000000000000000000   24
284.30000000000000000000   24
284.40000000000000000000   22
284.50000000000000000000   25
284.60000000000000000000   23
284.70000000000000000000   23
284.80000000000000000000   25
284.90000000000000000000   23
285.00000000000000000000   24
285.10000000000000000000   24
285.20000000000000000000   24
285.30000000000000000000   26
285.40000000000000000000   25
285.50000000000000000000   24
285.60000000000000000000   20
285.70000000000000000000   23
285.80000000000000000000   21
285.90000000000000000000   24
286.00000000000000000000   24
286.10000000000000000000   25
286.20000000000000000000   22
286.30000000000000000000   26
286.40000000000000000000   21
286.50000000000000000000   24
286.60000000000000000000   25
286.70000000000000000000   23
286.80000000000000000000   21
286.90000000000000000000   20
287.00000000000000000000   20
287.10000000000000000000   17
287.20000000000000000000   20
287.30000000000000000000   20
287.40000000000000000000   19
287.50000000000000000000   20
287.60000000000000000000   17
287.70000000000000000000   13
287.80000000000000000000   17
287.90000000000000000000   17
288.00000000000000000000   23
288.10000000000000000000   23
288.20000000000000000000   22
288.30000000000000000000   21
288.40000000000000000000   21
288.50000000000000000000   21
288.60000000000000000000   21
288.70000000000000000000   21
288.80000000000000000000   21
288.90000000000000000000   19
289.00000000000000000000   28
289.10000000000000000000   25
289.20000000000000000000   20
289.30000000000000000000   21
289.40000000000000000000   23
289.50000000000000000000   22
289.60000000000000000000   22
289.70000000000000000000   21
289.80000000000000000000   26
289.90000000000000000000   22
290.00000000000000000000   22
290.10000000000000000000   22
290.20000000000000000000   19
290.30000000000000000000   23
290.40000000000000000000   23
290.50000000000000000000   21
290.60000000000000000000   20
290.70000000000000000000   20
290.80000000000000000000   19
290.90000000000000000000   17
291.00000000000000000000   21
291.10000000000000000000   18
291.20000000000000000000   18
291.30000000000000000000   16
291.40000000000000000000   17
291.50000000000000000000   13
291.60000000000000000000   14
291.70000000000000000000   17
291.80000000000000000000   19
291.90000000000000000000   12
292.00000000000000000000   10
292.10000000000000000000   20
292.20000000000000000000   13
292.30000000000000000000   15
292.40000000000000000000   13
292.50000000000000000000   14
292.60000000000000000000   16
292.70000000000000000000   14
292.80000000000000000000   10
292.90000000000000000000   15
293.00000000000000000000   12
293.10000000000000000000   11
293.20000000000000000000   15
293.30000000000000000000   11
293.40000000000000000000   12
293.50000000000000000000   12
293.60000000000000000000   14
293.70000000000000000000   14
293.80000000000000000000   11
293.90000000000000000000   8
294.00000000000000000000   7
294.10000000000000000000   13
294.20000000000000000000   8
294.30000000000000000000   8
294.40000000000000000000   14
294.50000000000000000000   13
294.60000000000000000000   13
294.70000000000000000000   14
294.80000000000000000000   7
294.90000000000000000000   12
295.00000000000000000000   12
295.10000000000000000000   14
295.20000000000000000000   15
295.30000000000000000000   10
295.40000000000000000000   17
295.50000000000000000000   15
295.60000000000000000000   11
295.70000000000000000000   13
295.80000000000000000000   14
295.90000000000000000000   12
296.00000000000000000000   14
296.10000000000000000000   16
296.20000000000000000000   15
296.30000000000000000000   11
296.40000000000000000000   14
296.50000000000000000000   12
296.60000000000000000000   13
296.70000000000000000000   11
296.80000000000000000000   14
296.90000000000000000000   15
297.00000000000000000000   17
297.10000000000000000000   15
297.20000000000000000000   13
297.30000000000000000000   14
297.40000000000000000000   16
297.50000000000000000000   14
297.60000000000000000000   12
297.70000000000000000000   12
297.80000000000000000000   11
297.90000000000000000000   9
298.00000000000000000000   10
298.10000000000000000000   11
298.20000000000000000000   11
298.30000000000000000000   10
298.40000000000000000000   13
298.50000000000000000000   10
298.60000000000000000000   7
298.70000000000000000000   14
298.80000000000000000000   9
298.90000000000000000000   8
299.00000000000000000000   8
299.10000000000000000000   7
299.20000000000000000000   7
299.30000000000000000000   4
299.40000000000000000000   3
299.50000000000000000000   6
299.60000000000000000000   5
299.70000000000000000000   7
299.80000000000000000000   6
299.90000000000000000000   8
300.00000000000000000000   4
300.10000000000000000000   8
300.20000000000000000000   5
300.30000000000000000000   6
300.40000000000000000000   6
300.50000000000000000000   7
300.60000000000000000000   6
300.70000000000000000000   10
300.80000000000000000000   13
300.90000000000000000000   11
301.00000000000000000000   13
301.10000000000000000000   19
301.20000000000000000000   17
301.30000000000000000000   17
301.40000000000000000000   17
301.50000000000000000000   16
301.60000000000000000000   18
301.70000000000000000000   17
301.80000000000000000000   22
301.90000000000000000000   16
302.00000000000000000000   18
302.10000000000000000000   15
302.20000000000000000000   13
302.30000000000000000000   13
302.40000000000000000000   16
302.50000000000000000000   14
302.60000000000000000000   16
302.70000000000000000000   18
302.80000000000000000000   14
302.90000000000000000000   14
303.00000000000000000000   12
303.10000000000000000000   18
303.20000000000000000000   17
303.30000000000000000000   16
303.40000000000000000000   14
303.50000000000000000000   18
303.60000000000000000000   19
303.70000000000000000000   16
303.80000000000000000000   18
303.90000000000000000000   17
304.00000000000000000000   21
304.10000000000000000000   19
304.20000000000000000000   18
304.30000000000000000000   18
304.40000000000000000000   21
304.50000000000000000000   19
304.60000000000000000000   20
304.70000000000000000000   22
304.80000000000000000000   20
304.90000000000000000000   19
305.00000000000000000000   16
305.10000000000000000000   15
305.20000000000000000000   14
305.30000000000000000000   16
305.40000000000000000000   18
305.50000000000000000000   20
305.60000000000000000000   21
305.70000000000000000000   21
305.80000000000000000000   17
305.90000000000000000000   15
306.00000000000000000000   15
306.10000000000000000000   17
306.20000000000000000000   14
306.30000000000000000000   19
306.40000000000000000000   17
306.50000000000000000000   17
306.60000000000000000000   19
306.70000000000000000000   18
306.80000000000000000000   18
306.90000000000000000000   18
307.00000000000000000000   18
307.10000000000000000000   17
307.20000000000000000000   19
307.30000000000000000000   19
307.40000000000000000000   19
307.50000000000000000000   17
307.60000000000000000000   17
307.70000000000000000000   18
307.80000000000000000000   20
307.90000000000000000000   18
308.00000000000000000000   18
308.10000000000000000000   17
308.20000000000000000000   19
308.30000000000000000000   17
308.40000000000000000000   17
308.50000000000000000000   17
308.60000000000000000000   17
308.70000000000000000000   22
308.80000000000000000000   22
308.90000000000000000000   21
309.00000000000000000000   23
309.10000000000000000000   20
309.20000000000000000000   24
309.30000000000000000000   23
309.40000000000000000000   23
309.50000000000000000000   24
309.60000000000000000000   24
309.70000000000000000000   20
309.80000000000000000000   21
309.90000000000000000000   19
310.00000000000000000000   21
310.10000000000000000000   23
310.20000000000000000000   22
310.30000000000000000000   20
310.40000000000000000000   25
310.50000000000000000000   23
310.60000000000000000000   21
310.70000000000000000000   23
310.80000000000000000000   24
310.90000000000000000000   26
311.00000000000000000000   22
311.10000000000000000000   24
311.20000000000000000000   21
311.30000000000000000000   22
311.40000000000000000000   21
311.50000000000000000000   25
311.60000000000000000000   21
311.70000000000000000000   21
311.80000000000000000000   24
311.90000000000000000000   23
312.00000000000000000000   21
312.10000000000000000000   24
312.20000000000000000000   22
312.30000000000000000000   20
312.40000000000000000000   22
312.50000000000000000000   20
312.60000000000000000000   22
312.70000000000000000000   24
312.80000000000000000000   18
312.90000000000000000000   19
313.00000000000000000000   20
313.10000000000000000000   19
313.20000000000000000000   24
313.30000000000000000000   20
313.40000000000000000000   22
313.50000000000000000000   21
313.60000000000000000000   20
313.70000000000000000000   20
313.80000000000000000000   17
313.90000000000000000000   18
314.00000000000000000000   22
314.10000000000000000000   22
314.20000000000000000000   22
314.30000000000000000000   20
314.40000000000000000000   20
314.50000000000000000000   19
314.60000000000000000000   22
314.70000000000000000000   19
314.80000000000000000000   19
314.90000000000000000000   21
315.00000000000000000000   20
315.10000000000000000000   20
315.20000000000000000000   20
315.30000000000000000000   20
315.40000000000000000000   23
315.50000000000000000000   23
315.60000000000000000000   22
315.70000000000000000000   19
315.80000000000000000000   19
315.90000000000000000000   16
316.00000000000000000000   13
316.10000000000000000000   15
316.20000000000000000000   17
316.30000000000000000000   18
316.40000000000000000000   14
316.50000000000000000000   14
316.60000000000000000000   18
316.70000000000000000000   20
316.80000000000000000000   16
316.90000000000000000000   15
317.00000000000000000000   16
317.10000000000000000000   16
317.20000000000000000000   16
317.30000000000000000000   15
317.40000000000000000000   16
317.50000000000000000000   17
317.60000000000000000000   15
317.70000000000000000000   17
317.80000000000000000000   16
317.90000000000000000000   17
318.00000000000000000000   17
318.10000000000000000000   12
318.20000000000000000000   15
318.30000000000000000000   17
318.40000000000000000000   13
318.50000000000000000000   16
318.60000000000000000000   15
318.70000000000000000000   16
318.80000000000000000000   13
318.90000000000000000000   14
319.00000000000000000000   17
319.10000000000000000000   17
319.20000000000000000000   19
319.30000000000000000000   18
319.40000000000000000000   16
319.50000000000000000000   15
319.60000000000000000000   12
319.70000000000000000000   12
319.80000000000000000000   15
319.90000000000000000000   14
320.00000000000000000000   15
320.10000000000000000000   23
320.20000000000000000000   20
320.30000000000000000000   16
320.40000000000000000000   17
320.50000000000000000000   15
320.60000000000000000000   19
320.70000000000000000000   16
320.80000000000000000000   16
320.90000000000000000000   18
321.00000000000000000000   16
321.10000000000000000000   16
321.20000000000000000000   17
321.30000000000000000000   16
321.40000000000000000000   18
321.50000000000000000000   19
321.60000000000000000000   17
321.70000000000000000000   18
321.80000000000000000000   19
321.90000000000000000000   22
322.00000000000000000000   17
322.10000000000000000000   18
322.20000000000000000000   17
322.30000000000000000000   19
322.40000000000000000000   18
322.50000000000000000000   18
322.60000000000000000000   15
322.70000000000000000000   13
322.80000000000000000000   17
322.90000000000000000000   13
323.00000000000000000000   18
323.10000000000000000000   16
323.20000000000000000000   19
323.30000000000000000000   21
323.40000000000000000000   20
323.50000000000000000000   26
323.60000000000000000000   24
323.70000000000000000000   19
323.80000000000000000000   19
323.90000000000000000000   19
324.00000000000000000000   17
324.10000000000000000000   17
324.20000000000000000000   16
324.30000000000000000000   17
324.40000000000000000000   17
324.50000000000000000000   21
324.60000000000000000000   20
324.70000000000000000000   19
324.80000000000000000000   21
324.90000000000000000000   17
325.00000000000000000000   24
325.10000000000000000000   21
325.20000000000000000000   20
325.30000000000000000000   19
325.40000000000000000000   20
325.50000000000000000000   20
325.60000000000000000000   18
325.70000000000000000000   18
325.80000000000000000000   16
325.90000000000000000000   19
326.00000000000000000000   21
326.10000000000000000000   20
326.20000000000000000000   17
326.30000000000000000000   18
326.40000000000000000000   14
326.50000000000000000000   20
326.60000000000000000000   18
326.70000000000000000000   19
326.80000000000000000000   18
326.90000000000000000000   19
327.00000000000000000000   15
327.10000000000000000000   20
327.20000000000000000000   21
327.30000000000000000000   18
327.40000000000000000000   18
327.50000000000000000000   19
327.60000000000000000000   23
327.70000000000000000000   21
327.80000000000000000000   20
327.90000000000000000000   17
328.00000000000000000000   14
328.10000000000000000000   17
328.20000000000000000000   16
328.30000000000000000000   13
328.40000000000000000000   12
328.50000000000000000000   13
328.60000000000000000000   15
328.70000000000000000000   13
328.80000000000000000000   23
328.90000000000000000000   19
329.00000000000000000000   22
329.10000000000000000000   18
329.20000000000000000000   13
329.30000000000000000000   12
329.40000000000000000000   13
329.50000000000000000000   14
329.60000000000000000000   17
329.70000000000000000000   13
329.80000000000000000000   13
329.90000000000000000000   10
330.00000000000000000000   10
330.10000000000000000000   10
330.20000000000000000000   9
330.30000000000000000000   9
330.40000000000000000000   10
330.50000000000000000000   9
330.60000000000000000000   12
330.70000000000000000000   9
330.80000000000000000000   10
330.90000000000000000000   11
331.00000000000000000000   10
331.10000000000000000000   10
331.20000000000000000000   8
331.30000000000000000000   11
331.40000000000000000000   12
331.50000000000000000000   13
331.60000000000000000000   10
331.70000000000000000000   11
331.80000000000000000000   11
331.90000000000000000000   11
332.00000000000000000000   11
332.10000000000000000000   12
332.20000000000000000000   15
332.30000000000000000000   14
332.40000000000000000000   12
332.50000000000000000000   14
332.60000000000000000000   14
332.70000000000000000000   13
332.80000000000000000000   13
332.90000000000000000000   10
333.00000000000000000000   6
333.10000000000000000000   6
333.20000000000000000000   8
333.30000000000000000000   8
333.40000000000000000000   5
333.50000000000000000000   9
333.60000000000000000000   5
333.70000000000000000000   7
333.80000000000000000000   8
333.90000000000000000000   5
334.00000000000000000000   5
334.10000000000000000000   5
334.20000000000000000000   12
334.30000000000000000000   6
334.40000000000000000000   11
334.50000000000000000000   10
334.60000000000000000000   10
334.70000000000000000000   15
334.80000000000000000000   15
334.90000000000000000000   12
335.00000000000000000000   14
335.10000000000000000000   13
335.20000000000000000000   13
335.30000000000000000000   15
335.40000000000000000000   14
335.50000000000000000000   14
335.60000000000000000000   13
335.70000000000000000000   15
335.80000000000000000000   21
335.90000000000000000000   15
336.00000000000000000000   15
336.10000000000000000000   13
336.20000000000000000000   16
336.30000000000000000000   14
336.40000000000000000000   14
336.50000000000000000000   16
336.60000000000000000000   14
336.70000000000000000000   12
336.80000000000000000000   16
336.90000000000000000000   15
337.00000000000000000000   15
337.10000000000000000000   13
337.20000000000000000000   9
337.30000000000000000000   11
337.40000000000000000000   11
337.50000000000000000000   10
337.60000000000000000000   11
337.70000000000000000000   9
337.80000000000000000000   9
337.90000000000000000000   15
338.00000000000000000000   11
338.10000000000000000000   16
338.20000000000000000000   10
338.30000000000000000000   14
338.40000000000000000000   5
338.50000000000000000000   11
338.60000000000000000000   7
338.70000000000000000000   7
338.80000000000000000000   6
338.90000000000000000000   7
339.00000000000000000000   8
339.10000000000000000000   8
339.20000000000000000000   7
339.30000000000000000000   10
339.40000000000000000000   10
339.50000000000000000000   10
339.60000000000000000000   11
339.70000000000000000000   10
339.80000000000000000000   11
339.90000000000000000000   10
340.00000000000000000000   10
340.10000000000000000000   7
340.20000000000000000000   11
340.30000000000000000000   12
340.40000000000000000000   7
340.50000000000000000000   10
340.60000000000000000000   8
340.70000000000000000000   8
340.80000000000000000000   8
340.90000000000000000000   12
341.00000000000000000000   13
341.10000000000000000000   10
341.20000000000000000000   12
341.30000000000000000000   8
341.40000000000000000000   13
341.50000000000000000000   15
341.60000000000000000000   14
341.70000000000000000000   11
341.80000000000000000000   11
341.90000000000000000000   11
342.00000000000000000000   14
342.10000000000000000000   9
342.20000000000000000000   10
342.30000000000000000000   14
342.40000000000000000000   14
342.50000000000000000000   14
342.60000000000000000000   17
342.70000000000000000000   10
342.80000000000000000000   10
342.90000000000000000000   9
343.00000000000000000000   13
343.10000000000000000000   10
343.20000000000000000000   10
343.30000000000000000000   11
343.40000000000000000000   11
343.50000000000000000000   9
343.60000000000000000000   12
343.70000000000000000000   11
343.80000000000000000000   10
343.90000000000000000000   11
344.00000000000000000000   4
344.10000000000000000000   8
344.20000000000000000000   7
344.30000000000000000000   5
344.40000000000000000000   5
344.50000000000000000000   10
344.60000000000000000000   8
344.70000000000000000000   9
344.80000000000000000000   6
344.90000000000000000000   6
345.00000000000000000000   6
345.10000000000000000000   6
345.20000000000000000000   5
345.30000000000000000000   6
345.40000000000000000000   6
345.50000000000000000000   8
345.60000000000000000000   7
345.70000000000000000000   8
345.80000000000000000000   3
345.90000000000000000000   8
346.00000000000000000000   7
346.10000000000000000000   7
346.20000000000000000000   3
346.30000000000000000000   4
346.40000000000000000000   5
346.50000000000000000000   6
346.60000000000000000000   8
346.70000000000000000000   6
346.80000000000000000000   6
346.90000000000000000000   6
347.00000000000000000000   8
347.10000000000000000000   7
347.20000000000000000000   6
347.30000000000000000000   8
347.40000000000000000000   6
347.50000000000000000000   6
347.60000000000000000000   7
347.70000000000000000000   8
347.80000000000000000000   7
347.90000000000000000000   13
348.00000000000000000000   11
348.10000000000000000000   13
348.20000000000000000000   11
348.30000000000000000000   12
348.40000000000000000000   11
348.50000000000000000000   9
348.60000000000000000000   15
348.70000000000000000000   12
348.80000000000000000000   5
348.90000000000000000000   4
349.00000000000000000000   6
349.10000000000000000000   7
349.20000000000000000000   7
349.30000000000000000000   6
349.40000000000000000000   6
349.50000000000000000000   7
349.60000000000000000000   7
349.70000000000000000000   5
349.80000000000000000000   10
349.90000000000000000000   10
350.00000000000000000000   13
350.10000000000000000000   13
350.20000000000000000000   11
350.30000000000000000000   7
350.40000000000000000000   14
350.50000000000000000000   11
350.60000000000000000000   9
350.70000000000000000000   12
350.80000000000000000000   10
350.90000000000000000000   8
351.00000000000000000000   8
351.10000000000000000000   7
351.20000000000000000000   12
351.30000000000000000000   5
351.40000000000000000000   7
351.50000000000000000000   8
351.60000000000000000000   12
351.70000000000000000000   10
351.80000000000000000000   8
351.90000000000000000000   8
352.00000000000000000000   13
352.10000000000000000000   14
352.20000000000000000000   12
352.30000000000000000000   9
352.40000000000000000000   9
352.50000000000000000000   13
352.60000000000000000000   13
352.70000000000000000000   13
352.80000000000000000000   15
352.90000000000000000000   15
353.00000000000000000000   14
353.10000000000000000000   10
353.20000000000000000000   11
353.30000000000000000000   15
353.40000000000000000000   15
353.50000000000000000000   16
353.60000000000000000000   15
353.70000000000000000000   13
353.80000000000000000000   12
353.90000000000000000000   13
354.00000000000000000000   14
354.10000000000000000000   18
354.20000000000000000000   14
354.30000000000000000000   15
354.40000000000000000000   14
354.50000000000000000000   15
354.60000000000000000000   14
354.70000000000000000000   13
354.80000000000000000000   14
354.90000000000000000000   14
355.00000000000000000000   12
355.10000000000000000000   14
355.20000000000000000000   14
355.30000000000000000000   13
355.40000000000000000000   14
355.50000000000000000000   9
355.60000000000000000000   15
355.70000000000000000000   16
355.80000000000000000000   13
355.90000000000000000000   14
356.00000000000000000000   15
356.10000000000000000000   15
356.20000000000000000000   15
356.30000000000000000000   18
356.40000000000000000000   19
356.50000000000000000000   16
356.60000000000000000000   16
356.70000000000000000000   20
356.80000000000000000000   20
356.90000000000000000000   18
357.00000000000000000000   17
357.10000000000000000000   18
357.20000000000000000000   19
357.30000000000000000000   18
357.40000000000000000000   17
357.50000000000000000000   18
357.60000000000000000000   18
357.70000000000000000000   18
357.80000000000000000000   19
357.90000000000000000000   17
358.00000000000000000000   17
358.10000000000000000000   16
358.20000000000000000000   20
358.30000000000000000000   14
358.40000000000000000000   17
358.50000000000000000000   18
358.60000000000000000000   17
358.70000000000000000000   17
358.80000000000000000000   18
358.90000000000000000000   17
359.00000000000000000000   12
359.10000000000000000000   17
359.20000000000000000000   11
359.30000000000000000000   15
359.40000000000000000000   14
359.50000000000000000000   14
359.60000000000000000000   14
359.70000000000000000000   13
359.80000000000000000000   15
359.90000000000000000000   13
360.00000000000000000000   14
360.10000000000000000000   13
360.20000000000000000000   15
360.30000000000000000000   13
360.40000000000000000000   14
360.50000000000000000000   13
360.60000000000000000000   10
360.70000000000000000000   10
360.80000000000000000000   11
360.90000000000000000000   12
361.00000000000000000000   12
361.10000000000000000000   12
361.20000000000000000000   11
361.30000000000000000000   13
361.40000000000000000000   11
361.50000000000000000000   12
361.60000000000000000000   13
361.70000000000000000000   10
361.80000000000000000000   17
361.90000000000000000000   14
362.00000000000000000000   12
362.10000000000000000000   14
362.20000000000000000000   17
362.30000000000000000000   17
362.40000000000000000000   18
362.50000000000000000000   18
362.60000000000000000000   14
362.70000000000000000000   10
362.80000000000000000000   13
362.90000000000000000000   12
363.00000000000000000000   15
363.10000000000000000000   16
363.20000000000000000000   16
363.30000000000000000000   13
363.40000000000000000000   17
363.50000000000000000000   19
363.60000000000000000000   18
363.70000000000000000000   18
363.80000000000000000000   15
363.90000000000000000000   15
364.00000000000000000000   17
364.10000000000000000000   12
364.20000000000000000000   11
364.30000000000000000000   10
364.40000000000000000000   15
364.50000000000000000000   13
364.60000000000000000000   15
364.70000000000000000000   13
364.80000000000000000000   14
364.90000000000000000000   14
365.00000000000000000000   12
365.10000000000000000000   11
365.20000000000000000000   12
365.30000000000000000000   16
365.40000000000000000000   16
365.50000000000000000000   15
365.60000000000000000000   15
365.70000000000000000000   15
365.80000000000000000000   16
365.90000000000000000000   15
366.00000000000000000000   14
366.10000000000000000000   19
366.20000000000000000000   17
366.30000000000000000000   15
366.40000000000000000000   8
366.50000000000000000000   10
366.60000000000000000000   8
366.70000000000000000000   7
366.80000000000000000000   11
366.90000000000000000000   10
367.00000000000000000000   10
367.10000000000000000000   11
367.20000000000000000000   9
367.30000000000000000000   8
367.40000000000000000000   9
367.50000000000000000000   8
367.60000000000000000000   12
367.70000000000000000000   11
367.80000000000000000000   9
367.90000000000000000000   5
368.00000000000000000000   8
368.10000000000000000000   7
368.20000000000000000000   12
368.30000000000000000000   12
368.40000000000000000000   11
368.50000000000000000000   10
368.60000000000000000000   14
368.70000000000000000000   17
368.80000000000000000000   13
368.90000000000000000000   8
369.00000000000000000000   12
369.10000000000000000000   10
369.20000000000000000000   10
369.30000000000000000000   11
369.40000000000000000000   11
369.50000000000000000000   11
369.60000000000000000000   10
369.70000000000000000000   10
369.80000000000000000000   14
369.90000000000000000000   13
370.00000000000000000000   17
370.10000000000000000000   13
370.20000000000000000000   13
370.30000000000000000000   15
370.40000000000000000000   12
370.50000000000000000000   11
370.60000000000000000000   13
370.70000000000000000000   11
370.80000000000000000000   13
370.90000000000000000000   12
371.00000000000000000000   12
371.10000000000000000000   13
371.20000000000000000000   10
371.30000000000000000000   11
371.40000000000000000000   11
371.50000000000000000000   10
371.60000000000000000000   12
371.70000000000000000000   13
371.80000000000000000000   12
371.90000000000000000000   11
372.00000000000000000000   14
372.10000000000000000000   11
372.20000000000000000000   12
372.30000000000000000000   11
372.40000000000000000000   13
372.50000000000000000000   10
372.60000000000000000000   9
372.70000000000000000000   13
372.80000000000000000000   13
372.90000000000000000000   7
373.00000000000000000000   8
373.10000000000000000000   10
373.20000000000000000000   11
373.30000000000000000000   11
373.40000000000000000000   11
373.50000000000000000000   8
373.60000000000000000000   7
373.70000000000000000000   10
373.80000000000000000000   10
373.90000000000000000000   10
374.00000000000000000000   11
374.10000000000000000000   12
374.20000000000000000000   13
374.30000000000000000000   10
374.40000000000000000000   14
374.50000000000000000000   9
374.60000000000000000000   10
374.70000000000000000000   10
374.80000000000000000000   10
374.90000000000000000000   10
375.00000000000000000000   12
375.10000000000000000000   9
375.20000000000000000000   15
375.30000000000000000000   13
375.40000000000000000000   9
375.50000000000000000000   8
375.60000000000000000000   9
375.70000000000000000000   10
375.80000000000000000000   9
375.90000000000000000000   10
376.00000000000000000000   9
376.10000000000000000000   7
376.20000000000000000000   8
376.30000000000000000000   10
376.40000000000000000000   11
376.50000000000000000000   7
376.60000000000000000000   12
376.70000000000000000000   12
376.80000000000000000000   11
376.90000000000000000000   12
377.00000000000000000000   10
377.10000000000000000000   8
377.20000000000000000000   16
377.30000000000000000000   14
377.40000000000000000000   17
377.50000000000000000000   14
377.60000000000000000000   13
377.70000000000000000000   14
377.80000000000000000000   17
377.90000000000000000000   17
378.00000000000000000000   15
378.10000000000000000000   14
378.20000000000000000000   15
378.30000000000000000000   14
378.40000000000000000000   14
378.50000000000000000000   15
378.60000000000000000000   16
378.70000000000000000000   16
378.80000000000000000000   16
378.90000000000000000000   16
379.00000000000000000000   17
379.10000000000000000000   14
379.20000000000000000000   15
379.30000000000000000000   15
379.40000000000000000000   18
379.50000000000000000000   17
379.60000000000000000000   17
379.70000000000000000000   12
379.80000000000000000000   14
379.90000000000000000000   15
380.00000000000000000000   13
380.10000000000000000000   16
380.20000000000000000000   13
380.30000000000000000000   15
380.40000000000000000000   15
380.50000000000000000000   16
380.60000000000000000000   18
380.70000000000000000000   17
380.80000000000000000000   16
380.90000000000000000000   17
381.00000000000000000000   17
381.10000000000000000000   15
381.20000000000000000000   17
381.30000000000000000000   17
381.40000000000000000000   15
381.50000000000000000000   16
381.60000000000000000000   14
381.70000000000000000000   15
381.80000000000000000000   6
381.90000000000000000000   7
382.00000000000000000000   9
382.10000000000000000000   6
382.20000000000000000000   6
382.30000000000000000000   6
382.40000000000000000000   9
382.50000000000000000000   10
382.60000000000000000000   15
382.70000000000000000000   13
382.80000000000000000000   11
382.90000000000000000000   9
383.00000000000000000000   10
383.10000000000000000000   11
383.20000000000000000000   13
383.30000000000000000000   11
383.40000000000000000000   12
383.50000000000000000000   10
383.60000000000000000000   11
383.70000000000000000000   11
383.80000000000000000000   12
383.90000000000000000000   7
384.00000000000000000000   9
384.10000000000000000000   5
384.20000000000000000000   7
384.30000000000000000000   8
384.40000000000000000000   9
384.50000000000000000000   11
384.60000000000000000000   9
384.70000000000000000000   9
384.80000000000000000000   9
384.90000000000000000000   11
385.00000000000000000000   10
385.10000000000000000000   11
385.20000000000000000000   10
385.30000000000000000000   13
385.40000000000000000000   12
385.50000000000000000000   12
385.60000000000000000000   10
385.70000000000000000000   11
385.80000000000000000000   9
385.90000000000000000000   10
386.00000000000000000000   10
386.10000000000000000000   9
386.20000000000000000000   9
386.30000000000000000000   10
386.40000000000000000000   9
386.50000000000000000000   12
386.60000000000000000000   10
386.70000000000000000000   9
386.80000000000000000000   7
386.90000000000000000000   8
387.00000000000000000000   8
387.10000000000000000000   10
387.20000000000000000000   11
387.30000000000000000000   13
387.40000000000000000000   10
387.50000000000000000000   12
387.60000000000000000000   8
387.70000000000000000000   10
387.80000000000000000000   8
387.90000000000000000000   11
388.00000000000000000000   10
388.10000000000000000000   14
388.20000000000000000000   12
388.30000000000000000000   13
388.40000000000000000000   14
388.50000000000000000000   13
388.60000000000000000000   12
388.70000000000000000000   14
388.80000000000000000000   12
388.90000000000000000000   8
389.00000000000000000000   15
389.10000000000000000000   14
389.20000000000000000000   12
389.30000000000000000000   13
389.40000000000000000000   11
389.50000000000000000000   12
389.60000000000000000000   13
389.70000000000000000000   16
389.80000000000000000000   18
389.90000000000000000000   18
390.00000000000000000000   16
390.10000000000000000000   15
390.20000000000000000000   18
390.30000000000000000000   20
390.40000000000000000000   17
390.50000000000000000000   16
390.60000000000000000000   19
390.70000000000000000000   18
390.80000000000000000000   21
390.90000000000000000000   20
391.00000000000000000000   21
391.10000000000000000000   21
391.20000000000000000000   20
391.30000000000000000000   18
391.40000000000000000000   20
391.50000000000000000000   19
391.60000000000000000000   19
391.70000000000000000000   18
391.80000000000000000000   21
391.90000000000000000000   21
392.00000000000000000000   20
392.10000000000000000000   18
392.20000000000000000000   17
392.30000000000000000000   20
392.40000000000000000000   18
392.50000000000000000000   16
392.60000000000000000000   18
392.70000000000000000000   18
392.80000000000000000000   19
392.90000000000000000000   12
393.00000000000000000000   13
393.10000000000000000000   13
393.20000000000000000000   18
393.30000000000000000000   19
393.40000000000000000000   18
393.50000000000000000000   17
393.60000000000000000000   17
393.70000000000000000000   18
393.80000000000000000000   19
393.90000000000000000000   18
394.00000000000000000000   18
394.10000000000000000000   20
394.20000000000000000000   17
394.30000000000000000000   19
394.40000000000000000000   20
394.50000000000000000000   18
394.60000000000000000000   20
394.70000000000000000000   19
394.80000000000000000000   17
394.90000000000000000000   19
395.00000000000000000000   19
395.10000000000000000000   19
395.20000000000000000000   19
395.30000000000000000000   18
395.40000000000000000000   21
395.50000000000000000000   18
395.60000000000000000000   19
395.70000000000000000000   18
395.80000000000000000000   18
395.90000000000000000000   20
396.00000000000000000000   16
396.10000000000000000000   18
396.20000000000000000000   18
396.30000000000000000000   17
396.40000000000000000000   17
396.50000000000000000000   20
396.60000000000000000000   20
396.70000000000000000000   21
396.80000000000000000000   20
396.90000000000000000000   19
397.00000000000000000000   21
397.10000000000000000000   20
397.20000000000000000000   20
397.30000000000000000000   21
397.40000000000000000000   20
397.50000000000000000000   20
397.60000000000000000000   19
397.70000000000000000000   21
397.80000000000000000000   15
397.90000000000000000000   19
398.00000000000000000000   17
398.10000000000000000000   17
398.20000000000000000000   16
398.30000000000000000000   20
398.40000000000000000000   18
398.50000000000000000000   18
398.60000000000000000000   21
398.70000000000000000000   23
398.80000000000000000000   14
398.90000000000000000000   16
399.00000000000000000000   19
399.10000000000000000000   17
399.20000000000000000000   17
399.30000000000000000000   20
399.40000000000000000000   19
399.50000000000000000000   20
399.60000000000000000000   18
399.70000000000000000000   18
