200.00000000000000000000   18
200.10000000000000000000   17
200.20000000000000000000   16
200.30000000000000000000   18
200.40000000000000000000   17
200.50000000000000000000   15
200.60000000000000000000   17
200.70000000000000000000   15
200.80000000000000000000   18
200.90000000000000000000   23
201.00000000000000000000   22
201.10000000000000000000   25
201.20000000000000000000   23
201.30000000000000000000   20
201.40000000000000000000   20
201.50000000000000000000   20
201.60000000000000000000   19
201.70000000000000000000   21
201.80000000000000000000   21
201.90000000000000000000   21
202.00000000000000000000   21
202.10000000000000000000   20
202.20000000000000000000   22
202.30000000000000000000   22
202.40000000000000000000   20
202.50000000000000000000   18
202.60000000000000000000   19
202.70000000000000000000   18
202.80000000000000000000   17
202.90000000000000000000   17
203.00000000000000000000   17
203.10000000000000000000   15
203.20000000000000000000   16
203.30000000000000000000   18
203.40000000000000000000   17
203.50000000000000000000   18
203.60000000000000000000   19
203.70000000000000000000   17
203.80000000000000000000   19
203.90000000000000000000   20
204.00000000000000000000   21
204.10000000000000000000   20
204.20000000000000000000   17
204.30000000000000000000   20
204.40000000000000000000   20
204.50000000000000000000   20
204.60000000000000000000   22
204.70000000000000000000   21
204.80000000000000000000   18
204.90000000000000000000   21
205.00000000000000000000   23
205.10000000000000000000   22
205.20000000000000000000   23
205.30000000000000000000   22
205.40000000000000000000   20
205.50000000000000000000   24
205.60000000000000000000   19
205.70000000000000000000   20
205.80000000000000000000   21
205.90000000000000000000   19
206.00000000000000000000   21
206.10000000000000000000   16
206.20000000000000000000   19
206.30000000000000000000   18
206.40000000000000000000   20
206.50000000000000000000   18
206.60000000000000000000   16
206.70000000000000000000   17
206.80000000000000000000   16
206.90000000000000000000   16
207.00000000000000000000   22
207.10000000000000000000   20
207.20000000000000000000   20
207.30000000000000000000   19
207.40000000000000000000   18
207.50000000000000000000   20
207.60000000000000000000   17
207.70000000000000000000   17
207.80000000000000000000   17
207.90000000000000000000   16
208.00000000000000000000   18
208.10000000000000000000   15
208.20000000000000000000   15
208.30000000000000000000   14
208.40000000000000000000   16
208.50000000000000000000   15
208.60000000000000000000   13
208.70000000000000000000   18
208.80000000000000000000   18
208.90000000000000000000   19
209.00000000000000000000   19
209.10000000000000000000   22
209.20000000000000000000   18
209.30000000000000000000   18
209.40000000000000000000   17
209.50000000000000000000   19
209.60000000000000000000   21
209.70000000000000000000   21
209.80000000000000000000   25
209.90000000000000000000   25
210.00000000000000000000   14
210.10000000000000000000   14
210.20000000000000000000   12
210.30000000000000000000   16
210.40000000000000000000   15
210.50000000000000000000   18
210.60000000000000000000   18
210.70000000000000000000   13
210.80000000000000000000   14
210.90000000000000000000   15
211.00000000000000000000   16
211.10000000000000000000   18
211.20000000000000000000   16
211.30000000000000000000   15
211.40000000000000000000   18
211.50000000000000000000   17
211.60000000000000000000   15
211.70000000000000000000   13
211.80000000000000000000   14
211.90000000000000000000   14
212.00000000000000000000   13
212.10000000000000000000   15
212.20000000000000000000   16
212.30000000000000000000   16
212.40000000000000000000   14
212.50000000000000000000   18
212.60000000000000000000   16
212.70000000000000000000   19
212.80000000000000000000   14
212.90000000000000000000   17
213.00000000000000000000   16
213.10000000000000000000   16
213.20000000000000000000   13
213.30000000000000000000   14
213.40000000000000000000   13
213.50000000000000000000   12
213.60000000000000000000   14
213.70000000000000000000   13
213.80000000000000000000   18
213.90000000000000000000   14
214.00000000000000000000   11
214.10000000000000000000   12
214.20000000000000000000   17
214.30000000000000000000   13
214.40000000000000000000   14
214.50000000000000000000   10
214.60000000000000000000   10
214.70000000000000000000   9
214.80000000000000000000   12
214.90000000000000000000   15
215.00000000000000000000   15
215.10000000000000000000   16
215.20000000000000000000   13
215.30000000000000000000   12
215.40000000000000000000   8
215.50000000000000000000   9
215.60000000000000000000   14
215.70000000000000000000   9
215.80000000000000000000   12
215.90000000000000000000   12
216.00000000000000000000   14
216.10000000000000000000   14
216.20000000000000000000   14
216.30000000000000000000   14
216.40000000000000000000   16
216.50000000000000000000   12
216.60000000000000000000   11
216.70000000000000000000   11
216.80000000000000000000   12
216.90000000000000000000   18
217.00000000000000000000   19
217.10000000000000000000   13
217.20000000000000000000   14
217.30000000000000000000   10
217.40000000000000000000   9
217.50000000000000000000   10
217.60000000000000000000   11
217.70000000000000000000   11
217.80000000000000000000   14
217.90000000000000000000   11
218.00000000000000000000   12
218.10000000000000000000   12
218.20000000000000000000   12
218.30000000000000000000   8
218.40000000000000000000   8
218.50000000000000000000   9
218.60000000000000000000   9
218.70000000000000000000   9
218.80000000000000000000   10
218.90000000000000000000   12
219.00000000000000000000   15
219.10000000000000000000   14
219.20000000000000000000   14
219.30000000000000000000   13
219.40000000000000000000   19
219.50000000000000000000   14
219.60000000000000000000   13
219.70000000000000000000   14
219.80000000000000000000   11
219.90000000000000000000   15
220.00000000000000000000   14
220.10000000000000000000   17
220.20000000000000000000   15
220.30000000000000000000   17
220.40000000000000000000   13
220.50000000000000000000   14
220.60000000000000000000   18
220.70000000000000000000   14
220.80000000000000000000   11
220.90000000000000000000   15
221.00000000000000000000   15
221.10000000000000000000   18
221.20000000000000000000   17
221.30000000000000000000   16
221.40000000000000000000   18
221.50000000000000000000   19
221.60000000000000000000   20
221.70000000000000000000   20
221.80000000000000000000   16
221.90000000000000000000   14
222.00000000000000000000   20
222.10000000000000000000   18
222.20000000000000000000   13
222.30000000000000000000   15
222.40000000000000000000   14
222.50000000000000000000   15
222.60000000000000000000   14
222.70000000000000000000   18
222.80000000000000000000   13
222.90000000000000000000   12
223.00000000000000000000   15
223.10000000000000000000   21
223.20000000000000000000   19
223.30000000000000000000   18
223.40000000000000000000   13
223.50000000000000000000   16
223.60000000000000000000   17
223.70000000000000000000   12
223.80000000000000000000   14
223.90000000000000000000   13
224.00000000000000000000   12
224.10000000000000000000   11
224.20000000000000000000   13
224.30000000000000000000   15
224.40000000000000000000   14
224.50000000000000000000   10
224.60000000000000000000   5
224.70000000000000000000   5
224.80000000000000000000   5
224.90000000000000000000   4
225.00000000000000000000   6
225.10000000000000000000   5
225.20000000000000000000   6
225.30000000000000000000   6
225.40000000000000000000   4
225.50000000000000000000   10
225.60000000000000000000   11
225.70000000000000000000   10
225.80000000000000000000   11
225.90000000000000000000   9
226.00000000000000000000   12
226.10000000000000000000   19
226.20000000000000000000   18
226.30000000000000000000   21
226.40000000000000000000   24
226.50000000000000000000   19
226.60000000000000000000   24
226.70000000000000000000   21
226.80000000000000000000   15
226.90000000000000000000   13
227.00000000000000000000   13
227.10000000000000000000   10
227.20000000000000000000   16
227.30000000000000000000   16
227.40000000000000000000   16
227.50000000000000000000   16
227.60000000000000000000   19
227.70000000000000000000   17
227.80000000000000000000   15
227.90000000000000000000   17
228.00000000000000000000   16
228.10000000000000000000   14
228.20000000000000000000   18
228.30000000000000000000   20
228.40000000000000000000   20
228.50000000000000000000   21
228.60000000000000000000   21
228.70000000000000000000   20
228.80000000000000000000   20
228.90000000000000000000   19
229.00000000000000000000   19
229.10000000000000000000   21
229.20000000000000000000   16
229.30000000000000000000   20
229.40000000000000000000   20
229.50000000000000000000   19
229.60000000000000000000   25
229.70000000000000000000   20
229.80000000000000000000   17
229.90000000000000000000   20
230.00000000000000000000   17
230.10000000000000000000   17
230.20000000000000000000   16
230.30000000000000000000   15
230.40000000000000000000   20
230.50000000000000000000   14
230.60000000000000000000   13
230.70000000000000000000   8
230.80000000000000000000   13
230.90000000000000000000   13
231.00000000000000000000   13
231.10000000000000000000   10
231.20000000000000000000   11
231.30000000000000000000   13
231.40000000000000000000   16
231.50000000000000000000   15
231.60000000000000000000   15
231.70000000000000000000   13
231.80000000000000000000   9
231.90000000000000000000   12
232.00000000000000000000   12
232.10000000000000000000   12
232.20000000000000000000   9
232.30000000000000000000   10
232.40000000000000000000   11
232.50000000000000000000   10
232.60000000000000000000   15
232.70000000000000000000   11
232.80000000000000000000   14
232.90000000000000000000   14
233.00000000000000000000   11
233.10000000000000000000   16
233.20000000000000000000   12
233.30000000000000000000   17
233.40000000000000000000   15
233.50000000000000000000   17
233.60000000000000000000   12
233.70000000000000000000   13
233.80000000000000000000   15
233.90000000000000000000   15
234.00000000000000000000   17
234.10000000000000000000   14
234.20000000000000000000   16
234.30000000000000000000   14
234.40000000000000000000   13
234.50000000000000000000   13
234.60000000000000000000   18
234.70000000000000000000   20
234.80000000000000000000   15
234.90000000000000000000   19
235.00000000000000000000   14
235.10000000000000000000   14
235.20000000000000000000   16
235.30000000000000000000   18
235.40000000000000000000   21
235.50000000000000000000   19
235.60000000000000000000   19
235.70000000000000000000   16
235.80000000000000000000   18
235.90000000000000000000   15
236.00000000000000000000   14
236.10000000000000000000   8
236.20000000000000000000   5
236.30000000000000000000   7
236.40000000000000000000   4
236.50000000000000000000   8
236.60000000000000000000   12
236.70000000000000000000   8
236.80000000000000000000   5
236.90000000000000000000   4
237.00000000000000000000   5
237.10000000000000000000   8
237.20000000000000000000   7
237.30000000000000000000   8
237.40000000000000000000   7
237.50000000000000000000   7
237.60000000000000000000   11
237.70000000000000000000   10
237.80000000000000000000   10
237.90000000000000000000   13
238.00000000000000000000   13
238.10000000000000000000   10
238.20000000000000000000   12
238.30000000000000000000   10
238.40000000000000000000   10
238.50000000000000000000   13
238.60000000000000000000   6
238.70000000000000000000   9
238.80000000000000000000   8
238.90000000000000000000   9
239.00000000000000000000   15
239.10000000000000000000   10
239.20000000000000000000   15
239.30000000000000000000   14
239.40000000000000000000   8
239.50000000000000000000   10
239.60000000000000000000   9
239.70000000000000000000   8
239.80000000000000000000   7
239.90000000000000000000   11
240.00000000000000000000   14
240.10000000000000000000   9
240.20000000000000000000   5
240.30000000000000000000   7
240.40000000000000000000   13
240.50000000000000000000   15
240.60000000000000000000   14
240.70000000000000000000   13
240.80000000000000000000   16
240.90000000000000000000   17
241.00000000000000000000   16
241.10000000000000000000   19
241.20000000000000000000   14
241.30000000000000000000   14
241.40000000000000000000   13
241.50000000000000000000   15
241.60000000000000000000   20
241.70000000000000000000   18
241.80000000000000000000   19
241.90000000000000000000   19
242.00000000000000000000   21
242.10000000000000000000   23
242.20000000000000000000   18
242.30000000000000000000   18
242.40000000000000000000   21
242.50000000000000000000   20
242.60000000000000000000   17
242.70000000000000000000   19
242.80000000000000000000   20
242.90000000000000000000   17
243.00000000000000000000   20
243.10000000000000000000   18
243.20000000000000000000   17
243.30000000000000000000   17
243.40000000000000000000   16
243.50000000000000000000   14
243.60000000000000000000   12
243.70000000000000000000   18
243.80000000000000000000   15
243.90000000000000000000   20
244.00000000000000000000   17
244.10000000000000000000   17
244.20000000000000000000   19
244.30000000000000000000   17
244.40000000000000000000   15
244.50000000000000000000   13
244.60000000000000000000   18
244.70000000000000000000   17
244.80000000000000000000   17
244.90000000000000000000   17
245.00000000000000000000   17
245.10000000000000000000   13
245.20000000000000000000   16
245.30000000000000000000   17
245.40000000000000000000   12
245.50000000000000000000   21
245.60000000000000000000   17
245.70000000000000000000   19
245.80000000000000000000   20
245.90000000000000000000   22
246.00000000000000000000   23
246.10000000000000000000   20
246.20000000000000000000   19
246.30000000000000000000   21
246.40000000000000000000   17
246.50000000000000000000   15
246.60000000000000000000   17
246.70000000000000000000   18
246.80000000000000000000   19
246.90000000000000000000   22
247.00000000000000000000   26
247.10000000000000000000   25
247.20000000000000000000   26
247.30000000000000000000   25
247.40000000000000000000   23
247.50000000000000000000   20
247.60000000000000000000   23
247.70000000000000000000   23
247.80000000000000000000   24
247.90000000000000000000   22
248.00000000000000000000   17
248.10000000000000000000   15
248.20000000000000000000   12
248.30000000000000000000   18
248.40000000000000000000   19
248.50000000000000000000   16
248.60000000000000000000   15
248.70000000000000000000   14
248.80000000000000000000   13
248.90000000000000000000   15
249.00000000000000000000   18
249.10000000000000000000   19
249.20000000000000000000   18
249.30000000000000000000   21
249.40000000000000000000   18
249.50000000000000000000   16
249.60000000000000000000   16
249.70000000000000000000   22
249.80000000000000000000   16
249.90000000000000000000   14
250.00000000000000000000   17
250.10000000000000000000   18
250.20000000000000000000   14
250.30000000000000000000   18
250.40000000000000000000   15
250.50000000000000000000   16
250.60000000000000000000   14
250.70000000000000000000   18
250.80000000000000000000   16
250.90000000000000000000   15
251.00000000000000000000   15
251.10000000000000000000   16
251.20000000000000000000   17
251.30000000000000000000   15
251.40000000000000000000   14
251.50000000000000000000   14
251.60000000000000000000   16
251.70000000000000000000   16
251.80000000000000000000   15
251.90000000000000000000   16
252.00000000000000000000   14
252.10000000000000000000   15
252.20000000000000000000   14
252.30000000000000000000   14
252.40000000000000000000   12
252.50000000000000000000   13
252.60000000000000000000   14
252.70000000000000000000   13
252.80000000000000000000   13
252.90000000000000000000   12
253.00000000000000000000   12
253.10000000000000000000   13
253.20000000000000000000   17
253.30000000000000000000   14
253.40000000000000000000   15
253.50000000000000000000   13
253.60000000000000000000   15
253.70000000000000000000   16
253.80000000000000000000   19
253.90000000000000000000   17
254.00000000000000000000   13
254.10000000000000000000   14
254.20000000000000000000   20
254.30000000000000000000   15
254.40000000000000000000   21
254.50000000000000000000   18
254.60000000000000000000   16
254.70000000000000000000   13
254.80000000000000000000   19
254.90000000000000000000   16
255.00000000000000000000   17
255.10000000000000000000   14
255.20000000000000000000   16
255.30000000000000000000   18
255.40000000000000000000   20
255.50000000000000000000   23
255.60000000000000000000   19
255.70000000000000000000   25
255.80000000000000000000   16
255.90000000000000000000   21
256.00000000000000000000   19
256.10000000000000000000   23
256.20000000000000000000   22
256.30000000000000000000   19
256.40000000000000000000   17
256.50000000000000000000   18
256.60000000000000000000   16
256.70000000000000000000   19
256.80000000000000000000   19
256.90000000000000000000   26
257.00000000000000000000   24
257.10000000000000000000   23
257.20000000000000000000   20
257.30000000000000000000   20
257.40000000000000000000   16
257.50000000000000000000   15
257.60000000000000000000   18
257.70000000000000000000   16
257.80000000000000000000   17
257.90000000000000000000   16
258.00000000000000000000   21
258.10000000000000000000   18
258.20000000000000000000   20
258.30000000000000000000   19
258.40000000000000000000   18
258.50000000000000000000   19
258.60000000000000000000   19
258.70000000000000000000   17
258.80000000000000000000   17
258.90000000000000000000   12
259.00000000000000000000   9
259.10000000000000000000   12
259.20000000000000000000   13
259.30000000000000000000   15
259.40000000000000000000   19
259.50000000000000000000   13
259.60000000000000000000   17
259.70000000000000000000   17
259.80000000000000000000   19
259.90000000000000000000   17
260.00000000000000000000   17
260.10000000000000000000   17
260.20000000000000000000   16
260.30000000000000000000   13
260.40000000000000000000   16
260.50000000000000000000   17
260.60000000000000000000   16
260.70000000000000000000   13
260.80000000000000000000   18
260.90000000000000000000   17
261.00000000000000000000   15
261.10000000000000000000   15
261.20000000000000000000   14
261.30000000000000000000   16
261.40000000000000000000   12
261.50000000000000000000   12
261.60000000000000000000   13
261.70000000000000000000   12
261.80000000000000000000   11
261.90000000000000000000   12
262.00000000000000000000   13
262.10000000000000000000   13
262.20000000000000000000   12
262.30000000000000000000   11
262.40000000000000000000   11
262.50000000000000000000   11
262.60000000000000000000   12
262.70000000000000000000   11
262.80000000000000000000   13
262.90000000000000000000   20
263.00000000000000000000   22
263.10000000000000000000   17
263.20000000000000000000   18
263.30000000000000000000   17
263.40000000000000000000   14
263.50000000000000000000   17
263.60000000000000000000   22
263.70000000000000000000   14
263.80000000000000000000   17
263.90000000000000000000   15
264.00000000000000000000   18
264.10000000000000000000   18
264.20000000000000000000   16
264.30000000000000000000   16
264.40000000000000000000   16
264.50000000000000000000   18
264.60000000000000000000   17
264.70000000000000000000   14
264.80000000000000000000   20
264.90000000000000000000   20
265.00000000000000000000   18
265.10000000000000000000   21
265.20000000000000000000   19
265.30000000000000000000   18
265.40000000000000000000   17
265.50000000000000000000   17
265.60000000000000000000   17
265.70000000000000000000   14
265.80000000000000000000   18
265.90000000000000000000   18
266.00000000000000000000   12
266.10000000000000000000   17
266.20000000000000000000   20
266.30000000000000000000   24
266.40000000000000000000   21
266.50000000000000000000   20
266.60000000000000000000   17
266.70000000000000000000   19
266.80000000000000000000   19
266.90000000000000000000   15
267.00000000000000000000   13
267.10000000000000000000   15
267.20000000000000000000   16
267.30000000000000000000   15
267.40000000000000000000   17
267.50000000000000000000   18
267.60000000000000000000   16
267.70000000000000000000   17
267.80000000000000000000   16
267.90000000000000000000   16
268.00000000000000000000   15
268.10000000000000000000   13
268.20000000000000000000   14
268.30000000000000000000   13
268.40000000000000000000   17
268.50000000000000000000   15
268.60000000000000000000   17
268.70000000000000000000   16
268.80000000000000000000   16
268.90000000000000000000   14
269.00000000000000000000   17
269.10000000000000000000   13
269.20000000000000000000   15
269.30000000000000000000   14
269.40000000000000000000   14
269.50000000000000000000   18
269.60000000000000000000   18
269.70000000000000000000   18
269.80000000000000000000   22
269.90000000000000000000   22
270.00000000000000000000   20
270.10000000000000000000   26
270.20000000000000000000   14
270.30000000000000000000   13
270.40000000000000000000   19
270.50000000000000000000   14
270.60000000000000000000   17
270.70000000000000000000   20
270.80000000000000000000   15
270.90000000000000000000   17
271.00000000000000000000   15
271.10000000000000000000   18
271.20000000000000000000   15
271.30000000000000000000   13
271.40000000000000000000   15
271.50000000000000000000   15
271.60000000000000000000   19
271.70000000000000000000   15
271.80000000000000000000   18
271.90000000000000000000   17
272.00000000000000000000   16
272.10000000000000000000   18
272.20000000000000000000   15
272.30000000000000000000   16
272.40000000000000000000   16
272.50000000000000000000   15
272.60000000000000000000   13
272.70000000000000000000   16
272.80000000000000000000   15
272.90000000000000000000   17
273.00000000000000000000   13
273.10000000000000000000   14
273.20000000000000000000   16
273.30000000000000000000   16
273.40000000000000000000   14
273.50000000000000000000   15
273.60000000000000000000   14
273.70000000000000000000   15
273.80000000000000000000   16
273.90000000000000000000   17
274.00000000000000000000   15
274.10000000000000000000   14
274.20000000000000000000   12
274.30000000000000000000   13
274.40000000000000000000   12
274.50000000000000000000   14
274.60000000000000000000   14
274.70000000000000000000   15
274.80000000000000000000   11
274.90000000000000000000   12
275.00000000000000000000   10
275.10000000000000000000   9
275.20000000000000000000   14
275.30000000000000000000   13
275.40000000000000000000   13
275.50000000000000000000   15
275.60000000000000000000   15
275.70000000000000000000   12
275.80000000000000000000   14
275.90000000000000000000   15
276.00000000000000000000   15
276.10000000000000000000   17
276.20000000000000000000   18
276.30000000000000000000   20
276.40000000000000000000   15
276.50000000000000000000   12
276.60000000000000000000   14
276.70000000000000000000   19
276.80000000000000000000   17
276.90000000000000000000   22
277.00000000000000000000   21
277.10000000000000000000   19
277.20000000000000000000   13
277.30000000000000000000   15
277.40000000000000000000   16
277.50000000000000000000   13
277.60000000000000000000   19
277.70000000000000000000   15
277.80000000000000000000   17
277.90000000000000000000   16
278.00000000000000000000   15
278.10000000000000000000   15
278.20000000000000000000   14
278.30000000000000000000   14
278.40000000000000000000   17
278.50000000000000000000   13
278.60000000000000000000   14
278.70000000000000000000   14
278.80000000000000000000   16
278.90000000000000000000   16
279.00000000000000000000   20
279.10000000000000000000   18
279.20000000000000000000   17
279.30000000000000000000   20
279.40000000000000000000   21
279.50000000000000000000   22
279.60000000000000000000   16
279.70000000000000000000   15
279.80000000000000000000   13
279.90000000000000000000   17
280.00000000000000000000   14
280.10000000000000000000   21
280.20000000000000000000   19
280.30000000000000000000   19
280.40000000000000000000   16
280.50000000000000000000   17
280.60000000000000000000   15
280.70000000000000000000   14
280.80000000000000000000   15
280.90000000000000000000   17
281.00000000000000000000   15
281.10000000000000000000   17
281.20000000000000000000   18
281.30000000000000000000   16
281.40000000000000000000   16
281.50000000000000000000   16
281.60000000000000000000   18
281.70000000000000000000   15
281.80000000000000000000   12
281.90000000000000000000   15
282.00000000000000000000   17
282.10000000000000000000   17
282.20000000000000000000   18
282.30000000000000000000   16
282.40000000000000000000   18
282.50000000000000000000   17
282.60000000000000000000   17
282.70000000000000000000   17
282.80000000000000000000   18
282.90000000000000000000   19
283.00000000000000000000   17
283.10000000000000000000   19
283.20000000000000000000   18
283.30000000000000000000   17
283.40000000000000000000   18
283.50000000000000000000   13
283.60000000000000000000   15
283.70000000000000000000   17
283.80000000000000000000   15
283.90000000000000000000   18
284.00000000000000000000   17
284.10000000000000000000   19
284.20000000000000000000   16
284.30000000000000000000   17
284.40000000000000000000   17
284.50000000000000000000   22
284.60000000000000000000   20
284.70000000000000000000   19
284.80000000000000000000   20
284.90000000000000000000   16
285.00000000000000000000   17
285.10000000000000000000   16
285.20000000000000000000   17
285.30000000000000000000   18
285.40000000000000000000   15
285.50000000000000000000   16
285.60000000000000000000   16
285.70000000000000000000   15
285.80000000000000000000   16
285.90000000000000000000   17
286.00000000000000000000   15
286.10000000000000000000   15
286.20000000000000000000   15
286.30000000000000000000   15
286.40000000000000000000   16
286.50000000000000000000   14
286.60000000000000000000   17
286.70000000000000000000   16
286.80000000000000000000   17
286.90000000000000000000   18
287.00000000000000000000   21
287.10000000000000000000   19
287.20000000000000000000   19
287.30000000000000000000   20
287.40000000000000000000   19
287.50000000000000000000   18
287.60000000000000000000   21
287.70000000000000000000   20
287.80000000000000000000   18
287.90000000000000000000   18
288.00000000000000000000   17
288.10000000000000000000   16
288.20000000000000000000   17
288.30000000000000000000   15
288.40000000000000000000   16
288.50000000000000000000   16
288.60000000000000000000   17
288.70000000000000000000   21
288.80000000000000000000   16
288.90000000000000000000   16
289.00000000000000000000   13
289.10000000000000000000   17
289.20000000000000000000   16
289.30000000000000000000   15
289.40000000000000000000   14
289.50000000000000000000   16
289.60000000000000000000   14
289.70000000000000000000   18
289.80000000000000000000   16
289.90000000000000000000   14
290.00000000000000000000   11
290.10000000000000000000   14
290.20000000000000000000   13
290.30000000000000000000   14
290.40000000000000000000   14
290.50000000000000000000   12
290.60000000000000000000   12
290.70000000000000000000   12
290.80000000000000000000   11
290.90000000000000000000   13
291.00000000000000000000   11
291.10000000000000000000   17
291.20000000000000000000   15
291.30000000000000000000   16
291.40000000000000000000   15
291.50000000000000000000   16
291.60000000000000000000   21
291.70000000000000000000   16
291.80000000000000000000   11
291.90000000000000000000   12
292.00000000000000000000   12
292.10000000000000000000   13
292.20000000000000000000   13
292.30000000000000000000   16
292.40000000000000000000   14
292.50000000000000000000   16
292.60000000000000000000   14
292.70000000000000000000   14
292.80000000000000000000   20
292.90000000000000000000   16
293.00000000000000000000   18
293.10000000000000000000   15
293.20000000000000000000   17
293.30000000000000000000   16
293.40000000000000000000   17
293.50000000000000000000   16
293.60000000000000000000   15
293.70000000000000000000   16
293.80000000000000000000   15
293.90000000000000000000   15
294.00000000000000000000   17
294.10000000000000000000   15
294.20000000000000000000   18
294.30000000000000000000   19
294.40000000000000000000   16
294.50000000000000000000   18
294.60000000000000000000   13
294.70000000000000000000   12
294.80000000000000000000   13
294.90000000000000000000   15
295.00000000000000000000   13
295.10000000000000000000   9
295.20000000000000000000   8
295.30000000000000000000   9
295.40000000000000000000   7
295.50000000000000000000   11
295.60000000000000000000   10
295.70000000000000000000   14
295.80000000000000000000   14
295.90000000000000000000   14
296.00000000000000000000   12
296.10000000000000000000   16
296.20000000000000000000   15
296.30000000000000000000   14
296.40000000000000000000   13
296.50000000000000000000   15
296.60000000000000000000   15
296.70000000000000000000   14
296.80000000000000000000   12
296.90000000000000000000   13
297.00000000000000000000   15
297.10000000000000000000   12
297.20000000000000000000   14
297.30000000000000000000   18
297.40000000000000000000   16
297.50000000000000000000   14
297.60000000000000000000   14
297.70000000000000000000   15
297.80000000000000000000   10
297.90000000000000000000   14
298.00000000000000000000   13
298.10000000000000000000   17
298.20000000000000000000   20
298.30000000000000000000   18
298.40000000000000000000   17
298.50000000000000000000   21
298.60000000000000000000   17
298.70000000000000000000   15
298.80000000000000000000   17
298.90000000000000000000   21
299.00000000000000000000   21
299.10000000000000000000   20
299.20000000000000000000   17
299.30000000000000000000   19
299.40000000000000000000   25
299.50000000000000000000   25
299.60000000000000000000   21
299.70000000000000000000   20
299.80000000000000000000   18
299.90000000000000000000   19
300.00000000000000000000   15
300.10000000000000000000   17
300.20000000000000000000   17
300.30000000000000000000   20
300.40000000000000000000   22
300.50000000000000000000   20
300.60000000000000000000   22
300.70000000000000000000   23
300.80000000000000000000   18
300.90000000000000000000   20
301.00000000000000000000   21
301.10000000000000000000   21
301.20000000000000000000   20
301.30000000000000000000   19
301.40000000000000000000   22
301.50000000000000000000   23
301.60000000000000000000   18
301.70000000000000000000   19
301.80000000000000000000   19
301.90000000000000000000   19
302.00000000000000000000   21
302.10000000000000000000   19
302.20000000000000000000   19
302.30000000000000000000   19
302.40000000000000000000   21
302.50000000000000000000   21
302.60000000000000000000   25
302.70000000000000000000   27
302.80000000000000000000   26
302.90000000000000000000   28
303.00000000000000000000   24
303.10000000000000000000   24
303.20000000000000000000   23
303.30000000000000000000   23
303.40000000000000000000   22
303.50000000000000000000   24
303.60000000000000000000   27
303.70000000000000000000   28
303.80000000000000000000   29
303.90000000000000000000   23
304.00000000000000000000   24
304.10000000000000000000   22
304.20000000000000000000   23
304.30000000000000000000   22
304.40000000000000000000   27
304.50000000000000000000   23
304.60000000000000000000   24
304.70000000000000000000   23
304.80000000000000000000   22
304.90000000000000000000   25
305.00000000000000000000   23
305.10000000000000000000   20
305.20000000000000000000   16
305.30000000000000000000   20
305.40000000000000000000   20
305.50000000000000000000   22
305.60000000000000000000   21
305.70000000000000000000   20
305.80000000000000000000   20
305.90000000000000000000   19
306.00000000000000000000   18
306.10000000000000000000   18
306.20000000000000000000   22
306.30000000000000000000   22
306.40000000000000000000   21
306.50000000000000000000   19
306.60000000000000000000   19
306.70000000000000000000   21
306.80000000000000000000   19
306.90000000000000000000   24
307.00000000000000000000   18
307.10000000000000000000   20
307.20000000000000000000   19
307.30000000000000000000   18
307.40000000000000000000   22
307.50000000000000000000   23
307.60000000000000000000   23
307.70000000000000000000   22
307.80000000000000000000   18
307.90000000000000000000   20
308.00000000000000000000   15
308.10000000000000000000   17
308.20000000000000000000   20
308.30000000000000000000   22
308.40000000000000000000   21
308.50000000000000000000   25
308.60000000000000000000   21
308.70000000000000000000   24
308.80000000000000000000   22
308.90000000000000000000   22
309.00000000000000000000   22
309.10000000000000000000   22
309.20000000000000000000   22
309.30000000000000000000   21
309.40000000000000000000   18
309.50000000000000000000   20
309.60000000000000000000   21
309.70000000000000000000   20
309.80000000000000000000   22
309.90000000000000000000   22
310.00000000000000000000   20
310.10000000000000000000   21
310.20000000000000000000   19
310.30000000000000000000   21
310.40000000000000000000   21
310.50000000000000000000   20
310.60000000000000000000   13
310.70000000000000000000   20
310.80000000000000000000   19
310.90000000000000000000   23
311.00000000000000000000   23
311.10000000000000000000   20
311.20000000000000000000   20
311.30000000000000000000   19
311.40000000000000000000   26
311.50000000000000000000   23
311.60000000000000000000   20
311.70000000000000000000   19
311.80000000000000000000   19
311.90000000000000000000   20
312.00000000000000000000   19
312.10000000000000000000   19
312.20000000000000000000   17
312.30000000000000000000   23
312.40000000000000000000   21
312.50000000000000000000   22
312.60000000000000000000   23
312.70000000000000000000   23
312.80000000000000000000   22
312.90000000000000000000   25
313.00000000000000000000   20
313.10000000000000000000   22
313.20000000000000000000   21
313.30000000000000000000   20
313.40000000000000000000   25
313.50000000000000000000   23
313.60000000000000000000   22
313.70000000000000000000   24
313.80000000000000000000   23
313.90000000000000000000   15
314.00000000000000000000   22
314.10000000000000000000   22
314.20000000000000000000   17
314.30000000000000000000   17
314.40000000000000000000   18
314.50000000000000000000   19
314.60000000000000000000   20
314.70000000000000000000   21
314.80000000000000000000   18
314.90000000000000000000   23
315.00000000000000000000   17
315.10000000000000000000   16
315.20000000000000000000   17
315.30000000000000000000   16
315.40000000000000000000   20
315.50000000000000000000   17
315.60000000000000000000   17
315.70000000000000000000   18
315.80000000000000000000   15
315.90000000000000000000   16
316.00000000000000000000   15
316.10000000000000000000   14
316.20000000000000000000   16
316.30000000000000000000   12
316.40000000000000000000   15
316.50000000000000000000   16
316.60000000000000000000   15
316.70000000000000000000   22
316.80000000000000000000   17
316.90000000000000000000   18
317.00000000000000000000   16
317.10000000000000000000   16
317.20000000000000000000   13
317.30000000000000000000   15
317.40000000000000000000   13
317.50000000000000000000   18
317.60000000000000000000   16
317.70000000000000000000   15
317.80000000000000000000   15
317.90000000000000000000   17
318.00000000000000000000   16
318.10000000000000000000   15
318.20000000000000000000   16
318.30000000000000000000   15
318.40000000000000000000   15
318.50000000000000000000   16
318.60000000000000000000   17
318.70000000000000000000   18
318.80000000000000000000   16
318.90000000000000000000   19
319.00000000000000000000   18
319.10000000000000000000   18
319.20000000000000000000   16
319.30000000000000000000   18
319.40000000000000000000   18
319.50000000000000000000   15
319.60000000000000000000   18
319.70000000000000000000   17
319.80000000000000000000   17
319.90000000000000000000   16
320.00000000000000000000   18
320.10000000000000000000   19
320.20000000000000000000   20
320.30000000000000000000   20
320.40000000000000000000   19
320.50000000000000000000   17
320.60000000000000000000   16
320.70000000000000000000   15
320.80000000000000000000   17
320.90000000000000000000   15
321.00000000000000000000   16
321.10000000000000000000   15
321.20000000000000000000   15
321.30000000000000000000   18
321.40000000000000000000   19
321.50000000000000000000   17
321.60000000000000000000   21
321.70000000000000000000   15
321.80000000000000000000   18
321.90000000000000000000   19
322.00000000000000000000   18
322.10000000000000000000   19
322.20000000000000000000   15
322.30000000000000000000   23
322.40000000000000000000   21
322.50000000000000000000   23
322.60000000000000000000   23
322.70000000000000000000   22
322.80000000000000000000   25
322.90000000000000000000   23
323.00000000000000000000   21
323.10000000000000000000   21
323.20000000000000000000   24
323.30000000000000000000   25
323.40000000000000000000   25
323.50000000000000000000   22
323.60000000000000000000   21
323.70000000000000000000   24
323.80000000000000000000   24
323.90000000000000000000   21
324.00000000000000000000   21
324.10000000000000000000   23
324.20000000000000000000   23
324.30000000000000000000   24
324.40000000000000000000   23
324.50000000000000000000   23
324.60000000000000000000   20
324.70000000000000000000   22
324.80000000000000000000   23
324.90000000000000000000   21
325.00000000000000000000   20
325.10000000000000000000   19
325.20000000000000000000   21
325.30000000000000000000   19
325.40000000000000000000   19
325.50000000000000000000   20
325.60000000000000000000   23
325.70000000000000000000   19
325.80000000000000000000   18
325.90000000000000000000   20
326.00000000000000000000   21
326.10000000000000000000   20
326.20000000000000000000   20
326.30000000000000000000   19
326.40000000000000000000   19
326.50000000000000000000   19
326.60000000000000000000   19
326.70000000000000000000   18
326.80000000000000000000   21
326.90000000000000000000   21
327.00000000000000000000   19
327.10000000000000000000   21
327.20000000000000000000   23
327.30000000000000000000   24
327.40000000000000000000   24
327.50000000000000000000   28
327.60000000000000000000   23
327.70000000000000000000   22
327.80000000000000000000   23
327.90000000000000000000   26
328.00000000000000000000   26
328.10000000000000000000   22
328.20000000000000000000   19
328.30000000000000000000   18
328.40000000000000000000   19
328.50000000000000000000   15
328.60000000000000000000   14
328.70000000000000000000   17
328.80000000000000000000   17
328.90000000000000000000   18
329.00000000000000000000   18
329.10000000000000000000   16
329.20000000000000000000   17
329.30000000000000000000   17
329.40000000000000000000   18
329.50000000000000000000   19
329.60000000000000000000   20
329.70000000000000000000   20
329.80000000000000000000   18
329.90000000000000000000   20
330.00000000000000000000   18
330.10000000000000000000   18
330.20000000000000000000   18
330.30000000000000000000   19
330.40000000000000000000   17
330.50000000000000000000   16
330.60000000000000000000   18
330.70000000000000000000   19
330.80000000000000000000   17
330.90000000000000000000   20
331.00000000000000000000   16
331.10000000000000000000   17
331.20000000000000000000   17
331.30000000000000000000   18
331.40000000000000000000   20
331.50000000000000000000   18
331.60000000000000000000   22
331.70000000000000000000   20
331.80000000000000000000   21
331.90000000000000000000   13
332.00000000000000000000   17
332.10000000000000000000   16
332.20000000000000000000   16
332.30000000000000000000   16
332.40000000000000000000   15
332.50000000000000000000   15
332.60000000000000000000   21
332.70000000000000000000   22
332.80000000000000000000   20
332.90000000000000000000   20
333.00000000000000000000   19
333.10000000000000000000   19
333.20000000000000000000   19
333.30000000000000000000   24
333.40000000000000000000   16
333.50000000000000000000   13
333.60000000000000000000   13
333.70000000000000000000   19
333.80000000000000000000   21
333.90000000000000000000   21
334.00000000000000000000   24
334.10000000000000000000   22
334.20000000000000000000   18
334.30000000000000000000   17
334.40000000000000000000   16
334.50000000000000000000   18
334.60000000000000000000   19
334.70000000000000000000   20
334.80000000000000000000   23
334.90000000000000000000   20
335.00000000000000000000   23
335.10000000000000000000   24
335.20000000000000000000   23
335.30000000000000000000   22
335.40000000000000000000   25
335.50000000000000000000   23
335.60000000000000000000   24
335.70000000000000000000   20
335.80000000000000000000   23
335.90000000000000000000   24
336.00000000000000000000   23
336.10000000000000000000   25
336.20000000000000000000   25
336.30000000000000000000   26
336.40000000000000000000   25
336.50000000000000000000   24
336.60000000000000000000   26
336.70000000000000000000   25
336.80000000000000000000   27
336.90000000000000000000   27
337.00000000000000000000   28
337.10000000000000000000   25
337.20000000000000000000   23
337.30000000000000000000   23
337.40000000000000000000   22
337.50000000000000000000   22
337.60000000000000000000   26
337.70000000000000000000   27
337.80000000000000000000   23
337.90000000000000000000   24
338.00000000000000000000   18
338.10000000000000000000   22
338.20000000000000000000   25
338.30000000000000000000   21
338.40000000000000000000   21
338.50000000000000000000   22
338.60000000000000000000   18
338.70000000000000000000   17
338.80000000000000000000   18
338.90000000000000000000   19
339.00000000000000000000   19
339.10000000000000000000   21
339.20000000000000000000   20
339.30000000000000000000   17
339.40000000000000000000   15
339.50000000000000000000   18
339.60000000000000000000   13
339.70000000000000000000   15
339.80000000000000000000   16
339.90000000000000000000   19
340.00000000000000000000   18
340.10000000000000000000   19
340.20000000000000000000   17
340.30000000000000000000   17
340.40000000000000000000   17
340.50000000000000000000   17
340.60000000000000000000   19
340.70000000000000000000   20
340.80000000000000000000   19
340.90000000000000000000   17
341.00000000000000000000   15
341.10000000000000000000   15
341.20000000000000000000   16
341.30000000000000000000   16
341.40000000000000000000   15
341.50000000000000000000   18
341.60000000000000000000   18
341.70000000000000000000   15
341.80000000000000000000   21
341.90000000000000000000   17
342.00000000000000000000   19
342.10000000000000000000   16
342.20000000000000000000   20
342.30000000000000000000   16
342.40000000000000000000   17
342.50000000000000000000   20
342.60000000000000000000   20
342.70000000000000000000   19
342.80000000000000000000   18
342.90000000000000000000   19
343.00000000000000000000   16
343.10000000000000000000   18
343.20000000000000000000   15
343.30000000000000000000   19
343.40000000000000000000   15
343.50000000000000000000   22
343.60000000000000000000   14
343.70000000000000000000   17
343.80000000000000000000   15
343.90000000000000000000   17
344.00000000000000000000   14
344.10000000000000000000   14
344.20000000000000000000   12
344.30000000000000000000   14
344.40000000000000000000   12
344.50000000000000000000   12
344.60000000000000000000   15
344.70000000000000000000   14
344.80000000000000000000   15
344.90000000000000000000   11
345.00000000000000000000   21
345.10000000000000000000   19
345.20000000000000000000   23
345.30000000000000000000   25
345.40000000000000000000   25
345.50000000000000000000   23
345.60000000000000000000   26
345.70000000000000000000   26
345.80000000000000000000   24
345.90000000000000000000   25
346.00000000000000000000   27
346.10000000000000000000   24
346.20000000000000000000   24
346.30000000000000000000   24
346.40000000000000000000   20
346.50000000000000000000   25
346.60000000000000000000   23
346.70000000000000000000   20
346.80000000000000000000   22
346.90000000000000000000   24
347.00000000000000000000   21
347.10000000000000000000   23
347.20000000000000000000   22
347.30000000000000000000   21
347.40000000000000000000   22
347.50000000000000000000   21
347.60000000000000000000   22
347.70000000000000000000   19
347.80000000000000000000   21
347.90000000000000000000   23
348.00000000000000000000   20
348.10000000000000000000   20
348.20000000000000000000   20
348.30000000000000000000   19
348.40000000000000000000   17
348.50000000000000000000   13
348.60000000000000000000   18
348.70000000000000000000   18
348.80000000000000000000   18
348.90000000000000000000   20
349.00000000000000000000   20
349.10000000000000000000   18
349.20000000000000000000   20
349.30000000000000000000   22
349.40000000000000000000   23
349.50000000000000000000   20
349.60000000000000000000   20
349.70000000000000000000   22
349.80000000000000000000   20
349.90000000000000000000   21
350.00000000000000000000   21
350.10000000000000000000   20
350.20000000000000000000   20
350.30000000000000000000   19
350.40000000000000000000   17
350.50000000000000000000   21
350.60000000000000000000   25
350.70000000000000000000   19
350.80000000000000000000   17
350.90000000000000000000   16
351.00000000000000000000   11
351.10000000000000000000   12
351.20000000000000000000   11
351.30000000000000000000   12
351.40000000000000000000   15
351.50000000000000000000   15
351.60000000000000000000   17
351.70000000000000000000   17
351.80000000000000000000   14
351.90000000000000000000   11
352.00000000000000000000   13
352.10000000000000000000   9
352.20000000000000000000   14
352.30000000000000000000   12
352.40000000000000000000   13
352.50000000000000000000   13
352.60000000000000000000   10
352.70000000000000000000   14
352.80000000000000000000   13
352.90000000000000000000   16
353.00000000000000000000   17
353.10000000000000000000   15
353.20000000000000000000   16
353.30000000000000000000   10
353.40000000000000000000   11
353.50000000000000000000   13
353.60000000000000000000   17
353.70000000000000000000   16
353.80000000000000000000   16
353.90000000000000000000   13
354.00000000000000000000   11
354.10000000000000000000   12
354.20000000000000000000   10
354.30000000000000000000   12
354.40000000000000000000   11
354.50000000000000000000   10
354.60000000000000000000   9
354.70000000000000000000   16
354.80000000000000000000   13
354.90000000000000000000   13
355.00000000000000000000   10
355.10000000000000000000   14
355.20000000000000000000   11
355.30000000000000000000   10
355.40000000000000000000   12
355.50000000000000000000   11
355.60000000000000000000   9
355.70000000000000000000   7
355.80000000000000000000   11
355.90000000000000000000   13
356.00000000000000000000   13
356.10000000000000000000   11
356.20000000000000000000   14
356.30000000000000000000   13
356.40000000000000000000   10
356.50000000000000000000   7
356.60000000000000000000   8
356.70000000000000000000   9
356.80000000000000000000   8
356.90000000000000000000   8
357.00000000000000000000   8
357.10000000000000000000   16
357.20000000000000000000   13
357.30000000000000000000   13
357.40000000000000000000   13
357.50000000000000000000   14
357.60000000000000000000   16
357.70000000000000000000   15
357.80000000000000000000   16
357.90000000000000000000   10
358.00000000000000000000   8
358.10000000000000000000   10
358.20000000000000000000   6
358.30000000000000000000   9
358.40000000000000000000   11
358.50000000000000000000   10
358.60000000000000000000   7
358.70000000000000000000   6
358.80000000000000000000   8
358.90000000000000000000   10
359.00000000000000000000   8
359.10000000000000000000   9
359.20000000000000000000   7
359.30000000000000000000   7
359.40000000000000000000   6
359.50000000000000000000   9
359.60000000000000000000   9
359.70000000000000000000   7
359.80000000000000000000   9
359.90000000000000000000   7
360.00000000000000000000   8
360.10000000000000000000   13
360.20000000000000000000   10
360.30000000000000000000   10
360.40000000000000000000   14
360.50000000000000000000   19
360.60000000000000000000   21
360.70000000000000000000   21
360.80000000000000000000   17
360.90000000000000000000   16
361.00000000000000000000   16
361.10000000000000000000   18
361.20000000000000000000   11
361.30000000000000000000   13
361.40000000000000000000   13
361.50000000000000000000   13
361.60000000000000000000   13
361.70000000000000000000   16
361.80000000000000000000   16
361.90000000000000000000   16
362.00000000000000000000   19
362.10000000000000000000   19
362.20000000000000000000   20
362.30000000000000000000   15
362.40000000000000000000   15
362.50000000000000000000   16
362.60000000000000000000   16
362.70000000000000000000   14
362.80000000000000000000   15
362.90000000000000000000   20
363.00000000000000000000   16
363.10000000000000000000   15
363.20000000000000000000   15
363.30000000000000000000   16
363.40000000000000000000   21
363.50000000000000000000   19
363.60000000000000000000   20
363.70000000000000000000   22
363.80000000000000000000   22
363.90000000000000000000   23
364.00000000000000000000   25
364.10000000000000000000   22
364.20000000000000000000   22
364.30000000000000000000   18
364.40000000000000000000   20
364.50000000000000000000   20
364.60000000000000000000   23
364.70000000000000000000   23
364.80000000000000000000   24
364.90000000000000000000   25
365.00000000000000000000   26
365.10000000000000000000   24
365.20000000000000000000   26
365.30000000000000000000   26
365.40000000000000000000   24
365.50000000000000000000   25
365.60000000000000000000   23
365.70000000000000000000   23
365.80000000000000000000   21
365.90000000000000000000   25
366.00000000000000000000   24
366.10000000000000000000   24
366.20000000000000000000   24
366.30000000000000000000   25
366.40000000000000000000   24
366.50000000000000000000   24
366.60000000000000000000   23
366.70000000000000000000   24
366.80000000000000000000   24
366.90000000000000000000   25
367.00000000000000000000   22
367.10000000000000000000   24
367.20000000000000000000   22
367.30000000000000000000   24
367.40000000000000000000   24
367.50000000000000000000   24
367.60000000000000000000   24
367.70000000000000000000   23
367.80000000000000000000   23
367.90000000000000000000   23
368.00000000000000000000   21
368.10000000000000000000   22
368.20000000000000000000   18
368.30000000000000000000   17
368.40000000000000000000   18
368.50000000000000000000   17
368.60000000000000000000   21
368.70000000000000000000   18
368.80000000000000000000   20
368.90000000000000000000   20
369.00000000000000000000   22
369.10000000000000000000   19
369.20000000000000000000   18
369.30000000000000000000   19
369.40000000000000000000   19
369.50000000000000000000   19
369.60000000000000000000   18
369.70000000000000000000   16
369.80000000000000000000   18
369.90000000000000000000   17
370.00000000000000000000   17
370.10000000000000000000   17
370.20000000000000000000   16
370.30000000000000000000   16
370.40000000000000000000   18
370.50000000000000000000   15
370.60000000000000000000   18
370.70000000000000000000   17
370.80000000000000000000   18
370.90000000000000000000   15
371.00000000000000000000   17
371.10000000000000000000   17
371.20000000000000000000   15
371.30000000000000000000   15
371.40000000000000000000   14
371.50000000000000000000   15
371.60000000000000000000   15
371.70000000000000000000   17
371.80000000000000000000   18
371.90000000000000000000   15
372.00000000000000000000   17
372.10000000000000000000   17
372.20000000000000000000   18
372.30000000000000000000   22
372.40000000000000000000   22
372.50000000000000000000   23
372.60000000000000000000   22
372.70000000000000000000   18
372.80000000000000000000   23
372.90000000000000000000   19
373.00000000000000000000   20
373.10000000000000000000   19
373.20000000000000000000   20
373.30000000000000000000   20
373.40000000000000000000   18
373.50000000000000000000   17
373.60000000000000000000   20
373.70000000000000000000   17
373.80000000000000000000   17
373.90000000000000000000   17
374.00000000000000000000   19
374.10000000000000000000   20
374.20000000000000000000   22
374.30000000000000000000   21
374.40000000000000000000   20
374.50000000000000000000   18
374.60000000000000000000   21
374.70000000000000000000   18
374.80000000000000000000   18
374.90000000000000000000   17
375.00000000000000000000   15
375.10000000000000000000   15
375.20000000000000000000   20
375.30000000000000000000   19
375.40000000000000000000   18
375.50000000000000000000   16
375.60000000000000000000   18
375.70000000000000000000   17
375.80000000000000000000   20
375.90000000000000000000   20
376.00000000000000000000   20
376.10000000000000000000   23
376.20000000000000000000   15
376.30000000000000000000   22
376.40000000000000000000   22
376.50000000000000000000   21
376.60000000000000000000   24
376.70000000000000000000   25
376.80000000000000000000   23
376.90000000000000000000   24
377.00000000000000000000   23
377.10000000000000000000   26
377.20000000000000000000   27
377.30000000000000000000   26
377.40000000000000000000   23
377.50000000000000000000   23
377.60000000000000000000   25
377.70000000000000000000   23
377.80000000000000000000   23
377.90000000000000000000   24
378.00000000000000000000   22
378.10000000000000000000   23
378.20000000000000000000   24
378.30000000000000000000   24
378.40000000000000000000   22
378.50000000000000000000   25
378.60000000000000000000   23
378.70000000000000000000   22
378.80000000000000000000   22
378.90000000000000000000   20
379.00000000000000000000   24
379.10000000000000000000   25
379.20000000000000000000   20
379.30000000000000000000   18
379.40000000000000000000   19
379.50000000000000000000   22
379.60000000000000000000   22
379.70000000000000000000   19
379.80000000000000000000   20
379.90000000000000000000   18
380.00000000000000000000   21
380.10000000000000000000   21
380.20000000000000000000   20
380.30000000000000000000   22
380.40000000000000000000   20
380.50000000000000000000   23
380.60000000000000000000   18
380.70000000000000000000   19
380.80000000000000000000   19
380.90000000000000000000   20
381.00000000000000000000   21
381.10000000000000000000   19
381.20000000000000000000   19
381.30000000000000000000   18
381.40000000000000000000   20
381.50000000000000000000   19
381.60000000000000000000   17
381.70000000000000000000   22
381.80000000000000000000   18
381.90000000000000000000   22
382.00000000000000000000   24
382.10000000000000000000   23
382.20000000000000000000   22
382.30000000000000000000   19
382.40000000000000000000   20
382.50000000000000000000   21
382.60000000000000000000   24
382.70000000000000000000   21
382.80000000000000000000   21
382.90000000000000000000   20
383.00000000000000000000   21
383.10000000000000000000   20
383.20000000000000000000   19
383.30000000000000000000   22
383.40000000000000000000   19
383.50000000000000000000   21
383.60000000000000000000   18
383.70000000000000000000   21
383.80000000000000000000   22
383.90000000000000000000   21
384.00000000000000000000   17
384.10000000000000000000   23
384.20000000000000000000   25
384.30000000000000000000   20
384.40000000000000000000   20
384.50000000000000000000   19
384.60000000000000000000   21
384.70000000000000000000   21
384.80000000000000000000   20
384.90000000000000000000   21
385.00000000000000000000   17
385.10000000000000000000   22
385.20000000000000000000   21
385.30000000000000000000   21
385.40000000000000000000   23
385.50000000000000000000   21
385.60000000000000000000   18
385.70000000000000000000   19
385.80000000000000000000   23
385.90000000000000000000   20
386.00000000000000000000   21
386.10000000000000000000   18
386.20000000000000000000   21
386.30000000000000000000   18
386.40000000000000000000   23
386.50000000000000000000   20
386.60000000000000000000   17
386.70000000000000000000   21
386.80000000000000000000   24
386.90000000000000000000   23
387.00000000000000000000   23
387.10000000000000000000   21
387.20000000000000000000   22
387.30000000000000000000   20
387.40000000000000000000   25
387.50000000000000000000   21
387.60000000000000000000   21
387.70000000000000000000   22
387.80000000000000000000   17
387.90000000000000000000   21
388.00000000000000000000   22
388.10000000000000000000   26
388.20000000000000000000   19
388.30000000000000000000   21
388.40000000000000000000   20
388.50000000000000000000   19
388.60000000000000000000   21
388.70000000000000000000   17
388.80000000000000000000   21
388.90000000000000000000   25
389.00000000000000000000   22
389.10000000000000000000   18
389.20000000000000000000   22
389.30000000000000000000   22
389.40000000000000000000   23
389.50000000000000000000   21
389.60000000000000000000   21
389.70000000000000000000   21
389.80000000000000000000   18
389.90000000000000000000   19
390.00000000000000000000   20
390.10000000000000000000   19
390.20000000000000000000   19
390.30000000000000000000   18
390.40000000000000000000   15
390.50000000000000000000   17
390.60000000000000000000   19
390.70000000000000000000   18
390.80000000000000000000   20
390.90000000000000000000   17
391.00000000000000000000   16
391.10000000000000000000   17
391.20000000000000000000   17
391.30000000000000000000   17
391.40000000000000000000   13
391.50000000000000000000   10
391.60000000000000000000   14
391.70000000000000000000   16
391.80000000000000000000   20
391.90000000000000000000   19
392.00000000000000000000   18
392.10000000000000000000   13
392.20000000000000000000   17
392.30000000000000000000   17
392.40000000000000000000   18
392.50000000000000000000   19
392.60000000000000000000   17
392.70000000000000000000   16
392.80000000000000000000   20
392.90000000000000000000   18
393.00000000000000000000   18
393.10000000000000000000   19
393.20000000000000000000   24
393.30000000000000000000   21
393.40000000000000000000   22
393.50000000000000000000   21
393.60000000000000000000   19
393.70000000000000000000   20
393.80000000000000000000   21
393.90000000000000000000   21
394.00000000000000000000   21
394.10000000000000000000   20
394.20000000000000000000   21
394.30000000000000000000   23
394.40000000000000000000   19
394.50000000000000000000   20
394.60000000000000000000   19
394.70000000000000000000   21
394.80000000000000000000   20
394.90000000000000000000   19
395.00000000000000000000   20
395.10000000000000000000   19
395.20000000000000000000   20
395.30000000000000000000   20
395.40000000000000000000   20
395.50000000000000000000   19
395.60000000000000000000   19
395.70000000000000000000   17
395.80000000000000000000   15
395.90000000000000000000   18
396.00000000000000000000   15
396.10000000000000000000   20
396.20000000000000000000   23
396.30000000000000000000   17
396.40000000000000000000   16
396.50000000000000000000   18
396.60000000000000000000   18
396.70000000000000000000   19
396.80000000000000000000   20
396.90000000000000000000   20
397.00000000000000000000   21
397.10000000000000000000   22
397.20000000000000000000   17
397.30000000000000000000   19
397.40000000000000000000   20
397.50000000000000000000   21
397.60000000000000000000   21
397.70000000000000000000   21
397.80000000000000000000   20
397.90000000000000000000   17
398.00000000000000000000   20
398.10000000000000000000   18
398.20000000000000000000   17
398.30000000000000000000   18
398.40000000000000000000   18
398.50000000000000000000   19
398.60000000000000000000   12
398.70000000000000000000   17
398.80000000000000000000   20
398.90000000000000000000   20
399.00000000000000000000   20
399.10000000000000000000   20
399.20000000000000000000   20
399.30000000000000000000   20
399.40000000000000000000   20
399.50000000000000000000   20
399.60000000000000000000   20
399.70000000000000000000   20
