200.00000000000000000000   11
200.10000000000000000000   9
200.20000000000000000000   12
200.30000000000000000000   12
200.40000000000000000000   10
200.50000000000000000000   12
200.60000000000000000000   17
200.70000000000000000000   14
200.80000000000000000000   13
200.90000000000000000000   15
201.00000000000000000000   17
201.10000000000000000000   17
201.20000000000000000000   14
201.30000000000000000000   12
201.40000000000000000000   14
201.50000000000000000000   13
201.60000000000000000000   11
201.70000000000000000000   12
201.80000000000000000000   12
201.90000000000000000000   13
202.00000000000000000000   13
202.10000000000000000000   11
202.20000000000000000000   13
202.30000000000000000000   12
202.40000000000000000000   12
202.50000000000000000000   10
202.60000000000000000000   12
202.70000000000000000000   13
202.80000000000000000000   14
202.90000000000000000000   11
203.00000000000000000000   11
203.10000000000000000000   12
203.20000000000000000000   11
203.30000000000000000000   11
203.40000000000000000000   11
203.50000000000000000000   13
203.60000000000000000000   12
203.70000000000000000000   14
203.80000000000000000000   9
203.90000000000000000000   10
204.00000000000000000000   7
204.10000000000000000000   8
204.20000000000000000000   12
204.30000000000000000000   11
204.40000000000000000000   12
204.50000000000000000000   11
204.60000000000000000000   11
204.70000000000000000000   10
204.80000000000000000000   11
204.90000000000000000000   11
205.00000000000000000000   11
205.10000000000000000000   13
205.20000000000000000000   12
205.30000000000000000000   12
205.40000000000000000000   11
205.50000000000000000000   10
205.60000000000000000000   12
205.70000000000000000000   11
205.80000000000000000000   7
205.90000000000000000000   7
206.00000000000000000000   7
206.10000000000000000000   7
206.20000000000000000000   10
206.30000000000000000000   9
206.40000000000000000000   11
206.50000000000000000000   8
206.60000000000000000000   13
206.70000000000000000000   12
206.80000000000000000000   11
206.90000000000000000000   12
207.00000000000000000000   9
207.10000000000000000000   10
207.20000000000000000000   10
207.30000000000000000000   11
207.40000000000000000000   14
207.50000000000000000000   14
207.60000000000000000000   12
207.70000000000000000000   10
207.80000000000000000000   11
207.90000000000000000000   14
208.00000000000000000000   15
208.10000000000000000000   12
208.20000000000000000000   11
208.30000000000000000000   9
208.40000000000000000000   10
208.50000000000000000000   10
208.60000000000000000000   7
208.70000000000000000000   7
208.80000000000000000000   6
208.90000000000000000000   7
209.00000000000000000000   6
209.10000000000000000000   8
209.20000000000000000000   8
209.30000000000000000000   7
209.40000000000000000000   7
209.50000000000000000000   7
209.60000000000000000000   11
209.70000000000000000000   12
209.80000000000000000000   11
209.90000000000000000000   11
210.00000000000000000000   11
210.10000000000000000000   17
210.20000000000000000000   12
210.30000000000000000000   15
210.40000000000000000000   12
210.50000000000000000000   12
210.60000000000000000000   13
210.70000000000000000000   12
210.80000000000000000000   15
210.90000000000000000000   12
211.00000000000000000000   11
211.10000000000000000000   12
211.20000000000000000000   13
211.30000000000000000000   12
211.40000000000000000000   11
211.50000000000000000000   16
211.60000000000000000000   14
211.70000000000000000000   14
211.80000000000000000000   11
211.90000000000000000000   14
212.00000000000000000000   12
212.10000000000000000000   14
212.20000000000000000000   10
212.30000000000000000000   11
212.40000000000000000000   10
212.50000000000000000000   10
212.60000000000000000000   11
212.70000000000000000000   12
212.80000000000000000000   13
212.90000000000000000000   14
213.00000000000000000000   11
213.10000000000000000000   11
213.20000000000000000000   9
213.30000000000000000000   9
213.40000000000000000000   6
213.50000000000000000000   14
213.60000000000000000000   10
213.70000000000000000000   12
213.80000000000000000000   14
213.90000000000000000000   12
214.00000000000000000000   13
214.10000000000000000000   12
214.20000000000000000000   13
214.30000000000000000000   11
214.40000000000000000000   9
214.50000000000000000000   13
214.60000000000000000000   10
214.70000000000000000000   10
214.80000000000000000000   10
214.90000000000000000000   7
215.00000000000000000000   8
215.10000000000000000000   11
215.20000000000000000000   9
215.30000000000000000000   13
215.40000000000000000000   14
215.50000000000000000000   9
215.60000000000000000000   8
215.70000000000000000000   14
215.80000000000000000000   11
215.90000000000000000000   12
216.00000000000000000000   16
216.10000000000000000000   16
216.20000000000000000000   13
216.30000000000000000000   14
216.40000000000000000000   12
216.50000000000000000000   13
216.60000000000000000000   17
216.70000000000000000000   16
216.80000000000000000000   17
216.90000000000000000000   17
217.00000000000000000000   16
217.10000000000000000000   14
217.20000000000000000000   15
217.30000000000000000000   14
217.40000000000000000000   14
217.50000000000000000000   15
217.60000000000000000000   9
217.70000000000000000000   16
217.80000000000000000000   16
217.90000000000000000000   15
218.00000000000000000000   17
218.10000000000000000000   17
218.20000000000000000000   18
218.30000000000000000000   18
218.40000000000000000000   17
218.50000000000000000000   18
218.60000000000000000000   21
218.70000000000000000000   20
218.80000000000000000000   20
218.90000000000000000000   15
219.00000000000000000000   20
219.10000000000000000000   19
219.20000000000000000000   21
219.30000000000000000000   18
219.40000000000000000000   19
219.50000000000000000000   19
219.60000000000000000000   21
219.70000000000000000000   19
219.80000000000000000000   20
219.90000000000000000000   19
220.00000000000000000000   21
220.10000000000000000000   18
220.20000000000000000000   16
220.30000000000000000000   19
220.40000000000000000000   19
220.50000000000000000000   21
220.60000000000000000000   20
220.70000000000000000000   20
220.80000000000000000000   14
220.90000000000000000000   13
221.00000000000000000000   10
221.10000000000000000000   13
221.20000000000000000000   17
221.30000000000000000000   17
221.40000000000000000000   17
221.50000000000000000000   16
221.60000000000000000000   15
221.70000000000000000000   16
221.80000000000000000000   16
221.90000000000000000000   16
222.00000000000000000000   15
222.10000000000000000000   19
222.20000000000000000000   16
222.30000000000000000000   19
222.40000000000000000000   16
222.50000000000000000000   17
222.60000000000000000000   15
222.70000000000000000000   15
222.80000000000000000000   15
222.90000000000000000000   15
223.00000000000000000000   15
223.10000000000000000000   15
223.20000000000000000000   16
223.30000000000000000000   15
223.40000000000000000000   15
223.50000000000000000000   16
223.60000000000000000000   18
223.70000000000000000000   17
223.80000000000000000000   17
223.90000000000000000000   14
224.00000000000000000000   15
224.10000000000000000000   15
224.20000000000000000000   17
224.30000000000000000000   16
224.40000000000000000000   16
224.50000000000000000000   18
224.60000000000000000000   16
224.70000000000000000000   18
224.80000000000000000000   19
224.90000000000000000000   16
225.00000000000000000000   17
225.10000000000000000000   16
225.20000000000000000000   13
225.30000000000000000000   14
225.40000000000000000000   15
225.50000000000000000000   18
225.60000000000000000000   15
225.70000000000000000000   15
225.80000000000000000000   15
225.90000000000000000000   18
226.00000000000000000000   23
226.10000000000000000000   21
226.20000000000000000000   20
226.30000000000000000000   22
226.40000000000000000000   17
226.50000000000000000000   15
226.60000000000000000000   16
226.70000000000000000000   18
226.80000000000000000000   20
226.90000000000000000000   16
227.00000000000000000000   15
227.10000000000000000000   15
227.20000000000000000000   17
227.30000000000000000000   17
227.40000000000000000000   20
227.50000000000000000000   16
227.60000000000000000000   16
227.70000000000000000000   17
227.80000000000000000000   18
227.90000000000000000000   18
228.00000000000000000000   22
228.10000000000000000000   20
228.20000000000000000000   20
228.30000000000000000000   20
228.40000000000000000000   20
228.50000000000000000000   20
228.60000000000000000000   19
228.70000000000000000000   19
228.80000000000000000000   21
228.90000000000000000000   21
229.00000000000000000000   23
229.10000000000000000000   18
229.20000000000000000000   21
229.30000000000000000000   22
229.40000000000000000000   19
229.50000000000000000000   20
229.60000000000000000000   21
229.70000000000000000000   21
229.80000000000000000000   17
229.90000000000000000000   25
230.00000000000000000000   21
230.10000000000000000000   23
230.20000000000000000000   19
230.30000000000000000000   24
230.40000000000000000000   19
230.50000000000000000000   22
230.60000000000000000000   22
230.70000000000000000000   23
230.80000000000000000000   24
230.90000000000000000000   24
231.00000000000000000000   24
231.10000000000000000000   20
231.20000000000000000000   24
231.30000000000000000000   23
231.40000000000000000000   16
231.50000000000000000000   18
231.60000000000000000000   18
231.70000000000000000000   21
231.80000000000000000000   23
231.90000000000000000000   18
232.00000000000000000000   19
232.10000000000000000000   26
232.20000000000000000000   22
232.30000000000000000000   21
232.40000000000000000000   24
232.50000000000000000000   25
232.60000000000000000000   23
232.70000000000000000000   21
232.80000000000000000000   19
232.90000000000000000000   22
233.00000000000000000000   23
233.10000000000000000000   18
233.20000000000000000000   20
233.30000000000000000000   15
233.40000000000000000000   19
233.50000000000000000000   18
233.60000000000000000000   19
233.70000000000000000000   19
233.80000000000000000000   20
233.90000000000000000000   17
234.00000000000000000000   20
234.10000000000000000000   22
234.20000000000000000000   22
234.30000000000000000000   20
234.40000000000000000000   24
234.50000000000000000000   25
234.60000000000000000000   22
234.70000000000000000000   25
234.80000000000000000000   28
234.90000000000000000000   30
235.00000000000000000000   24
235.10000000000000000000   23
235.20000000000000000000   26
235.30000000000000000000   30
235.40000000000000000000   27
235.50000000000000000000   24
235.60000000000000000000   25
235.70000000000000000000   27
235.80000000000000000000   26
235.90000000000000000000   29
236.00000000000000000000   31
236.10000000000000000000   30
236.20000000000000000000   31
236.30000000000000000000   30
236.40000000000000000000   30
236.50000000000000000000   28
236.60000000000000000000   35
236.70000000000000000000   30
236.80000000000000000000   30
236.90000000000000000000   27
237.00000000000000000000   31
237.10000000000000000000   29
237.20000000000000000000   27
237.30000000000000000000   29
237.40000000000000000000   24
237.50000000000000000000   25
237.60000000000000000000   28
237.70000000000000000000   30
237.80000000000000000000   24
237.90000000000000000000   30
238.00000000000000000000   31
238.10000000000000000000   28
238.20000000000000000000   28
238.30000000000000000000   26
238.40000000000000000000   32
238.50000000000000000000   29
238.60000000000000000000   31
238.70000000000000000000   30
238.80000000000000000000   34
238.90000000000000000000   29
239.00000000000000000000   32
239.10000000000000000000   33
239.20000000000000000000   34
239.30000000000000000000   29
239.40000000000000000000   30
239.50000000000000000000   30
239.60000000000000000000   31
239.70000000000000000000   27
239.80000000000000000000   29
239.90000000000000000000   26
240.00000000000000000000   24
240.10000000000000000000   29
240.20000000000000000000   25
240.30000000000000000000   27
240.40000000000000000000   32
240.50000000000000000000   29
240.60000000000000000000   29
240.70000000000000000000   24
240.80000000000000000000   24
240.90000000000000000000   20
241.00000000000000000000   18
241.10000000000000000000   23
241.20000000000000000000   22
241.30000000000000000000   24
241.40000000000000000000   21
241.50000000000000000000   19
241.60000000000000000000   20
241.70000000000000000000   19
241.80000000000000000000   21
241.90000000000000000000   24
242.00000000000000000000   26
242.10000000000000000000   19
242.20000000000000000000   24
242.30000000000000000000   18
242.40000000000000000000   22
242.50000000000000000000   17
242.60000000000000000000   20
242.70000000000000000000   23
242.80000000000000000000   21
242.90000000000000000000   19
243.00000000000000000000   21
243.10000000000000000000   19
243.20000000000000000000   19
243.30000000000000000000   19
243.40000000000000000000   20
243.50000000000000000000   19
243.60000000000000000000   22
243.70000000000000000000   25
243.80000000000000000000   23
243.90000000000000000000   21
244.00000000000000000000   21
244.10000000000000000000   24
244.20000000000000000000   22
244.30000000000000000000   24
244.40000000000000000000   23
244.50000000000000000000   22
244.60000000000000000000   27
244.70000000000000000000   28
244.80000000000000000000   24
244.90000000000000000000   28
245.00000000000000000000   24
245.10000000000000000000   28
245.20000000000000000000   25
245.30000000000000000000   28
245.40000000000000000000   26
245.50000000000000000000   27
245.60000000000000000000   23
245.70000000000000000000   25
245.80000000000000000000   28
245.90000000000000000000   28
246.00000000000000000000   25
246.10000000000000000000   24
246.20000000000000000000   25
246.30000000000000000000   25
246.40000000000000000000   23
246.50000000000000000000   23
246.60000000000000000000   22
246.70000000000000000000   28
246.80000000000000000000   22
246.90000000000000000000   24
247.00000000000000000000   20
247.10000000000000000000   26
247.20000000000000000000   22
247.30000000000000000000   22
247.40000000000000000000   23
247.50000000000000000000   24
247.60000000000000000000   22
247.70000000000000000000   27
247.80000000000000000000   20
247.90000000000000000000   23
248.00000000000000000000   24
248.10000000000000000000   22
248.20000000000000000000   24
248.30000000000000000000   26
248.40000000000000000000   27
248.50000000000000000000   25
248.60000000000000000000   27
248.70000000000000000000   22
248.80000000000000000000   26
248.90000000000000000000   23
249.00000000000000000000   22
249.10000000000000000000   24
249.20000000000000000000   25
249.30000000000000000000   29
249.40000000000000000000   29
249.50000000000000000000   27
249.60000000000000000000   28
249.70000000000000000000   29
249.80000000000000000000   29
249.90000000000000000000   26
250.00000000000000000000   27
250.10000000000000000000   25
250.20000000000000000000   28
250.30000000000000000000   24
250.40000000000000000000   24
250.50000000000000000000   25
250.60000000000000000000   25
250.70000000000000000000   29
250.80000000000000000000   23
250.90000000000000000000   26
251.00000000000000000000   29
251.10000000000000000000   27
251.20000000000000000000   25
251.30000000000000000000   24
251.40000000000000000000   21
251.50000000000000000000   22
251.60000000000000000000   26
251.70000000000000000000   26
251.80000000000000000000   26
251.90000000000000000000   23
252.00000000000000000000   28
252.10000000000000000000   25
252.20000000000000000000   25
252.30000000000000000000   18
252.40000000000000000000   20
252.50000000000000000000   25
252.60000000000000000000   21
252.70000000000000000000   20
252.80000000000000000000   28
252.90000000000000000000   24
253.00000000000000000000   30
253.10000000000000000000   27
253.20000000000000000000   27
253.30000000000000000000   27
253.40000000000000000000   24
253.50000000000000000000   26
253.60000000000000000000   25
253.70000000000000000000   27
253.80000000000000000000   26
253.90000000000000000000   24
254.00000000000000000000   26
254.10000000000000000000   25
254.20000000000000000000   22
254.30000000000000000000   23
254.40000000000000000000   19
254.50000000000000000000   22
254.60000000000000000000   26
254.70000000000000000000   19
254.80000000000000000000   20
254.90000000000000000000   27
255.00000000000000000000   27
255.10000000000000000000   28
255.20000000000000000000   26
255.30000000000000000000   26
255.40000000000000000000   25
255.50000000000000000000   24
255.60000000000000000000   30
255.70000000000000000000   26
255.80000000000000000000   29
255.90000000000000000000   23
256.00000000000000000000   26
256.10000000000000000000   28
256.20000000000000000000   26
256.30000000000000000000   26
256.40000000000000000000   26
256.50000000000000000000   27
256.60000000000000000000   25
256.70000000000000000000   26
256.80000000000000000000   24
256.90000000000000000000   28
257.00000000000000000000   26
257.10000000000000000000   25
257.20000000000000000000   22
257.30000000000000000000   27
257.40000000000000000000   28
257.50000000000000000000   27
257.60000000000000000000   28
257.70000000000000000000   29
257.80000000000000000000   27
257.90000000000000000000   28
258.00000000000000000000   30
258.10000000000000000000   25
258.20000000000000000000   28
258.30000000000000000000   27
258.40000000000000000000   24
258.50000000000000000000   26
258.60000000000000000000   29
258.70000000000000000000   30
258.80000000000000000000   30
258.90000000000000000000   26
259.00000000000000000000   25
259.10000000000000000000   28
259.20000000000000000000   26
259.30000000000000000000   28
259.40000000000000000000   25
259.50000000000000000000   30
259.60000000000000000000   28
259.70000000000000000000   28
259.80000000000000000000   28
259.90000000000000000000   30
260.00000000000000000000   31
260.10000000000000000000   30
260.20000000000000000000   27
260.30000000000000000000   29
260.40000000000000000000   29
260.50000000000000000000   23
260.60000000000000000000   23
260.70000000000000000000   25
260.80000000000000000000   27
260.90000000000000000000   26
261.00000000000000000000   24
261.10000000000000000000   24
261.20000000000000000000   24
261.30000000000000000000   21
261.40000000000000000000   20
261.50000000000000000000   19
261.60000000000000000000   23
261.70000000000000000000   20
261.80000000000000000000   24
261.90000000000000000000   20
262.00000000000000000000   24
262.10000000000000000000   22
262.20000000000000000000   22
262.30000000000000000000   18
262.40000000000000000000   20
262.50000000000000000000   23
262.60000000000000000000   17
262.70000000000000000000   16
262.80000000000000000000   21
262.90000000000000000000   17
263.00000000000000000000   18
263.10000000000000000000   17
263.20000000000000000000   17
263.30000000000000000000   20
263.40000000000000000000   23
263.50000000000000000000   28
263.60000000000000000000   27
263.70000000000000000000   27
263.80000000000000000000   23
263.90000000000000000000   23
264.00000000000000000000   25
264.10000000000000000000   24
264.20000000000000000000   25
264.30000000000000000000   27
264.40000000000000000000   24
264.50000000000000000000   28
264.60000000000000000000   23
264.70000000000000000000   22
264.80000000000000000000   21
264.90000000000000000000   23
265.00000000000000000000   26
265.10000000000000000000   26
265.20000000000000000000   24
265.30000000000000000000   22
265.40000000000000000000   24
265.50000000000000000000   21
265.60000000000000000000   18
265.70000000000000000000   16
265.80000000000000000000   19
265.90000000000000000000   22
266.00000000000000000000   23
266.10000000000000000000   18
266.20000000000000000000   27
266.30000000000000000000   24
266.40000000000000000000   30
266.50000000000000000000   30
266.60000000000000000000   30
266.70000000000000000000   27
266.80000000000000000000   29
266.90000000000000000000   28
267.00000000000000000000   25
267.10000000000000000000   27
267.20000000000000000000   22
267.30000000000000000000   23
267.40000000000000000000   24
267.50000000000000000000   23
267.60000000000000000000   21
267.70000000000000000000   22
267.80000000000000000000   23
267.90000000000000000000   22
268.00000000000000000000   21
268.10000000000000000000   22
268.20000000000000000000   23
268.30000000000000000000   26
268.40000000000000000000   20
268.50000000000000000000   21
268.60000000000000000000   25
268.70000000000000000000   23
268.80000000000000000000   24
268.90000000000000000000   23
269.00000000000000000000   22
269.10000000000000000000   23
269.20000000000000000000   17
269.30000000000000000000   19
269.40000000000000000000   18
269.50000000000000000000   18
269.60000000000000000000   17
269.70000000000000000000   17
269.80000000000000000000   19
269.90000000000000000000   21
270.00000000000000000000   18
270.10000000000000000000   18
270.20000000000000000000   19
270.30000000000000000000   18
270.40000000000000000000   20
270.50000000000000000000   16
270.60000000000000000000   21
270.70000000000000000000   22
270.80000000000000000000   21
270.90000000000000000000   20
271.00000000000000000000   19
271.10000000000000000000   17
271.20000000000000000000   21
271.30000000000000000000   18
271.40000000000000000000   23
271.50000000000000000000   20
271.60000000000000000000   21
271.70000000000000000000   26
271.80000000000000000000   19
271.90000000000000000000   19
272.00000000000000000000   18
272.10000000000000000000   22
272.20000000000000000000   24
272.30000000000000000000   22
272.40000000000000000000   24
272.50000000000000000000   20
272.60000000000000000000   23
272.70000000000000000000   22
272.80000000000000000000   22
272.90000000000000000000   22
273.00000000000000000000   24
273.10000000000000000000   23
273.20000000000000000000   23
273.30000000000000000000   24
273.40000000000000000000   25
273.50000000000000000000   26
273.60000000000000000000   25
273.70000000000000000000   22
273.80000000000000000000   26
273.90000000000000000000   25
274.00000000000000000000   25
274.10000000000000000000   22
274.20000000000000000000   24
274.30000000000000000000   25
274.40000000000000000000   26
274.50000000000000000000   23
274.60000000000000000000   20
274.70000000000000000000   22
274.80000000000000000000   21
274.90000000000000000000   19
275.00000000000000000000   19
275.10000000000000000000   20
275.20000000000000000000   22
275.30000000000000000000   20
275.40000000000000000000   22
275.50000000000000000000   25
275.60000000000000000000   20
275.70000000000000000000   23
275.80000000000000000000   23
275.90000000000000000000   20
276.00000000000000000000   19
276.10000000000000000000   19
276.20000000000000000000   22
276.30000000000000000000   20
276.40000000000000000000   22
276.50000000000000000000   21
276.60000000000000000000   23
276.70000000000000000000   24
276.80000000000000000000   20
276.90000000000000000000   25
277.00000000000000000000   24
277.10000000000000000000   26
277.20000000000000000000   23
277.30000000000000000000   25
277.40000000000000000000   25
277.50000000000000000000   21
277.60000000000000000000   21
277.70000000000000000000   21
277.80000000000000000000   21
277.90000000000000000000   21
278.00000000000000000000   22
278.10000000000000000000   22
278.20000000000000000000   23
278.30000000000000000000   22
278.40000000000000000000   27
278.50000000000000000000   26
278.60000000000000000000   29
278.70000000000000000000   28
278.80000000000000000000   26
278.90000000000000000000   27
279.00000000000000000000   30
279.10000000000000000000   25
279.20000000000000000000   26
279.30000000000000000000   25
279.40000000000000000000   24
279.50000000000000000000   24
279.60000000000000000000   28
279.70000000000000000000   27
279.80000000000000000000   27
279.90000000000000000000   28
280.00000000000000000000   27
280.10000000000000000000   26
280.20000000000000000000   25
280.30000000000000000000   28
280.40000000000000000000   26
280.50000000000000000000   28
280.60000000000000000000   30
280.70000000000000000000   30
280.80000000000000000000   25
280.90000000000000000000   25
281.00000000000000000000   26
281.10000000000000000000   27
281.20000000000000000000   24
281.30000000000000000000   27
281.40000000000000000000   27
281.50000000000000000000   23
281.60000000000000000000   25
281.70000000000000000000   24
281.80000000000000000000   27
281.90000000000000000000   25
282.00000000000000000000   24
282.10000000000000000000   25
282.20000000000000000000   28
282.30000000000000000000   24
282.40000000000000000000   27
282.50000000000000000000   26
282.60000000000000000000   27
282.70000000000000000000   25
282.80000000000000000000   27
282.90000000000000000000   26
283.00000000000000000000   26
283.10000000000000000000   27
283.20000000000000000000   27
283.30000000000000000000   30
283.40000000000000000000   28
283.50000000000000000000   28
283.60000000000000000000   28
283.70000000000000000000   26
283.80000000000000000000   26
283.90000000000000000000   24
284.00000000000000000000   22
284.10000000000000000000   29
284.20000000000000000000   26
284.30000000000000000000   27
284.40000000000000000000   28
284.50000000000000000000   24
284.60000000000000000000   27
284.70000000000000000000   27
284.80000000000000000000   27
284.90000000000000000000   29
285.00000000000000000000   26
285.10000000000000000000   25
285.20000000000000000000   29
285.30000000000000000000   28
285.40000000000000000000   30
285.50000000000000000000   29
285.60000000000000000000   27
285.70000000000000000000   26
285.80000000000000000000   25
285.90000000000000000000   27
286.00000000000000000000   27
286.10000000000000000000   26
286.20000000000000000000   26
286.30000000000000000000   28
286.40000000000000000000   29
286.50000000000000000000   26
286.60000000000000000000   28
286.70000000000000000000   30
286.80000000000000000000   30
286.90000000000000000000   29
287.00000000000000000000   29
287.10000000000000000000   30
287.20000000000000000000   27
287.30000000000000000000   27
287.40000000000000000000   27
287.50000000000000000000   27
287.60000000000000000000   29
287.70000000000000000000   29
287.80000000000000000000   32
287.90000000000000000000   27
288.00000000000000000000   30
288.10000000000000000000   27
288.20000000000000000000   31
288.30000000000000000000   31
288.40000000000000000000   32
288.50000000000000000000   33
288.60000000000000000000   27
288.70000000000000000000   31
288.80000000000000000000   27
288.90000000000000000000   24
289.00000000000000000000   29
289.10000000000000000000   29
289.20000000000000000000   28
289.30000000000000000000   28
289.40000000000000000000   24
289.50000000000000000000   32
289.60000000000000000000   28
289.70000000000000000000   27
289.80000000000000000000   30
289.90000000000000000000   31
290.00000000000000000000   31
290.10000000000000000000   33
290.20000000000000000000   30
290.30000000000000000000   27
290.40000000000000000000   26
290.50000000000000000000   28
290.60000000000000000000   29
290.70000000000000000000   26
290.80000000000000000000   27
290.90000000000000000000   26
291.00000000000000000000   30
291.10000000000000000000   28
291.20000000000000000000   26
291.30000000000000000000   24
291.40000000000000000000   26
291.50000000000000000000   25
291.60000000000000000000   23
291.70000000000000000000   20
291.80000000000000000000   23
291.90000000000000000000   25
292.00000000000000000000   28
292.10000000000000000000   22
292.20000000000000000000   23
292.30000000000000000000   24
292.40000000000000000000   23
292.50000000000000000000   23
292.60000000000000000000   25
292.70000000000000000000   22
292.80000000000000000000   25
292.90000000000000000000   26
293.00000000000000000000   23
293.10000000000000000000   25
293.20000000000000000000   25
293.30000000000000000000   25
293.40000000000000000000   25
293.50000000000000000000   26
293.60000000000000000000   22
293.70000000000000000000   21
293.80000000000000000000   24
293.90000000000000000000   22
294.00000000000000000000   22
294.10000000000000000000   17
294.20000000000000000000   16
294.30000000000000000000   19
294.40000000000000000000   16
294.50000000000000000000   17
294.60000000000000000000   17
294.70000000000000000000   18
294.80000000000000000000   16
294.90000000000000000000   17
295.00000000000000000000   14
295.10000000000000000000   18
295.20000000000000000000   16
295.30000000000000000000   15
295.40000000000000000000   13
295.50000000000000000000   13
295.60000000000000000000   15
295.70000000000000000000   15
295.80000000000000000000   17
295.90000000000000000000   14
296.00000000000000000000   18
296.10000000000000000000   18
296.20000000000000000000   15
296.30000000000000000000   19
296.40000000000000000000   14
296.50000000000000000000   19
296.60000000000000000000   17
296.70000000000000000000   17
296.80000000000000000000   16
296.90000000000000000000   16
297.00000000000000000000   13
297.10000000000000000000   13
297.20000000000000000000   14
297.30000000000000000000   13
297.40000000000000000000   15
297.50000000000000000000   18
297.60000000000000000000   19
297.70000000000000000000   16
297.80000000000000000000   15
297.90000000000000000000   15
298.00000000000000000000   10
298.10000000000000000000   17
298.20000000000000000000   16
298.30000000000000000000   15
298.40000000000000000000   12
298.50000000000000000000   15
298.60000000000000000000   14
298.70000000000000000000   16
298.80000000000000000000   14
298.90000000000000000000   19
299.00000000000000000000   17
299.10000000000000000000   15
299.20000000000000000000   10
299.30000000000000000000   8
299.40000000000000000000   14
299.50000000000000000000   12
299.60000000000000000000   12
299.70000000000000000000   9
299.80000000000000000000   10
299.90000000000000000000   14
300.00000000000000000000   14
300.10000000000000000000   16
300.20000000000000000000   11
300.30000000000000000000   9
300.40000000000000000000   9
300.50000000000000000000   8
300.60000000000000000000   9
300.70000000000000000000   6
300.80000000000000000000   5
300.90000000000000000000   13
301.00000000000000000000   11
301.10000000000000000000   12
301.20000000000000000000   10
301.30000000000000000000   9
301.40000000000000000000   11
301.50000000000000000000   10
301.60000000000000000000   11
301.70000000000000000000   13
301.80000000000000000000   14
301.90000000000000000000   9
302.00000000000000000000   11
302.10000000000000000000   11
302.20000000000000000000   14
302.30000000000000000000   9
302.40000000000000000000   11
302.50000000000000000000   13
302.60000000000000000000   10
302.70000000000000000000   10
302.80000000000000000000   8
302.90000000000000000000   8
303.00000000000000000000   3
303.10000000000000000000   4
303.20000000000000000000   1
303.30000000000000000000   10
303.40000000000000000000   3
303.50000000000000000000   5
303.60000000000000000000   9
303.70000000000000000000   11
303.80000000000000000000   11
303.90000000000000000000   3
304.00000000000000000000   2
304.10000000000000000000   2
304.20000000000000000000   2
304.30000000000000000000   2
304.40000000000000000000   3
304.50000000000000000000   5
304.60000000000000000000   3
304.70000000000000000000   2
304.80000000000000000000   8
304.90000000000000000000   6
305.00000000000000000000   6
305.10000000000000000000   8
305.20000000000000000000   5
305.30000000000000000000   4
305.40000000000000000000   3
305.50000000000000000000   2
305.60000000000000000000   7
305.70000000000000000000   4
305.80000000000000000000   5
305.90000000000000000000   4
306.00000000000000000000   2
306.10000000000000000000   2
306.20000000000000000000   6
306.30000000000000000000   4
306.40000000000000000000   5
306.50000000000000000000   5
306.60000000000000000000   6
306.70000000000000000000   3
306.80000000000000000000   7
306.90000000000000000000   5
307.00000000000000000000   3
307.10000000000000000000   8
307.20000000000000000000   8
307.30000000000000000000   11
307.40000000000000000000   9
307.50000000000000000000   12
307.60000000000000000000   10
307.70000000000000000000   12
307.80000000000000000000   11
307.90000000000000000000   12
308.00000000000000000000   14
308.10000000000000000000   15
308.20000000000000000000   12
308.30000000000000000000   12
308.40000000000000000000   12
308.50000000000000000000   15
308.60000000000000000000   14
308.70000000000000000000   9
308.80000000000000000000   4
308.90000000000000000000   1
309.00000000000000000000   8
309.10000000000000000000   5
309.20000000000000000000   6
309.30000000000000000000   2
309.40000000000000000000   5
309.50000000000000000000   4
309.60000000000000000000   6
309.70000000000000000000   5
309.80000000000000000000   9
309.90000000000000000000   7
310.00000000000000000000   5
310.10000000000000000000   7
310.20000000000000000000   7
310.30000000000000000000   7
310.40000000000000000000   4
310.50000000000000000000   2
310.60000000000000000000   5
310.70000000000000000000   5
310.80000000000000000000   3
310.90000000000000000000   2
311.00000000000000000000   2
311.10000000000000000000   2
311.20000000000000000000   5
311.30000000000000000000   3
311.40000000000000000000   6
311.50000000000000000000   5
311.60000000000000000000   9
311.70000000000000000000   6
311.80000000000000000000   7
311.90000000000000000000   4
312.00000000000000000000   9
312.10000000000000000000   5
312.20000000000000000000   7
312.30000000000000000000   4
312.40000000000000000000   2
312.50000000000000000000   5
312.60000000000000000000   4
312.70000000000000000000   8
312.80000000000000000000   6
312.90000000000000000000   7
313.00000000000000000000   5
313.10000000000000000000   2
313.20000000000000000000   1
313.30000000000000000000   2
313.40000000000000000000   9
313.50000000000000000000   8
313.60000000000000000000   2
313.70000000000000000000   1
313.80000000000000000000   6
313.90000000000000000000   6
314.00000000000000000000   4
314.10000000000000000000   6
314.20000000000000000000   10
314.30000000000000000000   7
314.40000000000000000000   4
314.50000000000000000000   3
314.60000000000000000000   2
314.70000000000000000000   6
314.80000000000000000000   6
314.90000000000000000000   6
315.00000000000000000000   8
315.10000000000000000000   5
315.20000000000000000000   4
315.30000000000000000000   2
315.40000000000000000000   8
315.50000000000000000000   13
315.60000000000000000000   11
315.70000000000000000000   10
315.80000000000000000000   12
315.90000000000000000000   9
316.00000000000000000000   7
316.10000000000000000000   9
316.20000000000000000000   11
316.30000000000000000000   7
316.40000000000000000000   8
316.50000000000000000000   5
316.60000000000000000000   3
316.70000000000000000000   3
316.80000000000000000000   5
316.90000000000000000000   3
317.00000000000000000000   2
317.10000000000000000000   2
317.20000000000000000000   4
317.30000000000000000000   6
317.40000000000000000000   2
317.50000000000000000000   3
317.60000000000000000000   3
317.70000000000000000000   4
317.80000000000000000000   3
317.90000000000000000000   5
318.00000000000000000000   6
318.10000000000000000000   4
318.20000000000000000000   4
318.30000000000000000000   7
318.40000000000000000000   6
318.50000000000000000000   8
318.60000000000000000000   7
318.70000000000000000000   5
318.80000000000000000000   5
318.90000000000000000000   4
319.00000000000000000000   8
319.10000000000000000000   8
319.20000000000000000000   6
319.30000000000000000000   3
319.40000000000000000000   3
319.50000000000000000000   7
319.60000000000000000000   5
319.70000000000000000000   4
319.80000000000000000000   7
319.90000000000000000000   7
320.00000000000000000000   5
320.10000000000000000000   6
320.20000000000000000000   7
320.30000000000000000000   7
320.40000000000000000000   6
320.50000000000000000000   5
320.60000000000000000000   5
320.70000000000000000000   6
320.80000000000000000000   8
320.90000000000000000000   6
321.00000000000000000000   11
321.10000000000000000000   11
321.20000000000000000000   5
321.30000000000000000000   3
321.40000000000000000000   1
321.50000000000000000000   1
321.60000000000000000000   1
321.70000000000000000000   1
321.80000000000000000000   2
321.90000000000000000000   2
322.00000000000000000000   5
322.10000000000000000000   2
322.20000000000000000000   7
322.30000000000000000000   6
322.40000000000000000000   8
322.50000000000000000000   6
322.60000000000000000000   3
322.70000000000000000000   2
322.80000000000000000000   1
322.90000000000000000000   3
323.00000000000000000000   6
323.10000000000000000000   4
323.20000000000000000000   7
323.30000000000000000000   7
323.40000000000000000000   5
323.50000000000000000000   7
323.60000000000000000000   8
323.70000000000000000000   7
323.80000000000000000000   7
323.90000000000000000000   6
324.00000000000000000000   7
324.10000000000000000000   6
324.20000000000000000000   6
324.30000000000000000000   5
324.40000000000000000000   7
324.50000000000000000000   5
324.60000000000000000000   4
324.70000000000000000000   3
324.80000000000000000000   5
324.90000000000000000000   6
325.00000000000000000000   6
325.10000000000000000000   8
325.20000000000000000000   9
325.30000000000000000000   6
325.40000000000000000000   4
325.50000000000000000000   6
325.60000000000000000000   6
325.70000000000000000000   5
325.80000000000000000000   8
325.90000000000000000000   5
326.00000000000000000000   6
326.10000000000000000000   6
326.20000000000000000000   4
326.30000000000000000000   6
326.40000000000000000000   4
326.50000000000000000000   2
326.60000000000000000000   5
326.70000000000000000000   3
326.80000000000000000000   6
326.90000000000000000000   4
327.00000000000000000000   5
327.10000000000000000000   7
327.20000000000000000000   5
327.30000000000000000000   6
327.40000000000000000000   7
327.50000000000000000000   5
327.60000000000000000000   5
327.70000000000000000000   7
327.80000000000000000000   3
327.90000000000000000000   7
328.00000000000000000000   5
328.10000000000000000000   5
328.20000000000000000000   5
328.30000000000000000000   6
328.40000000000000000000   4
328.50000000000000000000   7
328.60000000000000000000   5
328.70000000000000000000   11
328.80000000000000000000   8
328.90000000000000000000   9
329.00000000000000000000   8
329.10000000000000000000   10
329.20000000000000000000   9
329.30000000000000000000   5
329.40000000000000000000   4
329.50000000000000000000   5
329.60000000000000000000   2
329.70000000000000000000   6
329.80000000000000000000   4
329.90000000000000000000   8
330.00000000000000000000   5
330.10000000000000000000   8
330.20000000000000000000   5
330.30000000000000000000   10
330.40000000000000000000   8
330.50000000000000000000   7
330.60000000000000000000   4
330.70000000000000000000   7
330.80000000000000000000   6
330.90000000000000000000   5
331.00000000000000000000   4
331.10000000000000000000   2
331.20000000000000000000   3
331.30000000000000000000   3
331.40000000000000000000   7
331.50000000000000000000   7
331.60000000000000000000   7
331.70000000000000000000   6
331.80000000000000000000   4
331.90000000000000000000   3
332.00000000000000000000   1
332.10000000000000000000   4
332.20000000000000000000   4
332.30000000000000000000   9
332.40000000000000000000   9
332.50000000000000000000   7
332.60000000000000000000   12
332.70000000000000000000   10
332.80000000000000000000   11
332.90000000000000000000   14
333.00000000000000000000   13
333.10000000000000000000   14
333.20000000000000000000   13
333.30000000000000000000   13
333.40000000000000000000   13
333.50000000000000000000   15
333.60000000000000000000   14
333.70000000000000000000   13
333.80000000000000000000   13
333.90000000000000000000   10
334.00000000000000000000   13
334.10000000000000000000   15
334.20000000000000000000   12
334.30000000000000000000   14
334.40000000000000000000   13
334.50000000000000000000   13
334.60000000000000000000   12
334.70000000000000000000   12
334.80000000000000000000   4
334.90000000000000000000   2
335.00000000000000000000   2
335.10000000000000000000   6
335.20000000000000000000   5
335.30000000000000000000   7
335.40000000000000000000   7
335.50000000000000000000   4
335.60000000000000000000   1
335.70000000000000000000   3
335.80000000000000000000   7
335.90000000000000000000   7
336.00000000000000000000   2
336.10000000000000000000   3
336.20000000000000000000   1
336.30000000000000000000   1
336.40000000000000000000   1
336.50000000000000000000   4
336.60000000000000000000   4
336.70000000000000000000   2
336.80000000000000000000   3
336.90000000000000000000   3
337.00000000000000000000   2
337.10000000000000000000   4
337.20000000000000000000   6
337.30000000000000000000   6
337.40000000000000000000   4
337.50000000000000000000   6
337.60000000000000000000   7
337.70000000000000000000   8
337.80000000000000000000   9
337.90000000000000000000   6
338.00000000000000000000   7
338.10000000000000000000   7
338.20000000000000000000   9
338.30000000000000000000   7
338.40000000000000000000   8
338.50000000000000000000   8
338.60000000000000000000   7
338.70000000000000000000   5
338.80000000000000000000   4
338.90000000000000000000   4
339.00000000000000000000   4
339.10000000000000000000   5
339.20000000000000000000   6
339.30000000000000000000   4
339.40000000000000000000   3
339.50000000000000000000   4
339.60000000000000000000   3
339.70000000000000000000   4
339.80000000000000000000   5
339.90000000000000000000   9
340.00000000000000000000   7
340.10000000000000000000   4
340.20000000000000000000   1
340.30000000000000000000   3
340.40000000000000000000   4
340.50000000000000000000   3
340.60000000000000000000   4
340.70000000000000000000   5
340.80000000000000000000   3
340.90000000000000000000   7
341.00000000000000000000   6
341.10000000000000000000   7
341.20000000000000000000   5
341.30000000000000000000   7
341.40000000000000000000   4
341.50000000000000000000   4
341.60000000000000000000   5
341.70000000000000000000   6
341.80000000000000000000   7
341.90000000000000000000   5
342.00000000000000000000   6
342.10000000000000000000   5
342.20000000000000000000   6
342.30000000000000000000   4
342.40000000000000000000   6
342.50000000000000000000   6
342.60000000000000000000   5
342.70000000000000000000   5
342.80000000000000000000   2
342.90000000000000000000   4
343.00000000000000000000   6
343.10000000000000000000   7
343.20000000000000000000   4
343.30000000000000000000   7
343.40000000000000000000   8
343.50000000000000000000   9
343.60000000000000000000   8
343.70000000000000000000   4
343.80000000000000000000   9
343.90000000000000000000   8
344.00000000000000000000   7
344.10000000000000000000   7
344.20000000000000000000   6
344.30000000000000000000   8
344.40000000000000000000   6
344.50000000000000000000   8
344.60000000000000000000   7
344.70000000000000000000   6
344.80000000000000000000   7
344.90000000000000000000   5
345.00000000000000000000   7
345.10000000000000000000   8
345.20000000000000000000   8
345.30000000000000000000   8
345.40000000000000000000   8
345.50000000000000000000   7
345.60000000000000000000   8
345.70000000000000000000   6
345.80000000000000000000   8
345.90000000000000000000   8
346.00000000000000000000   8
346.10000000000000000000   6
346.20000000000000000000   7
346.30000000000000000000   9
346.40000000000000000000   6
346.50000000000000000000   8
346.60000000000000000000   6
346.70000000000000000000   6
346.80000000000000000000   8
346.90000000000000000000   8
347.00000000000000000000   8
347.10000000000000000000   7
347.20000000000000000000   7
347.30000000000000000000   6
347.40000000000000000000   6
347.50000000000000000000   8
347.60000000000000000000   7
347.70000000000000000000   7
347.80000000000000000000   7
347.90000000000000000000   4
348.00000000000000000000   8
348.10000000000000000000   7
348.20000000000000000000   8
348.30000000000000000000   3
348.40000000000000000000   5
348.50000000000000000000   7
348.60000000000000000000   8
348.70000000000000000000   7
348.80000000000000000000   6
348.90000000000000000000   8
349.00000000000000000000   4
349.10000000000000000000   8
349.20000000000000000000   8
349.30000000000000000000   5
349.40000000000000000000   5
349.50000000000000000000   5
349.60000000000000000000   6
349.70000000000000000000   6
349.80000000000000000000   8
349.90000000000000000000   6
350.00000000000000000000   6
350.10000000000000000000   7
350.20000000000000000000   6
350.30000000000000000000   6
350.40000000000000000000   8
350.50000000000000000000   7
350.60000000000000000000   5
350.70000000000000000000   5
350.80000000000000000000   8
350.90000000000000000000   6
351.00000000000000000000   7
351.10000000000000000000   5
351.20000000000000000000   7
351.30000000000000000000   7
351.40000000000000000000   6
351.50000000000000000000   9
351.60000000000000000000   9
351.70000000000000000000   5
351.80000000000000000000   8
351.90000000000000000000   7
352.00000000000000000000   7
352.10000000000000000000   9
352.20000000000000000000   5
352.30000000000000000000   5
352.40000000000000000000   10
352.50000000000000000000   8
352.60000000000000000000   8
352.70000000000000000000   8
352.80000000000000000000   10
352.90000000000000000000   7
353.00000000000000000000   8
353.10000000000000000000   7
353.20000000000000000000   7
353.30000000000000000000   7
353.40000000000000000000   8
353.50000000000000000000   7
353.60000000000000000000   8
353.70000000000000000000   8
353.80000000000000000000   13
353.90000000000000000000   12
354.00000000000000000000   11
354.10000000000000000000   12
354.20000000000000000000   15
354.30000000000000000000   15
354.40000000000000000000   11
354.50000000000000000000   14
354.60000000000000000000   9
354.70000000000000000000   12
354.80000000000000000000   7
354.90000000000000000000   11
355.00000000000000000000   11
355.10000000000000000000   14
355.20000000000000000000   12
355.30000000000000000000   10
355.40000000000000000000   9
355.50000000000000000000   9
355.60000000000000000000   11
355.70000000000000000000   10
355.80000000000000000000   10
355.90000000000000000000   12
356.00000000000000000000   9
356.10000000000000000000   12
356.20000000000000000000   12
356.30000000000000000000   8
356.40000000000000000000   9
356.50000000000000000000   11
356.60000000000000000000   12
356.70000000000000000000   12
356.80000000000000000000   12
356.90000000000000000000   9
357.00000000000000000000   9
357.10000000000000000000   9
357.20000000000000000000   9
357.30000000000000000000   8
357.40000000000000000000   10
357.50000000000000000000   9
357.60000000000000000000   9
357.70000000000000000000   9
357.80000000000000000000   7
357.90000000000000000000   11
358.00000000000000000000   9
358.10000000000000000000   11
358.20000000000000000000   9
358.30000000000000000000   9
358.40000000000000000000   9
358.50000000000000000000   9
358.60000000000000000000   10
358.70000000000000000000   10
358.80000000000000000000   10
358.90000000000000000000   6
359.00000000000000000000   9
359.10000000000000000000   9
359.20000000000000000000   12
359.30000000000000000000   10
359.40000000000000000000   9
359.50000000000000000000   9
359.60000000000000000000   11
359.70000000000000000000   14
359.80000000000000000000   13
359.90000000000000000000   11
360.00000000000000000000   10
360.10000000000000000000   13
360.20000000000000000000   15
360.30000000000000000000   12
360.40000000000000000000   10
360.50000000000000000000   10
360.60000000000000000000   11
360.70000000000000000000   7
360.80000000000000000000   13
360.90000000000000000000   6
361.00000000000000000000   6
361.10000000000000000000   6
361.20000000000000000000   5
361.30000000000000000000   4
361.40000000000000000000   6
361.50000000000000000000   3
361.60000000000000000000   6
361.70000000000000000000   7
361.80000000000000000000   11
361.90000000000000000000   11
362.00000000000000000000   15
362.10000000000000000000   16
362.20000000000000000000   15
362.30000000000000000000   17
362.40000000000000000000   14
362.50000000000000000000   17
362.60000000000000000000   19
362.70000000000000000000   19
362.80000000000000000000   17
362.90000000000000000000   15
363.00000000000000000000   12
363.10000000000000000000   11
363.20000000000000000000   10
363.30000000000000000000   12
363.40000000000000000000   8
363.50000000000000000000   12
363.60000000000000000000   10
363.70000000000000000000   6
363.80000000000000000000   5
363.90000000000000000000   1
364.00000000000000000000   2
364.10000000000000000000   5
364.20000000000000000000   3
364.30000000000000000000   3
364.40000000000000000000   1
364.50000000000000000000   6
364.60000000000000000000   2
364.70000000000000000000   8
364.80000000000000000000   6
364.90000000000000000000   7
365.00000000000000000000   10
365.10000000000000000000   13
365.20000000000000000000   11
365.30000000000000000000   10
365.40000000000000000000   15
365.50000000000000000000   14
365.60000000000000000000   18
365.70000000000000000000   17
365.80000000000000000000   17
365.90000000000000000000   15
366.00000000000000000000   16
366.10000000000000000000   17
366.20000000000000000000   9
366.30000000000000000000   19
366.40000000000000000000   11
366.50000000000000000000   16
366.60000000000000000000   12
366.70000000000000000000   8
366.80000000000000000000   6
366.90000000000000000000   11
367.00000000000000000000   7
367.10000000000000000000   7
367.20000000000000000000   6
367.30000000000000000000   15
367.40000000000000000000   14
367.50000000000000000000   7
367.60000000000000000000   9
367.70000000000000000000   11
367.80000000000000000000   8
367.90000000000000000000   10
368.00000000000000000000   14
368.10000000000000000000   13
368.20000000000000000000   13
368.30000000000000000000   10
368.40000000000000000000   14
368.50000000000000000000   10
368.60000000000000000000   15
368.70000000000000000000   15
368.80000000000000000000   8
368.90000000000000000000   16
369.00000000000000000000   11
369.10000000000000000000   15
369.20000000000000000000   13
369.30000000000000000000   10
369.40000000000000000000   9
369.50000000000000000000   13
369.60000000000000000000   13
369.70000000000000000000   13
369.80000000000000000000   16
369.90000000000000000000   14
370.00000000000000000000   12
370.10000000000000000000   13
370.20000000000000000000   9
370.30000000000000000000   11
370.40000000000000000000   11
370.50000000000000000000   9
370.60000000000000000000   8
370.70000000000000000000   9
370.80000000000000000000   11
370.90000000000000000000   11
371.00000000000000000000   9
371.10000000000000000000   3
371.20000000000000000000   7
371.30000000000000000000   5
371.40000000000000000000   4
371.50000000000000000000   4
371.60000000000000000000   2
371.70000000000000000000   4
371.80000000000000000000   5
371.90000000000000000000   4
372.00000000000000000000   7
372.10000000000000000000   5
372.20000000000000000000   4
372.30000000000000000000   2
372.40000000000000000000   1
372.50000000000000000000   4
372.60000000000000000000   2
372.70000000000000000000   3
372.80000000000000000000   2
372.90000000000000000000   2
373.00000000000000000000   1
373.10000000000000000000   6
373.20000000000000000000   5
373.30000000000000000000   3
373.40000000000000000000   3
373.50000000000000000000   4
373.60000000000000000000   4
373.70000000000000000000   5
373.80000000000000000000   5
373.90000000000000000000   1
374.00000000000000000000   2
374.10000000000000000000   3
374.20000000000000000000   3
374.30000000000000000000   3
374.40000000000000000000   3
374.50000000000000000000   3
374.60000000000000000000   2
374.70000000000000000000   2
374.80000000000000000000   4
374.90000000000000000000   4
375.00000000000000000000   5
375.10000000000000000000   3
375.20000000000000000000   3
375.30000000000000000000   2
375.40000000000000000000   6
375.50000000000000000000   5
375.60000000000000000000   5
375.70000000000000000000   9
375.80000000000000000000   8
375.90000000000000000000   8
376.00000000000000000000   8
376.10000000000000000000   9
376.20000000000000000000   9
376.30000000000000000000   8
376.40000000000000000000   9
376.50000000000000000000   11
376.60000000000000000000   9
376.70000000000000000000   9
376.80000000000000000000   10
376.90000000000000000000   8
377.00000000000000000000   10
377.10000000000000000000   11
377.20000000000000000000   9
377.30000000000000000000   6
377.40000000000000000000   7
377.50000000000000000000   9
377.60000000000000000000   9
377.70000000000000000000   8
377.80000000000000000000   10
377.90000000000000000000   8
378.00000000000000000000   7
378.10000000000000000000   7
378.20000000000000000000   10
378.30000000000000000000   9
378.40000000000000000000   6
378.50000000000000000000   9
378.60000000000000000000   7
378.70000000000000000000   5
378.80000000000000000000   5
378.90000000000000000000   6
379.00000000000000000000   8
379.10000000000000000000   4
379.20000000000000000000   2
379.30000000000000000000   5
379.40000000000000000000   3
379.50000000000000000000   4
379.60000000000000000000   4
379.70000000000000000000   4
379.80000000000000000000   3
379.90000000000000000000   4
380.00000000000000000000   6
380.10000000000000000000   5
380.20000000000000000000   4
380.30000000000000000000   3
380.40000000000000000000   5
380.50000000000000000000   4
380.60000000000000000000   5
380.70000000000000000000   5
380.80000000000000000000   5
380.90000000000000000000   7
381.00000000000000000000   6
381.10000000000000000000   6
381.20000000000000000000   4
381.30000000000000000000   3
381.40000000000000000000   9
381.50000000000000000000   8
381.60000000000000000000   11
381.70000000000000000000   10
381.80000000000000000000   9
381.90000000000000000000   8
382.00000000000000000000   9
382.10000000000000000000   8
382.20000000000000000000   7
382.30000000000000000000   8
382.40000000000000000000   8
382.50000000000000000000   11
382.60000000000000000000   8
382.70000000000000000000   7
382.80000000000000000000   7
382.90000000000000000000   8
383.00000000000000000000   7
383.10000000000000000000   8
383.20000000000000000000   8
383.30000000000000000000   7
383.40000000000000000000   8
383.50000000000000000000   7
383.60000000000000000000   7
383.70000000000000000000   8
383.80000000000000000000   7
383.90000000000000000000   8
384.00000000000000000000   7
384.10000000000000000000   7
384.20000000000000000000   8
384.30000000000000000000   8
384.40000000000000000000   8
384.50000000000000000000   9
384.60000000000000000000   8
384.70000000000000000000   7
384.80000000000000000000   7
384.90000000000000000000   6
385.00000000000000000000   7
385.10000000000000000000   8
385.20000000000000000000   10
385.30000000000000000000   7
385.40000000000000000000   7
385.50000000000000000000   7
385.60000000000000000000   7
385.70000000000000000000   6
385.80000000000000000000   3
385.90000000000000000000   5
386.00000000000000000000   4
386.10000000000000000000   5
386.20000000000000000000   5
386.30000000000000000000   7
386.40000000000000000000   7
386.50000000000000000000   6
386.60000000000000000000   3
386.70000000000000000000   10
386.80000000000000000000   13
386.90000000000000000000   9
387.00000000000000000000   7
387.10000000000000000000   11
387.20000000000000000000   8
387.30000000000000000000   9
387.40000000000000000000   12
387.50000000000000000000   8
387.60000000000000000000   8
387.70000000000000000000   5
387.80000000000000000000   11
387.90000000000000000000   8
388.00000000000000000000   10
388.10000000000000000000   10
388.20000000000000000000   8
388.30000000000000000000   7
388.40000000000000000000   9
388.50000000000000000000   10
388.60000000000000000000   8
388.70000000000000000000   9
388.80000000000000000000   8
388.90000000000000000000   8
389.00000000000000000000   8
389.10000000000000000000   5
389.20000000000000000000   8
389.30000000000000000000   5
389.40000000000000000000   6
389.50000000000000000000   7
389.60000000000000000000   9
389.70000000000000000000   7
389.80000000000000000000   6
389.90000000000000000000   5
390.00000000000000000000   6
390.10000000000000000000   6
390.20000000000000000000   6
390.30000000000000000000   7
390.40000000000000000000   7
390.50000000000000000000   9
390.60000000000000000000   6
390.70000000000000000000   4
390.80000000000000000000   4
390.90000000000000000000   7
391.00000000000000000000   3
391.10000000000000000000   9
391.20000000000000000000   5
391.30000000000000000000   6
391.40000000000000000000   15
391.50000000000000000000   11
391.60000000000000000000   11
391.70000000000000000000   11
391.80000000000000000000   10
391.90000000000000000000   12
392.00000000000000000000   9
392.10000000000000000000   9
392.20000000000000000000   6
392.30000000000000000000   6
392.40000000000000000000   6
392.50000000000000000000   6
392.60000000000000000000   5
392.70000000000000000000   4
392.80000000000000000000   3
392.90000000000000000000   3
393.00000000000000000000   3
393.10000000000000000000   3
393.20000000000000000000   3
393.30000000000000000000   2
393.40000000000000000000   4
393.50000000000000000000   2
393.60000000000000000000   3
393.70000000000000000000   5
393.80000000000000000000   3
393.90000000000000000000   5
394.00000000000000000000   2
394.10000000000000000000   3
394.20000000000000000000   3
394.30000000000000000000   2
394.40000000000000000000   5
394.50000000000000000000   7
394.60000000000000000000   8
394.70000000000000000000   6
394.80000000000000000000   4
394.90000000000000000000   11
395.00000000000000000000   9
395.10000000000000000000   9
395.20000000000000000000   9
395.30000000000000000000   9
395.40000000000000000000   9
395.50000000000000000000   9
395.60000000000000000000   12
395.70000000000000000000   1
395.80000000000000000000   2
395.90000000000000000000   7
396.00000000000000000000   5
396.10000000000000000000   7
396.20000000000000000000   8
396.30000000000000000000   6
396.40000000000000000000   10
396.50000000000000000000   9
396.60000000000000000000   10
396.70000000000000000000   8
396.80000000000000000000   10
396.90000000000000000000   10
397.00000000000000000000   9
397.10000000000000000000   13
397.20000000000000000000   9
397.30000000000000000000   9
397.40000000000000000000   8
397.50000000000000000000   10
397.60000000000000000000   9
397.70000000000000000000   12
397.80000000000000000000   11
397.90000000000000000000   12
398.00000000000000000000   10
398.10000000000000000000   11
398.20000000000000000000   12
398.30000000000000000000   10
398.40000000000000000000   10
398.50000000000000000000   12
398.60000000000000000000   11
398.70000000000000000000   12
398.80000000000000000000   10
398.90000000000000000000   10
399.00000000000000000000   10
399.10000000000000000000   10
399.20000000000000000000   10
399.30000000000000000000   10
399.40000000000000000000   10
399.50000000000000000000   10
399.60000000000000000000   10
399.70000000000000000000   10
