200.00000000000000000000   10
200.10000000000000000000   5
200.20000000000000000000   8
200.30000000000000000000   8
200.40000000000000000000   7
200.50000000000000000000   4
200.60000000000000000000   8
200.70000000000000000000   4
200.80000000000000000000   7
200.90000000000000000000   7
201.00000000000000000000   4
201.10000000000000000000   5
201.20000000000000000000   4
201.30000000000000000000   3
201.40000000000000000000   8
201.50000000000000000000   9
201.60000000000000000000   7
201.70000000000000000000   7
201.80000000000000000000   7
201.90000000000000000000   6
202.00000000000000000000   12
202.10000000000000000000   11
202.20000000000000000000   10
202.30000000000000000000   12
202.40000000000000000000   10
202.50000000000000000000   9
202.60000000000000000000   9
202.70000000000000000000   12
202.80000000000000000000   12
202.90000000000000000000   10
203.00000000000000000000   12
203.10000000000000000000   10
203.20000000000000000000   13
203.30000000000000000000   12
203.40000000000000000000   9
203.50000000000000000000   4
203.60000000000000000000   5
203.70000000000000000000   9
203.80000000000000000000   4
203.90000000000000000000   3
204.00000000000000000000   3
204.10000000000000000000   6
204.20000000000000000000   9
204.30000000000000000000   2
204.40000000000000000000   2
204.50000000000000000000   2
204.60000000000000000000   2
204.70000000000000000000   4
204.80000000000000000000   2
204.90000000000000000000   1
205.00000000000000000000   4
205.10000000000000000000   1
205.20000000000000000000   3
205.30000000000000000000   7
205.40000000000000000000   5
205.50000000000000000000   3
205.60000000000000000000   6
205.70000000000000000000   6
205.80000000000000000000   3
205.90000000000000000000   5
206.00000000000000000000   11
206.10000000000000000000   8
206.20000000000000000000   6
206.30000000000000000000   11
206.40000000000000000000   9
206.50000000000000000000   8
206.60000000000000000000   8
206.70000000000000000000   5
206.80000000000000000000   6
206.90000000000000000000   7
207.00000000000000000000   7
207.10000000000000000000   7
207.20000000000000000000   9
207.30000000000000000000   6
207.40000000000000000000   6
207.50000000000000000000   4
207.60000000000000000000   5
207.70000000000000000000   3
207.80000000000000000000   7
207.90000000000000000000   9
208.00000000000000000000   7
208.10000000000000000000   9
208.20000000000000000000   8
208.30000000000000000000   9
208.40000000000000000000   9
208.50000000000000000000   11
208.60000000000000000000   13
208.70000000000000000000   15
208.80000000000000000000   12
208.90000000000000000000   12
209.00000000000000000000   15
209.10000000000000000000   14
209.20000000000000000000   16
209.30000000000000000000   17
209.40000000000000000000   16
209.50000000000000000000   14
209.60000000000000000000   12
209.70000000000000000000   13
209.80000000000000000000   14
209.90000000000000000000   14
210.00000000000000000000   15
210.10000000000000000000   15
210.20000000000000000000   14
210.30000000000000000000   18
210.40000000000000000000   12
210.50000000000000000000   12
210.60000000000000000000   9
210.70000000000000000000   11
210.80000000000000000000   9
210.90000000000000000000   11
211.00000000000000000000   10
211.10000000000000000000   7
211.20000000000000000000   7
211.30000000000000000000   9
211.40000000000000000000   7
211.50000000000000000000   4
211.60000000000000000000   10
211.70000000000000000000   8
211.80000000000000000000   10
211.90000000000000000000   10
212.00000000000000000000   10
212.10000000000000000000   8
212.20000000000000000000   9
212.30000000000000000000   7
212.40000000000000000000   4
212.50000000000000000000   5
212.60000000000000000000   5
212.70000000000000000000   5
212.80000000000000000000   5
212.90000000000000000000   8
213.00000000000000000000   10
213.10000000000000000000   12
213.20000000000000000000   13
213.30000000000000000000   9
213.40000000000000000000   13
213.50000000000000000000   14
213.60000000000000000000   21
213.70000000000000000000   15
213.80000000000000000000   11
213.90000000000000000000   6
214.00000000000000000000   7
214.10000000000000000000   8
214.20000000000000000000   8
214.30000000000000000000   10
214.40000000000000000000   11
214.50000000000000000000   8
214.60000000000000000000   9
214.70000000000000000000   6
214.80000000000000000000   5
214.90000000000000000000   8
215.00000000000000000000   4
215.10000000000000000000   7
215.20000000000000000000   8
215.30000000000000000000   7
215.40000000000000000000   8
215.50000000000000000000   6
215.60000000000000000000   6
215.70000000000000000000   8
215.80000000000000000000   8
215.90000000000000000000   7
216.00000000000000000000   7
216.10000000000000000000   5
216.20000000000000000000   9
216.30000000000000000000   10
216.40000000000000000000   11
216.50000000000000000000   6
216.60000000000000000000   6
216.70000000000000000000   6
216.80000000000000000000   12
216.90000000000000000000   10
217.00000000000000000000   7
217.10000000000000000000   7
217.20000000000000000000   8
217.30000000000000000000   11
217.40000000000000000000   9
217.50000000000000000000   7
217.60000000000000000000   6
217.70000000000000000000   5
217.80000000000000000000   3
217.90000000000000000000   3
218.00000000000000000000   5
218.10000000000000000000   11
218.20000000000000000000   9
218.30000000000000000000   11
218.40000000000000000000   7
218.50000000000000000000   9
218.60000000000000000000   10
218.70000000000000000000   9
218.80000000000000000000   9
218.90000000000000000000   7
219.00000000000000000000   8
219.10000000000000000000   10
219.20000000000000000000   10
219.30000000000000000000   8
219.40000000000000000000   11
219.50000000000000000000   12
219.60000000000000000000   8
219.70000000000000000000   12
219.80000000000000000000   6
219.90000000000000000000   5
220.00000000000000000000   6
220.10000000000000000000   6
220.20000000000000000000   14
220.30000000000000000000   11
220.40000000000000000000   8
220.50000000000000000000   7
220.60000000000000000000   7
220.70000000000000000000   9
220.80000000000000000000   12
220.90000000000000000000   14
221.00000000000000000000   11
221.10000000000000000000   11
221.20000000000000000000   11
221.30000000000000000000   9
221.40000000000000000000   6
221.50000000000000000000   6
221.60000000000000000000   7
221.70000000000000000000   8
221.80000000000000000000   9
221.90000000000000000000   4
222.00000000000000000000   12
222.10000000000000000000   12
222.20000000000000000000   12
222.30000000000000000000   7
222.40000000000000000000   8
222.50000000000000000000   8
222.60000000000000000000   6
222.70000000000000000000   6
222.80000000000000000000   5
222.90000000000000000000   8
223.00000000000000000000   7
223.10000000000000000000   6
223.20000000000000000000   8
223.30000000000000000000   6
223.40000000000000000000   6
223.50000000000000000000   3
223.60000000000000000000   1
223.70000000000000000000   4
223.80000000000000000000   7
223.90000000000000000000   9
224.00000000000000000000   9
224.10000000000000000000   9
224.20000000000000000000   7
224.30000000000000000000   8
224.40000000000000000000   10
224.50000000000000000000   8
224.60000000000000000000   10
224.70000000000000000000   9
224.80000000000000000000   10
224.90000000000000000000   9
225.00000000000000000000   9
225.10000000000000000000   9
225.20000000000000000000   8
225.30000000000000000000   5
225.40000000000000000000   9
225.50000000000000000000   9
225.60000000000000000000   8
225.70000000000000000000   8
225.80000000000000000000   10
225.90000000000000000000   11
226.00000000000000000000   10
226.10000000000000000000   12
226.20000000000000000000   10
226.30000000000000000000   15
226.40000000000000000000   12
226.50000000000000000000   15
226.60000000000000000000   15
226.70000000000000000000   14
226.80000000000000000000   11
226.90000000000000000000   9
227.00000000000000000000   9
227.10000000000000000000   7
227.20000000000000000000   8
227.30000000000000000000   3
227.40000000000000000000   4
227.50000000000000000000   6
227.60000000000000000000   6
227.70000000000000000000   6
227.80000000000000000000   5
227.90000000000000000000   6
228.00000000000000000000   3
228.10000000000000000000   5
228.20000000000000000000   4
228.30000000000000000000   7
228.40000000000000000000   7
228.50000000000000000000   11
228.60000000000000000000   10
228.70000000000000000000   10
228.80000000000000000000   13
228.90000000000000000000   10
229.00000000000000000000   9
229.10000000000000000000   9
229.20000000000000000000   7
229.30000000000000000000   11
229.40000000000000000000   8
229.50000000000000000000   9
229.60000000000000000000   6
229.70000000000000000000   9
229.80000000000000000000   17
229.90000000000000000000   12
230.00000000000000000000   12
230.10000000000000000000   10
230.20000000000000000000   10
230.30000000000000000000   12
230.40000000000000000000   10
230.50000000000000000000   11
230.60000000000000000000   12
230.70000000000000000000   10
230.80000000000000000000   8
230.90000000000000000000   9
231.00000000000000000000   10
231.10000000000000000000   10
231.20000000000000000000   12
231.30000000000000000000   10
231.40000000000000000000   7
231.50000000000000000000   12
231.60000000000000000000   9
231.70000000000000000000   5
231.80000000000000000000   8
231.90000000000000000000   8
232.00000000000000000000   8
232.10000000000000000000   10
232.20000000000000000000   10
232.30000000000000000000   6
232.40000000000000000000   8
232.50000000000000000000   9
232.60000000000000000000   9
232.70000000000000000000   10
232.80000000000000000000   17
232.90000000000000000000   13
233.00000000000000000000   13
233.10000000000000000000   13
233.20000000000000000000   10
233.30000000000000000000   11
233.40000000000000000000   12
233.50000000000000000000   11
233.60000000000000000000   9
233.70000000000000000000   9
233.80000000000000000000   9
233.90000000000000000000   13
234.00000000000000000000   14
234.10000000000000000000   11
234.20000000000000000000   9
234.30000000000000000000   14
234.40000000000000000000   11
234.50000000000000000000   9
234.60000000000000000000   7
234.70000000000000000000   11
234.80000000000000000000   11
234.90000000000000000000   8
235.00000000000000000000   7
235.10000000000000000000   12
235.20000000000000000000   10
235.30000000000000000000   11
235.40000000000000000000   13
235.50000000000000000000   15
235.60000000000000000000   7
235.70000000000000000000   8
235.80000000000000000000   9
235.90000000000000000000   7
236.00000000000000000000   10
236.10000000000000000000   10
236.20000000000000000000   18
236.30000000000000000000   9
236.40000000000000000000   11
236.50000000000000000000   14
236.60000000000000000000   8
236.70000000000000000000   7
236.80000000000000000000   7
236.90000000000000000000   10
237.00000000000000000000   7
237.10000000000000000000   4
237.20000000000000000000   12
237.30000000000000000000   11
237.40000000000000000000   13
237.50000000000000000000   8
237.60000000000000000000   10
237.70000000000000000000   16
237.80000000000000000000   16
237.90000000000000000000   16
238.00000000000000000000   16
238.10000000000000000000   18
238.20000000000000000000   15
238.30000000000000000000   12
238.40000000000000000000   13
238.50000000000000000000   10
238.60000000000000000000   10
238.70000000000000000000   7
238.80000000000000000000   10
238.90000000000000000000   10
239.00000000000000000000   10
239.10000000000000000000   8
239.20000000000000000000   10
239.30000000000000000000   9
239.40000000000000000000   9
239.50000000000000000000   11
239.60000000000000000000   9
239.70000000000000000000   11
239.80000000000000000000   9
239.90000000000000000000   8
240.00000000000000000000   8
240.10000000000000000000   9
240.20000000000000000000   10
240.30000000000000000000   8
240.40000000000000000000   6
240.50000000000000000000   7
240.60000000000000000000   8
240.70000000000000000000   7
240.80000000000000000000   7
240.90000000000000000000   10
241.00000000000000000000   9
241.10000000000000000000   8
241.20000000000000000000   6
241.30000000000000000000   7
241.40000000000000000000   7
241.50000000000000000000   8
241.60000000000000000000   5
241.70000000000000000000   6
241.80000000000000000000   7
241.90000000000000000000   8
242.00000000000000000000   5
242.10000000000000000000   5
242.20000000000000000000   6
242.30000000000000000000   6
242.40000000000000000000   5
242.50000000000000000000   9
242.60000000000000000000   4
242.70000000000000000000   5
242.80000000000000000000   8
242.90000000000000000000   10
243.00000000000000000000   8
243.10000000000000000000   5
243.20000000000000000000   6
243.30000000000000000000   8
243.40000000000000000000   8
243.50000000000000000000   7
243.60000000000000000000   8
243.70000000000000000000   7
243.80000000000000000000   5
243.90000000000000000000   8
244.00000000000000000000   8
244.10000000000000000000   8
244.20000000000000000000   8
244.30000000000000000000   5
244.40000000000000000000   9
244.50000000000000000000   8
244.60000000000000000000   6
244.70000000000000000000   7
244.80000000000000000000   9
244.90000000000000000000   7
245.00000000000000000000   7
245.10000000000000000000   6
245.20000000000000000000   8
245.30000000000000000000   13
245.40000000000000000000   9
245.50000000000000000000   12
245.60000000000000000000   12
245.70000000000000000000   13
245.80000000000000000000   17
245.90000000000000000000   8
246.00000000000000000000   16
246.10000000000000000000   14
246.20000000000000000000   15
246.30000000000000000000   17
246.40000000000000000000   16
246.50000000000000000000   16
246.60000000000000000000   17
246.70000000000000000000   18
246.80000000000000000000   19
246.90000000000000000000   17
247.00000000000000000000   13
247.10000000000000000000   15
247.20000000000000000000   16
247.30000000000000000000   13
247.40000000000000000000   14
247.50000000000000000000   15
247.60000000000000000000   16
247.70000000000000000000   16
247.80000000000000000000   9
247.90000000000000000000   8
248.00000000000000000000   9
248.10000000000000000000   9
248.20000000000000000000   9
248.30000000000000000000   9
248.40000000000000000000   9
248.50000000000000000000   7
248.60000000000000000000   8
248.70000000000000000000   6
248.80000000000000000000   7
248.90000000000000000000   8
249.00000000000000000000   8
249.10000000000000000000   6
249.20000000000000000000   6
249.30000000000000000000   7
249.40000000000000000000   4
249.50000000000000000000   8
249.60000000000000000000   4
249.70000000000000000000   7
249.80000000000000000000   7
249.90000000000000000000   10
250.00000000000000000000   9
250.10000000000000000000   8
250.20000000000000000000   8
250.30000000000000000000   6
250.40000000000000000000   8
250.50000000000000000000   8
250.60000000000000000000   7
250.70000000000000000000   10
250.80000000000000000000   9
250.90000000000000000000   9
251.00000000000000000000   10
251.10000000000000000000   6
251.20000000000000000000   11
251.30000000000000000000   7
251.40000000000000000000   8
251.50000000000000000000   9
251.60000000000000000000   9
251.70000000000000000000   9
251.80000000000000000000   8
251.90000000000000000000   7
252.00000000000000000000   8
252.10000000000000000000   9
252.20000000000000000000   12
252.30000000000000000000   11
252.40000000000000000000   11
252.50000000000000000000   9
252.60000000000000000000   9
252.70000000000000000000   12
252.80000000000000000000   8
252.90000000000000000000   13
253.00000000000000000000   14
253.10000000000000000000   12
253.20000000000000000000   7
253.30000000000000000000   5
253.40000000000000000000   8
253.50000000000000000000   7
253.60000000000000000000   7
253.70000000000000000000   12
253.80000000000000000000   7
253.90000000000000000000   8
254.00000000000000000000   8
254.10000000000000000000   12
254.20000000000000000000   15
254.30000000000000000000   14
254.40000000000000000000   14
254.50000000000000000000   10
254.60000000000000000000   8
254.70000000000000000000   8
254.80000000000000000000   9
254.90000000000000000000   9
255.00000000000000000000   11
255.10000000000000000000   9
255.20000000000000000000   7
255.30000000000000000000   12
255.40000000000000000000   10
255.50000000000000000000   13
255.60000000000000000000   8
255.70000000000000000000   10
255.80000000000000000000   10
255.90000000000000000000   12
256.00000000000000000000   8
256.10000000000000000000   5
256.20000000000000000000   10
256.30000000000000000000   12
256.40000000000000000000   7
256.50000000000000000000   10
256.60000000000000000000   10
256.70000000000000000000   10
256.80000000000000000000   8
256.90000000000000000000   11
257.00000000000000000000   11
257.10000000000000000000   11
257.20000000000000000000   10
257.30000000000000000000   10
257.40000000000000000000   11
257.50000000000000000000   11
257.60000000000000000000   10
257.70000000000000000000   8
257.80000000000000000000   12
257.90000000000000000000   11
258.00000000000000000000   11
258.10000000000000000000   6
258.20000000000000000000   8
258.30000000000000000000   9
258.40000000000000000000   9
258.50000000000000000000   7
258.60000000000000000000   10
258.70000000000000000000   7
258.80000000000000000000   6
258.90000000000000000000   11
259.00000000000000000000   7
259.10000000000000000000   8
259.20000000000000000000   9
259.30000000000000000000   9
259.40000000000000000000   5
259.50000000000000000000   15
259.60000000000000000000   10
259.70000000000000000000   9
259.80000000000000000000   9
259.90000000000000000000   14
260.00000000000000000000   13
260.10000000000000000000   11
260.20000000000000000000   14
260.30000000000000000000   14
260.40000000000000000000   12
260.50000000000000000000   12
260.60000000000000000000   10
260.70000000000000000000   9
260.80000000000000000000   6
260.90000000000000000000   7
261.00000000000000000000   8
261.10000000000000000000   13
261.20000000000000000000   10
261.30000000000000000000   10
261.40000000000000000000   13
261.50000000000000000000   11
261.60000000000000000000   12
261.70000000000000000000   13
261.80000000000000000000   13
261.90000000000000000000   11
262.00000000000000000000   6
262.10000000000000000000   9
262.20000000000000000000   6
262.30000000000000000000   4
262.40000000000000000000   4
262.50000000000000000000   3
262.60000000000000000000   3
262.70000000000000000000   2
262.80000000000000000000   7
262.90000000000000000000   9
263.00000000000000000000   7
263.10000000000000000000   8
263.20000000000000000000   10
263.30000000000000000000   9
263.40000000000000000000   9
263.50000000000000000000   10
263.60000000000000000000   7
263.70000000000000000000   8
263.80000000000000000000   10
263.90000000000000000000   9
264.00000000000000000000   6
264.10000000000000000000   8
264.20000000000000000000   7
264.30000000000000000000   6
264.40000000000000000000   9
264.50000000000000000000   8
264.60000000000000000000   8
264.70000000000000000000   9
264.80000000000000000000   9
264.90000000000000000000   10
265.00000000000000000000   7
265.10000000000000000000   9
265.20000000000000000000   7
265.30000000000000000000   7
265.40000000000000000000   9
265.50000000000000000000   6
265.60000000000000000000   5
265.70000000000000000000   5
265.80000000000000000000   5
265.90000000000000000000   4
266.00000000000000000000   4
266.10000000000000000000   6
266.20000000000000000000   4
266.30000000000000000000   11
266.40000000000000000000   9
266.50000000000000000000   13
266.60000000000000000000   11
266.70000000000000000000   13
266.80000000000000000000   16
266.90000000000000000000   14
267.00000000000000000000   13
267.10000000000000000000   9
267.20000000000000000000   19
267.30000000000000000000   17
267.40000000000000000000   17
267.50000000000000000000   16
267.60000000000000000000   14
267.70000000000000000000   19
267.80000000000000000000   15
267.90000000000000000000   18
268.00000000000000000000   20
268.10000000000000000000   17
268.20000000000000000000   15
268.30000000000000000000   14
268.40000000000000000000   12
268.50000000000000000000   12
268.60000000000000000000   10
268.70000000000000000000   13
268.80000000000000000000   13
268.90000000000000000000   13
269.00000000000000000000   8
269.10000000000000000000   8
269.20000000000000000000   10
269.30000000000000000000   13
269.40000000000000000000   7
269.50000000000000000000   10
269.60000000000000000000   4
269.70000000000000000000   12
269.80000000000000000000   10
269.90000000000000000000   10
270.00000000000000000000   12
270.10000000000000000000   11
270.20000000000000000000   9
270.30000000000000000000   13
270.40000000000000000000   14
270.50000000000000000000   10
270.60000000000000000000   12
270.70000000000000000000   14
270.80000000000000000000   8
270.90000000000000000000   7
271.00000000000000000000   13
271.10000000000000000000   10
271.20000000000000000000   11
271.30000000000000000000   9
271.40000000000000000000   7
271.50000000000000000000   11
271.60000000000000000000   7
271.70000000000000000000   10
271.80000000000000000000   7
271.90000000000000000000   10
272.00000000000000000000   8
272.10000000000000000000   8
272.20000000000000000000   9
272.30000000000000000000   10
272.40000000000000000000   6
272.50000000000000000000   8
272.60000000000000000000   9
272.70000000000000000000   8
272.80000000000000000000   9
272.90000000000000000000   13
273.00000000000000000000   11
273.10000000000000000000   9
273.20000000000000000000   9
273.30000000000000000000   9
273.40000000000000000000   8
273.50000000000000000000   9
273.60000000000000000000   10
273.70000000000000000000   9
273.80000000000000000000   10
273.90000000000000000000   11
274.00000000000000000000   11
274.10000000000000000000   10
274.20000000000000000000   11
274.30000000000000000000   12
274.40000000000000000000   12
274.50000000000000000000   13
274.60000000000000000000   10
274.70000000000000000000   13
274.80000000000000000000   10
274.90000000000000000000   10
275.00000000000000000000   12
275.10000000000000000000   11
275.20000000000000000000   10
275.30000000000000000000   10
275.40000000000000000000   12
275.50000000000000000000   13
275.60000000000000000000   12
275.70000000000000000000   9
275.80000000000000000000   8
275.90000000000000000000   8
276.00000000000000000000   8
276.10000000000000000000   8
276.20000000000000000000   8
276.30000000000000000000   10
276.40000000000000000000   9
276.50000000000000000000   6
276.60000000000000000000   8
276.70000000000000000000   3
276.80000000000000000000   6
276.90000000000000000000   3
277.00000000000000000000   6
277.10000000000000000000   6
277.20000000000000000000   11
277.30000000000000000000   10
277.40000000000000000000   8
277.50000000000000000000   13
277.60000000000000000000   9
277.70000000000000000000   9
277.80000000000000000000   10
277.90000000000000000000   13
278.00000000000000000000   11
278.10000000000000000000   8
278.20000000000000000000   10
278.30000000000000000000   9
278.40000000000000000000   9
278.50000000000000000000   14
278.60000000000000000000   10
278.70000000000000000000   10
278.80000000000000000000   10
278.90000000000000000000   5
279.00000000000000000000   8
279.10000000000000000000   10
279.20000000000000000000   12
279.30000000000000000000   12
279.40000000000000000000   11
279.50000000000000000000   16
279.60000000000000000000   13
279.70000000000000000000   12
279.80000000000000000000   10
279.90000000000000000000   14
280.00000000000000000000   10
280.10000000000000000000   10
280.20000000000000000000   12
280.30000000000000000000   9
280.40000000000000000000   12
280.50000000000000000000   15
280.60000000000000000000   13
280.70000000000000000000   14
280.80000000000000000000   8
280.90000000000000000000   8
281.00000000000000000000   12
281.10000000000000000000   14
281.20000000000000000000   12
281.30000000000000000000   9
281.40000000000000000000   10
281.50000000000000000000   8
281.60000000000000000000   9
281.70000000000000000000   7
281.80000000000000000000   9
281.90000000000000000000   10
282.00000000000000000000   7
282.10000000000000000000   8
282.20000000000000000000   7
282.30000000000000000000   9
282.40000000000000000000   11
282.50000000000000000000   12
282.60000000000000000000   14
282.70000000000000000000   13
282.80000000000000000000   12
282.90000000000000000000   14
283.00000000000000000000   16
283.10000000000000000000   14
283.20000000000000000000   16
283.30000000000000000000   12
283.40000000000000000000   14
283.50000000000000000000   15
283.60000000000000000000   15
283.70000000000000000000   13
283.80000000000000000000   10
283.90000000000000000000   13
284.00000000000000000000   15
284.10000000000000000000   12
284.20000000000000000000   15
284.30000000000000000000   14
284.40000000000000000000   12
284.50000000000000000000   12
284.60000000000000000000   15
284.70000000000000000000   10
284.80000000000000000000   13
284.90000000000000000000   11
285.00000000000000000000   15
285.10000000000000000000   17
285.20000000000000000000   10
285.30000000000000000000   12
285.40000000000000000000   14
285.50000000000000000000   15
285.60000000000000000000   13
285.70000000000000000000   13
285.80000000000000000000   12
285.90000000000000000000   9
286.00000000000000000000   15
286.10000000000000000000   14
286.20000000000000000000   10
286.30000000000000000000   12
286.40000000000000000000   14
286.50000000000000000000   15
286.60000000000000000000   13
286.70000000000000000000   13
286.80000000000000000000   15
286.90000000000000000000   20
287.00000000000000000000   20
287.10000000000000000000   18
287.20000000000000000000   16
287.30000000000000000000   15
287.40000000000000000000   15
287.50000000000000000000   10
287.60000000000000000000   6
287.70000000000000000000   7
287.80000000000000000000   8
287.90000000000000000000   9
288.00000000000000000000   12
288.10000000000000000000   12
288.20000000000000000000   13
288.30000000000000000000   14
288.40000000000000000000   10
288.50000000000000000000   6
288.60000000000000000000   9
288.70000000000000000000   13
288.80000000000000000000   12
288.90000000000000000000   14
289.00000000000000000000   11
289.10000000000000000000   15
289.20000000000000000000   12
289.30000000000000000000   13
289.40000000000000000000   17
289.50000000000000000000   12
289.60000000000000000000   17
289.70000000000000000000   14
289.80000000000000000000   13
289.90000000000000000000   17
290.00000000000000000000   14
290.10000000000000000000   17
290.20000000000000000000   17
290.30000000000000000000   19
290.40000000000000000000   17
290.50000000000000000000   18
290.60000000000000000000   18
290.70000000000000000000   18
290.80000000000000000000   19
290.90000000000000000000   19
291.00000000000000000000   18
291.10000000000000000000   16
291.20000000000000000000   18
291.30000000000000000000   18
291.40000000000000000000   14
291.50000000000000000000   12
291.60000000000000000000   14
291.70000000000000000000   13
291.80000000000000000000   14
291.90000000000000000000   14
292.00000000000000000000   10
292.10000000000000000000   11
292.20000000000000000000   13
292.30000000000000000000   11
292.40000000000000000000   12
292.50000000000000000000   12
292.60000000000000000000   8
292.70000000000000000000   9
292.80000000000000000000   12
292.90000000000000000000   7
293.00000000000000000000   8
293.10000000000000000000   13
293.20000000000000000000   11
293.30000000000000000000   12
293.40000000000000000000   8
293.50000000000000000000   9
293.60000000000000000000   10
293.70000000000000000000   9
293.80000000000000000000   11
293.90000000000000000000   12
294.00000000000000000000   11
294.10000000000000000000   20
294.20000000000000000000   14
294.30000000000000000000   19
294.40000000000000000000   20
294.50000000000000000000   19
294.60000000000000000000   20
294.70000000000000000000   16
294.80000000000000000000   13
294.90000000000000000000   16
295.00000000000000000000   11
295.10000000000000000000   14
295.20000000000000000000   13
295.30000000000000000000   9
295.40000000000000000000   7
295.50000000000000000000   6
295.60000000000000000000   9
295.70000000000000000000   8
295.80000000000000000000   6
295.90000000000000000000   11
296.00000000000000000000   13
296.10000000000000000000   10
296.20000000000000000000   9
296.30000000000000000000   10
296.40000000000000000000   11
296.50000000000000000000   6
296.60000000000000000000   8
296.70000000000000000000   13
296.80000000000000000000   6
296.90000000000000000000   7
297.00000000000000000000   9
297.10000000000000000000   12
297.20000000000000000000   8
297.30000000000000000000   4
297.40000000000000000000   5
297.50000000000000000000   7
297.60000000000000000000   7
297.70000000000000000000   8
297.80000000000000000000   7
297.90000000000000000000   11
298.00000000000000000000   13
298.10000000000000000000   12
298.20000000000000000000   11
298.30000000000000000000   8
298.40000000000000000000   6
298.50000000000000000000   6
298.60000000000000000000   5
298.70000000000000000000   6
298.80000000000000000000   6
298.90000000000000000000   6
299.00000000000000000000   5
299.10000000000000000000   6
299.20000000000000000000   6
299.30000000000000000000   9
299.40000000000000000000   8
299.50000000000000000000   8
299.60000000000000000000   7
299.70000000000000000000   10
299.80000000000000000000   5
299.90000000000000000000   3
300.00000000000000000000   6
300.10000000000000000000   7
300.20000000000000000000   7
300.30000000000000000000   9
300.40000000000000000000   5
300.50000000000000000000   3
300.60000000000000000000   2
300.70000000000000000000   4
300.80000000000000000000   3
300.90000000000000000000   3
301.00000000000000000000   6
301.10000000000000000000   5
301.20000000000000000000   4
301.30000000000000000000   2
301.40000000000000000000   6
301.50000000000000000000   4
301.60000000000000000000   6
301.70000000000000000000   7
301.80000000000000000000   7
301.90000000000000000000   10
302.00000000000000000000   9
302.10000000000000000000   9
302.20000000000000000000   15
302.30000000000000000000   11
302.40000000000000000000   10
302.50000000000000000000   12
302.60000000000000000000   11
302.70000000000000000000   13
302.80000000000000000000   12
302.90000000000000000000   11
303.00000000000000000000   12
303.10000000000000000000   5
303.20000000000000000000   6
303.30000000000000000000   5
303.40000000000000000000   9
303.50000000000000000000   8
303.60000000000000000000   8
303.70000000000000000000   8
303.80000000000000000000   9
303.90000000000000000000   9
304.00000000000000000000   9
304.10000000000000000000   9
304.20000000000000000000   8
304.30000000000000000000   8
304.40000000000000000000   10
304.50000000000000000000   10
304.60000000000000000000   8
304.70000000000000000000   9
304.80000000000000000000   7
304.90000000000000000000   13
305.00000000000000000000   9
305.10000000000000000000   15
305.20000000000000000000   15
305.30000000000000000000   12
305.40000000000000000000   10
305.50000000000000000000   13
305.60000000000000000000   10
305.70000000000000000000   12
305.80000000000000000000   10
305.90000000000000000000   16
306.00000000000000000000   10
306.10000000000000000000   12
306.20000000000000000000   11
306.30000000000000000000   10
306.40000000000000000000   14
306.50000000000000000000   15
306.60000000000000000000   16
306.70000000000000000000   12
306.80000000000000000000   10
306.90000000000000000000   14
307.00000000000000000000   8
307.10000000000000000000   13
307.20000000000000000000   11
307.30000000000000000000   14
307.40000000000000000000   19
307.50000000000000000000   16
307.60000000000000000000   16
307.70000000000000000000   11
307.80000000000000000000   12
307.90000000000000000000   13
308.00000000000000000000   13
308.10000000000000000000   17
308.20000000000000000000   14
308.30000000000000000000   14
308.40000000000000000000   17
308.50000000000000000000   15
308.60000000000000000000   15
308.70000000000000000000   13
308.80000000000000000000   10
308.90000000000000000000   12
309.00000000000000000000   6
309.10000000000000000000   9
309.20000000000000000000   4
309.30000000000000000000   5
309.40000000000000000000   6
309.50000000000000000000   5
309.60000000000000000000   4
309.70000000000000000000   1
309.80000000000000000000   1
309.90000000000000000000   4
310.00000000000000000000   8
310.10000000000000000000   6
310.20000000000000000000   8
310.30000000000000000000   9
310.40000000000000000000   6
310.50000000000000000000   6
310.60000000000000000000   6
310.70000000000000000000   5
310.80000000000000000000   7
310.90000000000000000000   7
311.00000000000000000000   8
311.10000000000000000000   9
311.20000000000000000000   7
311.30000000000000000000   7
311.40000000000000000000   6
311.50000000000000000000   8
311.60000000000000000000   6
311.70000000000000000000   10
311.80000000000000000000   9
311.90000000000000000000   11
312.00000000000000000000   9
312.10000000000000000000   7
312.20000000000000000000   8
312.30000000000000000000   9
312.40000000000000000000   8
312.50000000000000000000   8
312.60000000000000000000   8
312.70000000000000000000   5
312.80000000000000000000   8
312.90000000000000000000   7
313.00000000000000000000   11
313.10000000000000000000   9
313.20000000000000000000   8
313.30000000000000000000   9
313.40000000000000000000   5
313.50000000000000000000   6
313.60000000000000000000   6
313.70000000000000000000   7
313.80000000000000000000   7
313.90000000000000000000   6
314.00000000000000000000   7
314.10000000000000000000   5
314.20000000000000000000   6
314.30000000000000000000   8
314.40000000000000000000   7
314.50000000000000000000   6
314.60000000000000000000   4
314.70000000000000000000   5
314.80000000000000000000   8
314.90000000000000000000   5
315.00000000000000000000   5
315.10000000000000000000   7
315.20000000000000000000   4
315.30000000000000000000   4
315.40000000000000000000   5
315.50000000000000000000   5
315.60000000000000000000   5
315.70000000000000000000   8
315.80000000000000000000   3
315.90000000000000000000   5
316.00000000000000000000   4
316.10000000000000000000   7
316.20000000000000000000   10
316.30000000000000000000   9
316.40000000000000000000   6
316.50000000000000000000   8
316.60000000000000000000   11
316.70000000000000000000   11
316.80000000000000000000   13
316.90000000000000000000   12
317.00000000000000000000   10
317.10000000000000000000   7
317.20000000000000000000   8
317.30000000000000000000   8
317.40000000000000000000   14
317.50000000000000000000   13
317.60000000000000000000   11
317.70000000000000000000   8
317.80000000000000000000   13
317.90000000000000000000   12
318.00000000000000000000   18
318.10000000000000000000   8
318.20000000000000000000   11
318.30000000000000000000   9
318.40000000000000000000   10
318.50000000000000000000   14
318.60000000000000000000   13
318.70000000000000000000   8
318.80000000000000000000   10
318.90000000000000000000   12
319.00000000000000000000   11
319.10000000000000000000   16
319.20000000000000000000   13
319.30000000000000000000   12
319.40000000000000000000   13
319.50000000000000000000   11
319.60000000000000000000   15
319.70000000000000000000   8
319.80000000000000000000   10
319.90000000000000000000   13
320.00000000000000000000   12
320.10000000000000000000   13
320.20000000000000000000   12
320.30000000000000000000   10
320.40000000000000000000   13
320.50000000000000000000   10
320.60000000000000000000   10
320.70000000000000000000   11
320.80000000000000000000   9
320.90000000000000000000   11
321.00000000000000000000   10
321.10000000000000000000   11
321.20000000000000000000   9
321.30000000000000000000   11
321.40000000000000000000   11
321.50000000000000000000   9
321.60000000000000000000   6
321.70000000000000000000   8
321.80000000000000000000   10
321.90000000000000000000   9
322.00000000000000000000   9
322.10000000000000000000   13
322.20000000000000000000   8
322.30000000000000000000   7
322.40000000000000000000   13
322.50000000000000000000   10
322.60000000000000000000   10
322.70000000000000000000   14
322.80000000000000000000   5
322.90000000000000000000   14
323.00000000000000000000   16
323.10000000000000000000   14
323.20000000000000000000   16
323.30000000000000000000   17
323.40000000000000000000   16
323.50000000000000000000   19
323.60000000000000000000   13
323.70000000000000000000   15
323.80000000000000000000   16
323.90000000000000000000   13
324.00000000000000000000   15
324.10000000000000000000   16
324.20000000000000000000   18
324.30000000000000000000   15
324.40000000000000000000   17
324.50000000000000000000   17
324.60000000000000000000   11
324.70000000000000000000   13
324.80000000000000000000   15
324.90000000000000000000   15
325.00000000000000000000   18
325.10000000000000000000   18
325.20000000000000000000   17
325.30000000000000000000   15
325.40000000000000000000   14
325.50000000000000000000   14
325.60000000000000000000   14
325.70000000000000000000   14
325.80000000000000000000   14
325.90000000000000000000   15
326.00000000000000000000   16
326.10000000000000000000   16
326.20000000000000000000   16
326.30000000000000000000   13
326.40000000000000000000   12
326.50000000000000000000   13
326.60000000000000000000   13
326.70000000000000000000   16
326.80000000000000000000   12
326.90000000000000000000   12
327.00000000000000000000   14
327.10000000000000000000   8
327.20000000000000000000   10
327.30000000000000000000   10
327.40000000000000000000   11
327.50000000000000000000   6
327.60000000000000000000   10
327.70000000000000000000   7
327.80000000000000000000   11
327.90000000000000000000   10
328.00000000000000000000   9
328.10000000000000000000   11
328.20000000000000000000   9
328.30000000000000000000   10
328.40000000000000000000   12
328.50000000000000000000   13
328.60000000000000000000   11
328.70000000000000000000   9
328.80000000000000000000   11
328.90000000000000000000   8
329.00000000000000000000   9
329.10000000000000000000   11
329.20000000000000000000   8
329.30000000000000000000   10
329.40000000000000000000   9
329.50000000000000000000   6
329.60000000000000000000   7
329.70000000000000000000   8
329.80000000000000000000   10
329.90000000000000000000   8
330.00000000000000000000   17
330.10000000000000000000   10
330.20000000000000000000   12
330.30000000000000000000   14
330.40000000000000000000   19
330.50000000000000000000   17
330.60000000000000000000   18
330.70000000000000000000   16
330.80000000000000000000   15
330.90000000000000000000   14
331.00000000000000000000   15
331.10000000000000000000   13
331.20000000000000000000   16
331.30000000000000000000   19
331.40000000000000000000   14
331.50000000000000000000   15
331.60000000000000000000   15
331.70000000000000000000   15
331.80000000000000000000   17
331.90000000000000000000   19
332.00000000000000000000   18
332.10000000000000000000   20
332.20000000000000000000   13
332.30000000000000000000   19
332.40000000000000000000   16
332.50000000000000000000   16
332.60000000000000000000   12
332.70000000000000000000   17
332.80000000000000000000   21
332.90000000000000000000   20
333.00000000000000000000   17
333.10000000000000000000   14
333.20000000000000000000   14
333.30000000000000000000   15
333.40000000000000000000   18
333.50000000000000000000   15
333.60000000000000000000   14
333.70000000000000000000   18
333.80000000000000000000   16
333.90000000000000000000   17
334.00000000000000000000   18
334.10000000000000000000   18
334.20000000000000000000   21
334.30000000000000000000   20
334.40000000000000000000   18
334.50000000000000000000   19
334.60000000000000000000   18
334.70000000000000000000   16
334.80000000000000000000   15
334.90000000000000000000   16
335.00000000000000000000   15
335.10000000000000000000   16
335.20000000000000000000   16
335.30000000000000000000   16
335.40000000000000000000   16
335.50000000000000000000   12
335.60000000000000000000   13
335.70000000000000000000   13
335.80000000000000000000   14
335.90000000000000000000   13
336.00000000000000000000   12
336.10000000000000000000   13
336.20000000000000000000   15
336.30000000000000000000   13
336.40000000000000000000   13
336.50000000000000000000   14
336.60000000000000000000   15
336.70000000000000000000   18
336.80000000000000000000   21
336.90000000000000000000   19
337.00000000000000000000   18
337.10000000000000000000   19
337.20000000000000000000   13
337.30000000000000000000   19
337.40000000000000000000   20
337.50000000000000000000   22
337.60000000000000000000   20
337.70000000000000000000   19
337.80000000000000000000   20
337.90000000000000000000   19
338.00000000000000000000   18
338.10000000000000000000   18
338.20000000000000000000   19
338.30000000000000000000   17
338.40000000000000000000   18
338.50000000000000000000   20
338.60000000000000000000   19
338.70000000000000000000   16
338.80000000000000000000   17
338.90000000000000000000   17
339.00000000000000000000   20
339.10000000000000000000   20
339.20000000000000000000   16
339.30000000000000000000   15
339.40000000000000000000   19
339.50000000000000000000   16
339.60000000000000000000   24
339.70000000000000000000   19
339.80000000000000000000   14
339.90000000000000000000   17
340.00000000000000000000   15
340.10000000000000000000   17
340.20000000000000000000   17
340.30000000000000000000   18
340.40000000000000000000   16
340.50000000000000000000   19
340.60000000000000000000   17
340.70000000000000000000   18
340.80000000000000000000   15
340.90000000000000000000   15
341.00000000000000000000   20
341.10000000000000000000   16
341.20000000000000000000   13
341.30000000000000000000   13
341.40000000000000000000   15
341.50000000000000000000   20
341.60000000000000000000   15
341.70000000000000000000   21
341.80000000000000000000   21
341.90000000000000000000   15
342.00000000000000000000   15
342.10000000000000000000   16
342.20000000000000000000   15
342.30000000000000000000   18
342.40000000000000000000   15
342.50000000000000000000   18
342.60000000000000000000   17
342.70000000000000000000   22
342.80000000000000000000   21
342.90000000000000000000   21
343.00000000000000000000   17
343.10000000000000000000   22
343.20000000000000000000   18
343.30000000000000000000   19
343.40000000000000000000   18
343.50000000000000000000   18
343.60000000000000000000   17
343.70000000000000000000   16
343.80000000000000000000   17
343.90000000000000000000   14
344.00000000000000000000   12
344.10000000000000000000   14
344.20000000000000000000   14
344.30000000000000000000   13
344.40000000000000000000   16
344.50000000000000000000   18
344.60000000000000000000   17
344.70000000000000000000   14
344.80000000000000000000   11
344.90000000000000000000   14
345.00000000000000000000   18
345.10000000000000000000   17
345.20000000000000000000   17
345.30000000000000000000   14
345.40000000000000000000   15
345.50000000000000000000   15
345.60000000000000000000   17
345.70000000000000000000   19
345.80000000000000000000   16
345.90000000000000000000   13
346.00000000000000000000   17
346.10000000000000000000   20
346.20000000000000000000   16
346.30000000000000000000   20
346.40000000000000000000   22
346.50000000000000000000   19
346.60000000000000000000   23
346.70000000000000000000   21
346.80000000000000000000   20
346.90000000000000000000   19
347.00000000000000000000   22
347.10000000000000000000   19
347.20000000000000000000   15
347.30000000000000000000   15
347.40000000000000000000   17
347.50000000000000000000   14
347.60000000000000000000   12
347.70000000000000000000   14
347.80000000000000000000   17
347.90000000000000000000   16
348.00000000000000000000   12
348.10000000000000000000   13
348.20000000000000000000   17
348.30000000000000000000   13
348.40000000000000000000   9
348.50000000000000000000   9
348.60000000000000000000   12
348.70000000000000000000   11
348.80000000000000000000   11
348.90000000000000000000   11
349.00000000000000000000   10
349.10000000000000000000   11
349.20000000000000000000   11
349.30000000000000000000   11
349.40000000000000000000   12
349.50000000000000000000   11
349.60000000000000000000   11
349.70000000000000000000   10
349.80000000000000000000   11
349.90000000000000000000   16
350.00000000000000000000   15
350.10000000000000000000   13
350.20000000000000000000   14
350.30000000000000000000   13
350.40000000000000000000   12
350.50000000000000000000   12
350.60000000000000000000   17
350.70000000000000000000   12
350.80000000000000000000   8
350.90000000000000000000   12
351.00000000000000000000   11
351.10000000000000000000   14
351.20000000000000000000   13
351.30000000000000000000   16
351.40000000000000000000   16
351.50000000000000000000   13
351.60000000000000000000   18
351.70000000000000000000   14
351.80000000000000000000   14
351.90000000000000000000   10
352.00000000000000000000   9
352.10000000000000000000   10
352.20000000000000000000   14
352.30000000000000000000   9
352.40000000000000000000   14
352.50000000000000000000   9
352.60000000000000000000   13
352.70000000000000000000   10
352.80000000000000000000   13
352.90000000000000000000   13
353.00000000000000000000   12
353.10000000000000000000   11
353.20000000000000000000   15
353.30000000000000000000   10
353.40000000000000000000   11
353.50000000000000000000   13
353.60000000000000000000   10
353.70000000000000000000   10
353.80000000000000000000   11
353.90000000000000000000   10
354.00000000000000000000   14
354.10000000000000000000   11
354.20000000000000000000   10
354.30000000000000000000   14
354.40000000000000000000   17
354.50000000000000000000   12
354.60000000000000000000   11
354.70000000000000000000   14
354.80000000000000000000   13
354.90000000000000000000   13
355.00000000000000000000   11
355.10000000000000000000   11
355.20000000000000000000   11
355.30000000000000000000   9
355.40000000000000000000   8
355.50000000000000000000   12
355.60000000000000000000   11
355.70000000000000000000   8
355.80000000000000000000   13
355.90000000000000000000   17
356.00000000000000000000   12
356.10000000000000000000   12
356.20000000000000000000   13
356.30000000000000000000   10
356.40000000000000000000   11
356.50000000000000000000   14
356.60000000000000000000   12
356.70000000000000000000   14
356.80000000000000000000   12
356.90000000000000000000   12
357.00000000000000000000   13
357.10000000000000000000   11
357.20000000000000000000   12
357.30000000000000000000   9
357.40000000000000000000   14
357.50000000000000000000   12
357.60000000000000000000   12
357.70000000000000000000   15
357.80000000000000000000   15
357.90000000000000000000   15
358.00000000000000000000   15
358.10000000000000000000   12
358.20000000000000000000   11
358.30000000000000000000   12
358.40000000000000000000   10
358.50000000000000000000   10
358.60000000000000000000   10
358.70000000000000000000   10
358.80000000000000000000   9
358.90000000000000000000   12
359.00000000000000000000   10
359.10000000000000000000   11
359.20000000000000000000   11
359.30000000000000000000   10
359.40000000000000000000   11
359.50000000000000000000   12
359.60000000000000000000   10
359.70000000000000000000   8
359.80000000000000000000   10
359.90000000000000000000   9
360.00000000000000000000   12
360.10000000000000000000   13
360.20000000000000000000   12
360.30000000000000000000   14
360.40000000000000000000   14
360.50000000000000000000   15
360.60000000000000000000   13
360.70000000000000000000   11
360.80000000000000000000   9
360.90000000000000000000   6
361.00000000000000000000   7
361.10000000000000000000   9
361.20000000000000000000   12
361.30000000000000000000   13
361.40000000000000000000   12
361.50000000000000000000   12
361.60000000000000000000   15
361.70000000000000000000   15
361.80000000000000000000   13
361.90000000000000000000   15
362.00000000000000000000   15
362.10000000000000000000   13
362.20000000000000000000   12
362.30000000000000000000   12
362.40000000000000000000   15
362.50000000000000000000   11
362.60000000000000000000   14
362.70000000000000000000   7
362.80000000000000000000   11
362.90000000000000000000   10
363.00000000000000000000   14
363.10000000000000000000   13
363.20000000000000000000   12
363.30000000000000000000   16
363.40000000000000000000   12
363.50000000000000000000   15
363.60000000000000000000   8
363.70000000000000000000   25
363.80000000000000000000   19
363.90000000000000000000   13
364.00000000000000000000   12
364.10000000000000000000   5
364.20000000000000000000   8
364.30000000000000000000   10
364.40000000000000000000   9
364.50000000000000000000   8
364.60000000000000000000   11
364.70000000000000000000   7
364.80000000000000000000   7
364.90000000000000000000   7
365.00000000000000000000   5
365.10000000000000000000   7
365.20000000000000000000   8
365.30000000000000000000   10
365.40000000000000000000   12
365.50000000000000000000   11
365.60000000000000000000   14
365.70000000000000000000   15
365.80000000000000000000   12
365.90000000000000000000   9
366.00000000000000000000   9
366.10000000000000000000   9
366.20000000000000000000   12
366.30000000000000000000   13
366.40000000000000000000   16
366.50000000000000000000   11
366.60000000000000000000   14
366.70000000000000000000   14
366.80000000000000000000   12
366.90000000000000000000   17
367.00000000000000000000   17
367.10000000000000000000   9
367.20000000000000000000   15
367.30000000000000000000   13
367.40000000000000000000   11
367.50000000000000000000   20
367.60000000000000000000   20
367.70000000000000000000   17
367.80000000000000000000   12
367.90000000000000000000   14
368.00000000000000000000   13
368.10000000000000000000   11
368.20000000000000000000   11
368.30000000000000000000   10
368.40000000000000000000   12
368.50000000000000000000   10
368.60000000000000000000   9
368.70000000000000000000   8
368.80000000000000000000   8
368.90000000000000000000   8
369.00000000000000000000   4
369.10000000000000000000   5
369.20000000000000000000   7
369.30000000000000000000   8
369.40000000000000000000   5
369.50000000000000000000   5
369.60000000000000000000   4
369.70000000000000000000   9
369.80000000000000000000   6
369.90000000000000000000   9
370.00000000000000000000   12
370.10000000000000000000   8
370.20000000000000000000   7
370.30000000000000000000   10
370.40000000000000000000   11
370.50000000000000000000   9
370.60000000000000000000   2
370.70000000000000000000   3
370.80000000000000000000   5
370.90000000000000000000   5
371.00000000000000000000   7
371.10000000000000000000   7
371.20000000000000000000   8
371.30000000000000000000   6
371.40000000000000000000   9
371.50000000000000000000   6
371.60000000000000000000   4
371.70000000000000000000   4
371.80000000000000000000   3
371.90000000000000000000   3
372.00000000000000000000   5
372.10000000000000000000   6
372.20000000000000000000   4
372.30000000000000000000   10
372.40000000000000000000   9
372.50000000000000000000   4
372.60000000000000000000   3
372.70000000000000000000   5
372.80000000000000000000   7
372.90000000000000000000   14
373.00000000000000000000   14
373.10000000000000000000   13
373.20000000000000000000   12
373.30000000000000000000   11
373.40000000000000000000   10
373.50000000000000000000   13
373.60000000000000000000   10
373.70000000000000000000   6
373.80000000000000000000   7
373.90000000000000000000   8
374.00000000000000000000   8
374.10000000000000000000   5
374.20000000000000000000   1
374.30000000000000000000   3
374.40000000000000000000   5
374.50000000000000000000   2
374.60000000000000000000   4
374.70000000000000000000   6
374.80000000000000000000   4
374.90000000000000000000   5
375.00000000000000000000   6
375.10000000000000000000   5
375.20000000000000000000   4
375.30000000000000000000   4
375.40000000000000000000   2
375.50000000000000000000   10
375.60000000000000000000   9
375.70000000000000000000   9
375.80000000000000000000   7
375.90000000000000000000   9
376.00000000000000000000   9
376.10000000000000000000   5
376.20000000000000000000   4
376.30000000000000000000   11
376.40000000000000000000   10
376.50000000000000000000   12
376.60000000000000000000   8
376.70000000000000000000   10
376.80000000000000000000   8
376.90000000000000000000   7
377.00000000000000000000   11
377.10000000000000000000   11
377.20000000000000000000   10
377.30000000000000000000   10
377.40000000000000000000   12
377.50000000000000000000   11
377.60000000000000000000   11
377.70000000000000000000   6
377.80000000000000000000   11
377.90000000000000000000   14
378.00000000000000000000   12
378.10000000000000000000   11
378.20000000000000000000   12
378.30000000000000000000   12
378.40000000000000000000   12
378.50000000000000000000   9
378.60000000000000000000   8
378.70000000000000000000   4
378.80000000000000000000   9
378.90000000000000000000   7
379.00000000000000000000   10
379.10000000000000000000   8
379.20000000000000000000   9
379.30000000000000000000   9
379.40000000000000000000   7
379.50000000000000000000   9
379.60000000000000000000   10
379.70000000000000000000   10
379.80000000000000000000   12
379.90000000000000000000   6
380.00000000000000000000   9
380.10000000000000000000   7
380.20000000000000000000   5
380.30000000000000000000   7
380.40000000000000000000   8
380.50000000000000000000   8
380.60000000000000000000   7
380.70000000000000000000   7
380.80000000000000000000   10
380.90000000000000000000   10
381.00000000000000000000   12
381.10000000000000000000   14
381.20000000000000000000   16
381.30000000000000000000   15
381.40000000000000000000   9
381.50000000000000000000   11
381.60000000000000000000   7
381.70000000000000000000   5
381.80000000000000000000   10
381.90000000000000000000   8
382.00000000000000000000   7
382.10000000000000000000   4
382.20000000000000000000   7
382.30000000000000000000   8
382.40000000000000000000   9
382.50000000000000000000   7
382.60000000000000000000   6
382.70000000000000000000   6
382.80000000000000000000   7
382.90000000000000000000   9
383.00000000000000000000   7
383.10000000000000000000   8
383.20000000000000000000   10
383.30000000000000000000   5
383.40000000000000000000   9
383.50000000000000000000   12
383.60000000000000000000   16
383.70000000000000000000   11
383.80000000000000000000   10
383.90000000000000000000   11
384.00000000000000000000   11
384.10000000000000000000   10
384.20000000000000000000   7
384.30000000000000000000   10
384.40000000000000000000   12
384.50000000000000000000   8
384.60000000000000000000   10
384.70000000000000000000   13
384.80000000000000000000   7
384.90000000000000000000   8
385.00000000000000000000   10
385.10000000000000000000   8
385.20000000000000000000   10
385.30000000000000000000   14
385.40000000000000000000   13
385.50000000000000000000   15
385.60000000000000000000   16
385.70000000000000000000   15
385.80000000000000000000   13
385.90000000000000000000   12
386.00000000000000000000   14
386.10000000000000000000   16
386.20000000000000000000   14
386.30000000000000000000   16
386.40000000000000000000   11
386.50000000000000000000   13
386.60000000000000000000   11
386.70000000000000000000   11
386.80000000000000000000   11
386.90000000000000000000   10
387.00000000000000000000   12
387.10000000000000000000   11
387.20000000000000000000   13
387.30000000000000000000   11
387.40000000000000000000   12
387.50000000000000000000   10
387.60000000000000000000   9
387.70000000000000000000   11
387.80000000000000000000   9
387.90000000000000000000   11
388.00000000000000000000   5
388.10000000000000000000   7
388.20000000000000000000   8
388.30000000000000000000   8
388.40000000000000000000   1
388.50000000000000000000   7
388.60000000000000000000   8
388.70000000000000000000   5
388.80000000000000000000   6
388.90000000000000000000   5
389.00000000000000000000   8
389.10000000000000000000   8
389.20000000000000000000   9
389.30000000000000000000   8
389.40000000000000000000   9
389.50000000000000000000   8
389.60000000000000000000   7
389.70000000000000000000   6
389.80000000000000000000   9
389.90000000000000000000   6
390.00000000000000000000   11
390.10000000000000000000   8
390.20000000000000000000   11
390.30000000000000000000   6
390.40000000000000000000   6
390.50000000000000000000   7
390.60000000000000000000   11
390.70000000000000000000   10
390.80000000000000000000   11
390.90000000000000000000   10
391.00000000000000000000   12
391.10000000000000000000   9
391.20000000000000000000   8
391.30000000000000000000   9
391.40000000000000000000   9
391.50000000000000000000   13
391.60000000000000000000   12
391.70000000000000000000   11
391.80000000000000000000   12
391.90000000000000000000   10
392.00000000000000000000   10
392.10000000000000000000   8
392.20000000000000000000   12
392.30000000000000000000   10
392.40000000000000000000   11
392.50000000000000000000   12
392.60000000000000000000   11
392.70000000000000000000   10
392.80000000000000000000   12
392.90000000000000000000   13
393.00000000000000000000   9
393.10000000000000000000   12
393.20000000000000000000   11
393.30000000000000000000   6
393.40000000000000000000   9
393.50000000000000000000   7
393.60000000000000000000   10
393.70000000000000000000   11
393.80000000000000000000   11
393.90000000000000000000   13
394.00000000000000000000   10
394.10000000000000000000   11
394.20000000000000000000   10
394.30000000000000000000   11
394.40000000000000000000   10
394.50000000000000000000   6
394.60000000000000000000   7
394.70000000000000000000   3
394.80000000000000000000   7
394.90000000000000000000   11
395.00000000000000000000   14
395.10000000000000000000   14
395.20000000000000000000   13
395.30000000000000000000   13
395.40000000000000000000   17
395.50000000000000000000   12
395.60000000000000000000   12
395.70000000000000000000   13
395.80000000000000000000   10
395.90000000000000000000   12
396.00000000000000000000   11
396.10000000000000000000   9
396.20000000000000000000   9
396.30000000000000000000   14
396.40000000000000000000   15
396.50000000000000000000   13
396.60000000000000000000   12
396.70000000000000000000   12
396.80000000000000000000   13
396.90000000000000000000   13
397.00000000000000000000   13
397.10000000000000000000   15
397.20000000000000000000   9
397.30000000000000000000   10
397.40000000000000000000   13
397.50000000000000000000   9
397.60000000000000000000   8
397.70000000000000000000   14
397.80000000000000000000   11
397.90000000000000000000   10
398.00000000000000000000   14
398.10000000000000000000   9
398.20000000000000000000   12
398.30000000000000000000   11
398.40000000000000000000   11
398.50000000000000000000   15
398.60000000000000000000   10
398.70000000000000000000   5
398.80000000000000000000   7
398.90000000000000000000   7
399.00000000000000000000   7
399.10000000000000000000   7
399.20000000000000000000   7
399.30000000000000000000   7
399.40000000000000000000   7
399.50000000000000000000   7
399.60000000000000000000   7
399.70000000000000000000   7
