# Total_native_contacts: 441
#Frame Native_contacts
0 328
1 327
2 312
3 325
4 320
5 325
6 321
7 312
8 311
9 306
10 318
11 307
12 304
13 304
14 296
15 307
16 303
17 302
18 295
19 305
20 300
21 301
22 298
23 303
24 301
25 312
26 304
27 310
28 307
29 303
30 308
31 310
32 305
33 308
34 306
35 305
36 299
37 302
38 304
39 308
40 310
41 305
42 312
43 313
44 314
45 316
46 312
47 315
48 309
49 312
50 307
51 317
52 311
53 313
54 316
55 308
56 313
57 303
58 309
59 309
60 308
61 298
62 300
63 301
64 297
65 301
66 299
67 294
68 302
69 292
70 300
71 291
72 304
73 303
74 292
75 301
76 294
77 301
78 286
79 303
80 294
81 295
82 294
83 289
84 296
85 291
86 300
87 296
88 297
89 299
90 297
91 301
92 298
93 290
94 303
95 307
96 308
97 294
98 307
99 310
100 299
101 304
102 304
103 302
104 305
105 304
106 299
107 294
108 303
109 309
110 308
111 303
112 303
113 298
114 302
115 305
116 314
117 311
118 318
119 306
120 307
121 309
122 307
123 303
124 310
125 302
126 296
127 310
128 306
129 314
130 301
131 295
132 313
133 311
134 305
135 299
136 312
137 304
138 312
139 304
140 301
141 307
142 309
143 303
144 301
145 295
146 291
147 294
148 296
149 303
150 295
151 296
152 296
153 300
154 304
155 305
156 291
157 296
158 295
159 298
160 292
161 296
162 298
163 288
164 301
165 287
166 294
167 283
168 290
169 282
170 284
171 291
172 283
173 283
174 286
175 290
176 288
177 288
178 285
179 290
180 285
181 282
182 295
183 294
184 292
185 291
186 290
187 299
188 291
189 291
190 289
191 284
192 280
193 293
194 296
195 292
196 292
197 293
198 286
199 290
200 303
201 293
202 288
203 292
204 289
205 289
206 297
207 286
208 293
209 301
210 291
211 304
212 298
213 302
214 305
215 291
216 299
217 297
218 299
219 309
220 299
221 305
222 306
223 302
224 306
225 303
226 308
227 305
228 295
229 299
230 300
231 293
232 296
233 297
234 300
235 300
236 304
237 302
238 309
239 304
240 296
241 304
242 297
243 297
244 296
245 295
246 304
247 300
248 298
249 312
250 308
251 304
252 302
253 306
254 298
255 308
256 292
257 293
258 305
259 298
260 304
261 288
262 298
263 302
264 302
265 302
266 302
267 305
268 298
269 306
270 305
271 305
272 306
273 302
274 314
275 303
276 306
277 304
278 306
279 314
280 306
281 306
282 307
283 313
284 317
285 311
286 302
287 303
288 308
289 302
290 304
291 315
292 300
293 298
294 301
295 308
296 312
297 308
298 301
299 300
300 314
301 302
302 296
303 291
304 296
305 281
306 281
307 282
308 285
309 285
310 282
311 280
312 288
313 284
314 286
315 290
316 280
317 280
318 275
319 283
320 285
321 284
322 285
323 278
324 271
325 284
326 283
327 283
328 282
329 274
330 274
331 280
332 271
333 273
334 272
335 276
336 281
337 266
338 269
339 281
340 285
341 288
342 284
343 289
344 287
345 284
346 280
347 265
348 286
349 281
350 292
351 292
352 285
353 289
354 292
355 302
356 275
357 285
358 293
359 286
360 287
361 293
362 286
363 284
364 285
365 297
366 284
367 285
368 284
369 286
370 295
371 297
372 289
373 296
374 301
375 295
376 287
377 290
378 288
379 300
380 296
381 293
382 288
383 291
384 295
385 291
386 290
387 290
388 286
389 296
390 289
391 293
392 289
393 295
394 293
395 289
396 298
397 293
398 292
399 297
400 304
401 303
402 302
403 298
404 292
405 297
406 292
407 291
408 294
409 291
410 290
411 290
412 302
413 298
414 299
415 296
416 296
417 291
418 284
419 304
420 298
421 300
422 303
423 303
424 296
425 305
426 302
427 294
428 297
429 301
430 299
431 300
432 305
433 302
434 291
435 310
436 298
437 291
438 295
439 297
440 297
441 290
442 290
443 290
444 301
445 287
446 289
447 292
448 296
449 293
450 290
451 300
452 295
453 296
454 301
455 289
456 286
457 294
458 289
459 299
460 286
461 289
462 296
463 288
464 287
465 283
466 291
467 281
468 278
469 292
470 286
471 281
472 281
473 291
474 288
475 293
476 288
477 288
478 292
479 295
480 293
481 288
482 282
483 288
484 289
485 286
486 287
487 282
488 280
489 284
490 275
491 283
492 287
493 289
494 292
495 287
496 287
497 290
498 293
499 285
500 286
501 282
502 286
503 274
504 268
505 270
506 277
507 264
508 269
509 273
510 264
511 271
512 277
513 272
514 276
515 270
516 267
517 276
518 278
519 272
520 272
521 265
522 274
523 268
524 275
525 274
526 279
527 276
528 270
529 267
530 272
531 267
532 264
533 266
534 275
535 279
536 285
537 268
538 277
539 276
540 265
541 272
542 270
543 274
544 280
545 280
546 272
547 275
548 273
549 280
550 277
551 283
552 284
553 281
554 275
555 273
556 271
557 260
558 270
559 274
560 268
561 268
562 271
563 268
564 264
565 261
566 265
567 260
568 265
569 276
570 274
571 266
572 266
573 271
574 274
575 271
576 261
577 273
578 268
579 260
580 264
581 266
582 267
583 274
584 272
585 277
586 278
587 270
588 268
589 274
590 276
591 276
592 276
593 265
594 275
595 273
596 281
597 274
598 267
599 275
600 268
601 272
602 271
603 268
604 266
605 265
606 273
607 265
608 270
609 272
610 262
611 270
612 262
613 266
614 266
615 271
616 274
617 273
618 262
619 266
620 262
621 263
622 252
623 250
624 262
625 261
626 256
627 272
628 270
629 262
630 260
631 263
632 266
633 260
634 259
635 267
636 256
637 258
638 250
639 254
640 254
641 252
642 262
643 254
644 266
645 250
646 252
647 253
648 261
649 258
650 260
651 265
652 259
653 257
654 268
655 267
656 270
657 267
658 267
659 264
660 262
661 261
662 269
663 266
664 270
665 269
666 263
667 266
668 264
669 264
670 268
671 263
672 259
673 268
674 265
675 267
676 261
677 263
678 258
679 262
680 271
681 265
682 261
683 259
684 254
685 254
686 260
687 255
688 254
689 254
690 249
691 250
692 249
693 253
694 249
695 248
696 261
697 256
698 256
699 252
700 249
701 260
702 259
703 253
704 258
705 261
706 256
707 254
708 257
709 260
710 258
711 251
712 259
713 252
714 262
715 257
716 253
717 250
718 254
719 257
720 250
721 253
722 259
723 251
724 260
725 254
726 249
727 254
728 255
729 258
730 264
731 268
732 261
733 261
734 254
735 255
736 259
737 257
738 254
739 255
740 263
741 257
742 254
743 261
744 260
745 255
746 256
747 256
748 255
749 252
750 248
751 257
752 258
753 260
754 259
755 252
756 257
757 255
758 259
759 259
760 261
761 253
762 249
763 255
764 253
765 247
766 261
767 250
768 257
769 250
770 252
771 249
772 253
773 253
774 259
775 262
776 261
777 259
778 258
779 251
780 254
781 250
782 261
783 257
784 258
785 252
786 256
787 258
788 253
789 252
790 245
791 256
792 251
793 256
794 254
795 253
796 256
797 257
798 255
799 254
800 255
801 250
802 250
803 255
804 248
805 253
806 254
807 251
808 256
809 258
810 256
811 254
812 257
813 254
814 259
815 259
816 259
817 258
818 263
819 249
820 254
821 257
822 258
823 256
824 257
825 261
826 254
827 251
828 254
829 264
830 263
831 253
832 248
833 251
834 250
835 245
836 251
837 258
838 258
839 253
840 251
841 249
842 254
843 259
844 254
845 252
846 257
847 254
848 259
849 252
850 241
851 250
852 243
853 249
854 241
855 249
856 251
857 244
858 255
859 253
860 250
861 254
862 252
863 252
864 253
865 253
866 253
867 248
868 246
869 242
870 250
871 255
872 252
873 250
874 259
875 248
876 256
877 260
878 257
879 253
880 248
881 248
882 251
883 250
884 247
885 253
886 256
887 241
888 245
889 256
890 265
891 252
892 252
893 255
894 256
895 257
896 251
897 251
898 257
899 253
900 254
901 254
902 251
903 250
904 256
905 260
906 257
907 250
908 249
909 248
910 252
911 245
912 248
913 249
914 252
915 251
916 248
917 248
918 244
919 244
920 239
921 243
922 242
923 242
924 238
925 252
926 244
927 250
928 245
929 249
930 250
931 247
932 246
933 245
934 239
935 242
936 242
937 245
938 246
939 247
940 249
941 247
942 249
943 250
944 251
945 243
946 248
947 248
948 247
949 254
950 248
951 246
952 238
953 246
954 243
955 234
956 243
957 248
958 241
959 242
960 245
961 247
962 243
963 248
964 246
965 242
966 241
967 250
968 244
969 251
970 247
971 242
972 244
973 243
974 246
975 242
976 243
977 237
978 246
979 243
980 243
981 248
982 244
983 247
984 242
985 244
986 240
987 241
988 245
989 236
990 238
991 235
992 237
993 247
994 239
995 246
996 243
997 243
998 246
999 243
1000 243
1001 252
1002 253
1003 247
1004 245
1005 238
1006 240
1007 232
1008 238
1009 241
1010 235
1011 240
1012 236
1013 231
1014 239
1015 238
1016 239
1017 240
1018 246
1019 232
1020 232
1021 236
1022 248
1023 238
1024 241
1025 245
1026 234
1027 244
1028 236
1029 244
1030 241
1031 233
1032 235
1033 239
1034 241
1035 239
1036 239
1037 243
1038 237
1039 241
1040 234
1041 241
1042 237
1043 239
1044 237
1045 244
1046 244
1047 248
1048 239
1049 240
1050 245
1051 241
1052 236
1053 238
1054 236
1055 234
1056 237
1057 249
1058 248
1059 246
1060 238
1061 237
1062 238
1063 237
1064 243
1065 248
1066 242
1067 245
1068 241
1069 238
1070 243
1071 244
1072 245
1073 244
1074 241
1075 244
1076 241
1077 246
1078 231
1079 245
1080 244
1081 238
1082 239
1083 240
1084 245
1085 242
1086 240
1087 244
1088 240
1089 248
1090 241
1091 241
1092 238
1093 248
1094 245
1095 243
1096 250
1097 247
1098 250
1099 254
1100 250
1101 248
1102 252
1103 246
1104 248
1105 243
1106 246
1107 249
1108 249
1109 248
1110 250
1111 253
1112 249
1113 250
1114 241
1115 242
1116 249
1117 247
1118 249
1119 251
1120 250
1121 243
1122 240
1123 250
1124 248
1125 252
1126 243
1127 239
1128 236
1129 244
1130 236
1131 246
1132 240
1133 239
1134 248
1135 244
1136 245
1137 239
1138 243
1139 241
1140 247
1141 243
1142 245
1143 239
1144 241
1145 240
1146 244
1147 233
1148 244
1149 239
1150 244
1151 249
1152 241
1153 239
1154 237
1155 241
1156 241
1157 238
1158 240
1159 234
1160 239
1161 241
1162 244
1163 237
1164 227
1165 246
1166 241
1167 247
1168 236
1169 233
1170 235
1171 241
1172 243
1173 241
1174 229
1175 232
1176 229
1177 226
1178 234
1179 226
1180 229
1181 228
1182 231
1183 227
1184 227
1185 234
1186 227
1187 232
1188 235
1189 237
1190 230
1191 226
1192 223
1193 223
1194 222
1195 225
1196 229
1197 230
1198 226
1199 231
1200 224
1201 228
1202 233
1203 234
1204 232
1205 226
1206 226
1207 233
1208 234
1209 235
1210 232
1211 234
1212 233
1213 229
1214 227
1215 229
1216 228
1217 222
1218 228
1219 226
1220 226
1221 224
1222 227
1223 230
1224 221
1225 223
1226 225
1227 225
1228 224
1229 225
1230 226
1231 231
1232 226
1233 239
1234 229
1235 237
1236 235
1237 233
1238 237
1239 231
1240 227
1241 227
1242 234
1243 228
1244 236
1245 235
1246 235
1247 236
1248 241
1249 233
1250 237
1251 235
1252 230
1253 237
1254 231
1255 230
1256 227
1257 231
1258 234
1259 231
1260 229
1261 230
1262 234
1263 235
1264 232
1265 233
1266 237
1267 231
1268 226
1269 230
1270 232
1271 227
1272 228
1273 231
1274 232
1275 228
1276 233
1277 232
1278 229
1279 234
1280 229
1281 235
1282 229
1283 229
1284 231
1285 226
1286 232
1287 235
1288 236
1289 239
1290 236
1291 239
1292 241
1293 240
1294 237
1295 244
1296 250
1297 245
1298 246
1299 248
1300 245
1301 240
1302 246
1303 243
1304 244
1305 244
1306 241
1307 241
1308 246
1309 236
1310 244
1311 239
1312 244
1313 247
1314 245
1315 240
1316 239
1317 245
1318 240
1319 241
1320 238
1321 241
1322 240
1323 241
1324 239
1325 238
1326 229
1327 232
1328 241
1329 233
1330 243
1331 235
1332 233
1333 239
1334 232
1335 236
1336 236
1337 237
1338 237
1339 239
1340 236
1341 237
1342 246
1343 243
1344 236
1345 242
1346 238
1347 241
1348 238
1349 233
1350 234
1351 230
1352 235
1353 239
1354 235
1355 237
1356 237
1357 231
1358 237
1359 228
1360 234
1361 237
1362 237
1363 236
1364 233
1365 239
1366 238
1367 239
1368 238
1369 236
1370 238
1371 244
1372 237
1373 233
1374 240
1375 234
1376 237
1377 239
1378 247
1379 240
1380 241
1381 241
1382 245
1383 255
1384 242
1385 243
1386 239
1387 244
1388 247
1389 245
1390 241
1391 247
1392 242
1393 251
1394 248
1395 247
1396 239
1397 241
1398 242
1399 240
1400 248
1401 233
1402 236
1403 242
1404 238
1405 246
1406 245
1407 245
1408 252
1409 242
1410 235
1411 240
1412 238
1413 243
1414 234
1415 241
1416 231
1417 240
1418 242
1419 232
1420 240
1421 235
1422 241
1423 238
1424 235
1425 237
1426 241
1427 239
1428 243
1429 240
1430 236
1431 238
1432 238
1433 230
1434 240
1435 238
1436 240
1437 238
1438 242
1439 240
1440 243
1441 241
1442 245
1443 243
1444 246
1445 242
1446 246
1447 244
1448 238
1449 245
1450 247
1451 247
1452 239
1453 246
1454 240
1455 239
1456 246
1457 242
1458 241
1459 245
1460 247
1461 245
1462 241
1463 242
1464 240
1465 235
1466 238
1467 234
1468 242
1469 247
1470 238
1471 240
1472 236
1473 237
1474 233
1475 237
1476 241
1477 234
1478 235
1479 239
1480 236
1481 237
1482 237
1483 232
1484 242
1485 235
1486 231
1487 234
1488 232
1489 231
1490 242
1491 242
1492 250
1493 245
1494 250
1495 244
1496 241
1497 237
1498 241
1499 243
1500 231
1501 241
1502 242
1503 235
1504 235
1505 243
1506 242
1507 237
1508 234
1509 232
1510 238
1511 234
1512 231
1513 237
1514 231
1515 229
1516 229
1517 229
1518 232
1519 224
1520 228
1521 235
1522 233
1523 232
1524 233
1525 237
1526 232
1527 244
1528 236
1529 233
1530 238
1531 241
1532 242
1533 230
1534 238
1535 240
1536 237
1537 241
1538 233
1539 235
1540 247
1541 234
1542 237
1543 233
1544 238
1545 240
1546 233
1547 233
1548 238
1549 231
1550 232
1551 235
1552 238
1553 236
1554 231
1555 230
1556 234
1557 236
1558 233
1559 231
1560 228
1561 234
1562 241
1563 244
1564 244
1565 247
1566 241
1567 238
1568 234
1569 234
1570 242
1571 241
1572 235
1573 233
1574 238
1575 232
1576 228
1577 232
1578 243
1579 246
1580 236
1581 240
1582 235
1583 232
1584 242
1585 238
1586 236
1587 232
1588 234
1589 232
1590 231
1591 224
1592 229
1593 227
1594 232
1595 238
1596 230
1597 232
1598 231
1599 229
1600 234
1601 234
1602 231
1603 228
1604 231
1605 236
1606 228
1607 231
1608 233
1609 235
1610 237
1611 240
1612 235
1613 238
1614 232
1615 232
1616 233
1617 230
1618 233
1619 234
1620 233
1621 232
1622 227
1623 231
1624 234
1625 230
1626 230
1627 231
1628 224
1629 219
1630 226
1631 225
1632 221
1633 224
1634 229
1635 229
1636 228
1637 236
1638 231
1639 231
1640 233
1641 229
1642 230
1643 231
1644 232
1645 235
1646 238
1647 236
1648 233
1649 222
1650 230
1651 230
1652 227
1653 231
1654 233
1655 237
1656 231
1657 238
1658 232
1659 226
1660 232
1661 228
1662 229
1663 226
1664 224
1665 230
1666 234
1667 228
1668 226
1669 236
1670 229
1671 232
1672 232
1673 232
1674 230
1675 226
1676 225
1677 222
1678 222
1679 215
1680 225
1681 227
1682 229
1683 232
1684 222
1685 228
1686 226
1687 231
1688 222
1689 229
1690 236
1691 223
1692 229
1693 228
1694 228
1695 234
1696 224
1697 219
1698 224
1699 228
1700 220
1701 228
1702 227
1703 230
1704 225
1705 233
1706 229
1707 232
1708 233
1709 222
1710 225
1711 227
1712 227
1713 230
1714 223
1715 223
1716 227
1717 226
1718 222
1719 224
1720 226
1721 225
1722 227
1723 226
1724 230
1725 231
1726 230
1727 225
1728 229
1729 233
1730 229
1731 225
1732 224
1733 227
1734 233
1735 225
1736 230
1737 234
1738 230
1739 230
1740 227
1741 234
1742 230
1743 236
1744 240
1745 233
1746 235
1747 236
1748 234
1749 230
1750 233
1751 227
1752 232
1753 237
1754 233
1755 235
1756 236
1757 240
1758 231
1759 231
1760 234
1761 242
1762 233
1763 233
1764 232
1765 228
1766 228
1767 233
1768 233
1769 232
1770 228
1771 223
1772 229
1773 225
1774 238
1775 234
1776 241
1777 226
1778 223
1779 228
1780 225
1781 229
1782 231
1783 226
1784 230
1785 233
1786 229
1787 229
1788 231
1789 225
1790 223
1791 232
1792 233
1793 226
1794 230
1795 224
1796 229
1797 229
1798 226
1799 234
1800 231
1801 235
1802 233
1803 226
1804 218
1805 217
1806 218
1807 216
1808 223
1809 218
1810 225
1811 224
1812 234
1813 227
1814 227
1815 228
1816 237
1817 232
1818 229
1819 228
1820 232
1821 221
1822 226
1823 230
1824 219
1825 227
1826 220
1827 226
1828 237
1829 227
1830 226
1831 232
1832 233
1833 226
1834 228
1835 227
1836 228
1837 228
1838 234
1839 233
1840 228
1841 234
1842 230
1843 231
1844 236
1845 230
1846 227
1847 229
1848 228
1849 234
1850 232
1851 229
1852 227
1853 227
1854 238
1855 234
1856 234
1857 229
1858 231
1859 233
1860 238
1861 237
1862 228
1863 231
1864 236
1865 238
1866 234
1867 240
1868 226
1869 232
1870 237
1871 235
1872 233
1873 237
1874 232
1875 230
1876 231
1877 237
1878 242
1879 238
1880 229
1881 233
1882 240
1883 240
1884 236
1885 234
1886 237
1887 235
1888 229
1889 235
1890 235
1891 231
1892 228
1893 229
1894 227
1895 225
1896 230
1897 222
1898 220
1899 226
1900 226
1901 234
1902 233
1903 233
1904 229
1905 228
1906 225
1907 225
1908 229
1909 237
1910 231
1911 234
1912 224
1913 228
1914 227
1915 231
1916 226
1917 234
1918 225
1919 225
1920 227
1921 222
1922 235
1923 238
1924 235
1925 225
1926 229
1927 226
1928 230
1929 229
1930 229
1931 234
1932 223
1933 237
1934 234
1935 226
1936 225
1937 230
1938 228
1939 226
1940 219
1941 221
1942 225
1943 223
1944 231
1945 226
1946 226
1947 230
1948 224
1949 222
1950 223
1951 218
1952 232
1953 222
1954 225
1955 226
1956 226
1957 224
1958 224
1959 223
1960 222
1961 226
1962 224
1963 224
1964 229
1965 230
1966 228
1967 228
1968 228
1969 223
1970 231
1971 233
1972 234
1973 233
1974 232
1975 228
1976 234
1977 223
1978 227
1979 233
1980 224
1981 224
1982 225
1983 221
1984 232
1985 235
1986 230
1987 232
1988 238
1989 232
1990 232
1991 232
1992 236
1993 237
1994 229
1995 235
1996 242
1997 230
1998 229
1999 236
2000 239
2001 231
2002 233
2003 225
2004 243
2005 230
2006 229
2007 226
2008 230
2009 223
2010 235
2011 231
2012 229
2013 226
2014 229
2015 225
2016 234
2017 221
2018 222
2019 223
2020 230
2021 231
2022 217
2023 221
2024 220
2025 218
2026 226
2027 227
2028 223
2029 221
2030 235
2031 230
2032 234
2033 231
2034 233
2035 229
2036 231
2037 234
2038 234
2039 231
2040 226
2041 235
2042 232
2043 231
2044 230
2045 233
2046 231
2047 227
2048 229
2049 231
2050 224
2051 226
2052 227
2053 232
2054 227
2055 220
2056 223
2057 227
2058 224
2059 227
2060 226
2061 221
2062 223
2063 224
2064 230
2065 227
2066 230
2067 224
2068 232
2069 233
2070 230
2071 229
2072 225
2073 227
2074 230
2075 229
2076 237
2077 231
2078 232
2079 225
2080 228
2081 234
2082 235
2083 233
2084 234
2085 233
2086 234
2087 231
2088 234
2089 228
2090 227
2091 231
2092 238
2093 225
2094 236
2095 232
2096 224
2097 233
2098 230
2099 227
2100 233
2101 229
2102 236
2103 232
2104 229
2105 234
2106 234
2107 230
2108 233
2109 236
2110 234
2111 229
2112 226
2113 230
2114 227
2115 233
2116 232
2117 229
2118 238
2119 236
2120 235
2121 233
2122 231
2123 229
2124 229
2125 234
2126 232
2127 230
2128 237
2129 231
2130 237
2131 235
2132 241
2133 239
2134 234
2135 240
2136 241
2137 232
2138 237
2139 238
2140 235
2141 230
2142 228
2143 225
2144 238
2145 227
2146 228
2147 231
2148 232
2149 230
2150 231
2151 234
2152 241
2153 234
2154 235
2155 231
2156 230
2157 228
2158 232
2159 233
2160 230
2161 234
2162 230
2163 231
2164 232
2165 229
2166 233
2167 230
2168 234
2169 233
2170 236
2171 242
2172 231
2173 241
2174 232
2175 231
2176 236
2177 233
2178 229
2179 236
2180 235
2181 226
2182 234
2183 233
2184 237
2185 239
2186 241
2187 231
2188 236
2189 226
2190 239
2191 230
2192 239
2193 226
2194 234
2195 235
2196 231
2197 226
2198 228
2199 230
2200 233
2201 235
2202 227
2203 237
2204 234
2205 235
2206 232
2207 236
2208 234
2209 241
2210 230
2211 234
2212 230
2213 230
2214 231
2215 238
2216 230
2217 230
2218 237
2219 238
2220 232
2221 233
2222 235
2223 228
2224 229
2225 233
2226 233
2227 229
2228 241
2229 235
2230 233
2231 232
2232 228
2233 237
2234 235
2235 232
2236 236
2237 229
2238 231
2239 229
2240 225
2241 228
2242 227
2243 236
2244 230
2245 236
2246 231
2247 236
2248 231
2249 234
2250 226
2251 235
2252 236
2253 232
2254 228
2255 239
2256 236
2257 226
2258 233
2259 235
2260 239
2261 229
2262 235
2263 238
2264 233
2265 234
2266 234
2267 232
2268 234
2269 236
2270 236
2271 233
2272 223
2273 225
2274 232
2275 231
2276 235
2277 231
2278 226
2279 237
2280 230
2281 236
2282 228
2283 234
2284 231
2285 234
2286 235
2287 228
2288 239
2289 236
2290 241
2291 230
2292 235
2293 227
2294 232
2295 228
2296 233
2297 229
2298 238
2299 231
2300 230
2301 228
2302 235
2303 237
2304 233
2305 235
2306 232
2307 231
2308 230
2309 230
2310 236
2311 225
2312 223
2313 231
2314 230
2315 230
2316 229
2317 227
2318 227
2319 230
2320 235
2321 237
2322 230
2323 235
2324 229
2325 225
2326 234
2327 232
2328 235
2329 231
2330 235
2331 238
2332 237
2333 233
2334 231
2335 229
2336 237
2337 232
2338 242
2339 232
2340 233
2341 238
2342 231
2343 237
2344 232
2345 236
2346 232
2347 235
2348 233
2349 234
2350 227
2351 229
2352 229
2353 230
2354 228
2355 232
2356 221
2357 229
2358 229
2359 233
2360 241
2361 237
2362 241
2363 240
2364 235
2365 240
2366 243
2367 240
2368 237
2369 226
2370 241
2371 237
2372 236
2373 232
2374 232
2375 229
2376 231
2377 230
2378 231
2379 237
2380 232
2381 232
2382 238
2383 240
2384 230
2385 238
2386 240
2387 226
2388 233
2389 237
2390 229
2391 233
2392 230
2393 230
2394 236
2395 229
2396 227
2397 230
2398 238
2399 240
2400 240
2401 236
2402 237
2403 238
2404 243
2405 236
2406 244
2407 231
2408 238
2409 248
2410 240
2411 238
2412 234
2413 242
2414 244
2415 239
2416 236
2417 237
2418 237
2419 239
2420 239
2421 233
2422 231
2423 236
2424 235
2425 233
2426 236
2427 238
2428 230
2429 232
2430 236
2431 240
2432 235
2433 229
2434 232
2435 234
2436 228
2437 235
2438 236
2439 232
2440 234
2441 231
2442 236
2443 232
2444 233
2445 235
2446 226
2447 229
2448 231
2449 237
2450 239
2451 238
2452 231
2453 234
2454 230
2455 235
2456 228
2457 232
2458 233
2459 221
2460 238
2461 238
2462 232
2463 233
2464 234
2465 230
2466 235
2467 231
2468 227
2469 232
2470 226
2471 231
2472 231
2473 232
2474 233
2475 233
2476 225
2477 229
2478 234
2479 229
2480 233
2481 238
2482 231
2483 232
2484 234
2485 236
2486 228
2487 236
2488 234
2489 226
2490 229
2491 230
2492 233
2493 227
2494 233
2495 233
2496 229
2497 233
2498 237
2499 228
2500 230
2501 231
2502 231
2503 231
2504 230
2505 230
2506 225
2507 227
2508 231
2509 229
2510 236
2511 231
2512 228
2513 226
2514 232
2515 227
2516 224
2517 221
2518 228
2519 230
2520 232
2521 228
2522 228
2523 230
2524 226
2525 228
2526 222
2527 221
2528 233
2529 228
2530 224
2531 232
2532 232
2533 229
2534 230
2535 231
2536 229
2537 234
2538 230
2539 227
2540 226
2541 230
2542 226
2543 228
2544 232
2545 232
2546 230
2547 237
2548 234
2549 232
2550 227
2551 230
2552 236
2553 225
2554 224
2555 223
2556 228
2557 224
2558 231
2559 227
2560 222
2561 222
2562 222
2563 228
2564 225
2565 227
2566 222
2567 227
2568 223
2569 223
2570 226
2571 226
2572 223
2573 227
2574 222
2575 219
2576 224
2577 226
2578 222
2579 226
2580 224
2581 227
2582 230
2583 218
2584 224
2585 230
2586 218
2587 222
2588 224
2589 225
2590 222
2591 225
2592 222
2593 218
2594 217
2595 225
2596 213
2597 222
2598 222
2599 221
2600 223
2601 222
2602 219
2603 218
2604 220
2605 228
2606 220
2607 218
2608 215
2609 221
2610 216
2611 219
2612 222
2613 217
2614 222
2615 225
2616 221
2617 219
2618 219
2619 219
2620 222
2621 217
2622 226
2623 221
2624 222
2625 221
2626 217
2627 214
2628 220
2629 213
2630 222
2631 219
2632 219
2633 218
2634 223
2635 220
2636 220
2637 220
2638 219
2639 220
2640 220
2641 220
2642 219
2643 220
2644 223
2645 222
2646 219
2647 225
2648 223
2649 220
2650 219
2651 222
2652 217
2653 228
2654 220
2655 222
2656 219
2657 223
2658 217
2659 225
2660 221
2661 224
2662 217
2663 218
2664 215
2665 221
2666 222
2667 221
2668 218
2669 215
2670 222
2671 219
2672 221
2673 214
2674 217
2675 214
2676 220
2677 221
2678 222
2679 220
2680 217
2681 220
2682 217
2683 214
2684 213
2685 223
2686 228
2687 226
2688 224
2689 221
2690 218
2691 221
2692 227
2693 221
2694 214
2695 223
2696 215
2697 219
2698 217
2699 218
2700 219
2701 220
2702 222
2703 219
2704 224
2705 227
2706 223
2707 225
2708 225
2709 218
2710 225
2711 222
2712 221
2713 221
2714 216
2715 220
2716 217
2717 217
2718 214
2719 216
2720 219
2721 220
2722 218
2723 213
2724 217
2725 219
2726 222
2727 221
2728 218
2729 223
2730 222
2731 220
2732 221
2733 219
2734 220
2735 216
2736 219
2737 226
2738 221
2739 221
2740 225
2741 218
2742 221
2743 224
2744 227
2745 226
2746 230
2747 225
2748 224
2749 227
2750 219
2751 223
2752 228
2753 225
2754 222
2755 225
2756 220
2757 223
2758 220
2759 220
2760 220
2761 220
2762 231
2763 222
2764 218
2765 220
2766 226
2767 220
2768 220
2769 222
2770 218
2771 224
2772 213
2773 215
2774 222
2775 215
2776 216
2777 222
2778 219
2779 220
2780 215
2781 217
2782 218
2783 215
2784 224
2785 217
2786 220
2787 221
2788 227
2789 226
2790 224
2791 213
2792 219
2793 219
2794 218
2795 214
2796 230
2797 223
2798 218
2799 227
2800 233
2801 228
2802 225
2803 219
2804 220
2805 227
2806 227
2807 228
2808 228
2809 227
2810 225
2811 209
2812 218
2813 228
2814 214
2815 217
2816 228
2817 215
2818 224
2819 221
2820 217
2821 220
2822 224
2823 214
2824 225
2825 222
2826 225
2827 224
2828 229
2829 219
2830 225
2831 224
2832 221
2833 221
2834 214
2835 221
2836 224
2837 226
2838 222
2839 215
2840 217
2841 220
2842 221
2843 216
2844 218
2845 219
2846 214
2847 216
2848 220
2849 214
2850 222
2851 214
2852 222
2853 221
2854 223
2855 218
2856 224
2857 220
2858 228
2859 229
2860 209
2861 217
2862 223
2863 218
2864 221
2865 227
2866 222
2867 224
2868 218
2869 218
2870 217
2871 222
2872 213
2873 215
2874 229
2875 227
2876 224
2877 225
2878 225
2879 219
2880 220
2881 221
2882 220
2883 216
2884 219
2885 228
2886 229
2887 220
2888 231
2889 229
2890 222
2891 217
2892 212
2893 227
2894 225
2895 225
2896 226
2897 216
2898 220
2899 217
2900 217
2901 220
2902 219
2903 223
2904 224
2905 222
2906 221
2907 213
2908 217
2909 228
2910 222
2911 217
2912 222
2913 218
2914 227
2915 223
2916 222
2917 221
2918 222
2919 218
2920 220
2921 222
2922 220
2923 213
2924 221
2925 217
2926 222
2927 229
2928 223
2929 229
2930 221
2931 226
2932 227
2933 227
2934 225
2935 226
2936 218
2937 219
2938 215
2939 219
2940 222
2941 223
2942 226
2943 223
2944 221
2945 221
2946 223
2947 220
2948 222
2949 223
2950 225
2951 228
2952 214
2953 224
2954 219
2955 214
2956 214
2957 215
2958 216
2959 217
2960 217
2961 216
2962 218
2963 222
2964 221
2965 225
2966 219
2967 219
2968 225
2969 221
2970 216
2971 226
2972 221
2973 226
2974 224
2975 219
2976 221
2977 226
2978 220
2979 223
2980 228
2981 228
2982 223
2983 220
2984 225
2985 227
2986 229
2987 229
2988 228
2989 220
2990 228
2991 223
2992 226
2993 226
2994 234
2995 219
2996 227
2997 218
2998 225
2999 232
3000 234
3001 227
3002 233
3003 232
3004 233
3005 225
3006 230
3007 227
3008 228
3009 225
3010 228
3011 225
3012 229
3013 227
3014 224
3015 235
3016 232
3017 231
3018 229
3019 230
3020 225
3021 228
3022 224
3023 229
3024 224
3025 227
3026 231
3027 234
3028 227
3029 222
3030 231
3031 230
3032 221
3033 231
3034 225
3035 226
3036 229
3037 228
3038 231
3039 226
3040 226
3041 229
3042 227
3043 222
3044 225
3045 225
3046 226
3047 231
3048 222
3049 229
3050 231
3051 222
3052 222
3053 227
3054 224
3055 223
3056 229
3057 227
3058 228
3059 231
3060 228
3061 228
3062 226
3063 227
3064 225
3065 222
3066 221
3067 219
3068 228
3069 232
3070 223
3071 227
3072 232
3073 231
3074 231
3075 233
3076 228
3077 232
3078 228
3079 230
3080 227
3081 231
3082 224
3083 233
3084 236
3085 233
3086 227
3087 222
3088 231
3089 224
3090 228
3091 229
3092 236
3093 231
3094 231
3095 226
3096 225
3097 223
3098 231
3099 224
3100 223
3101 233
3102 218
3103 225
3104 227
3105 218
3106 221
3107 229
3108 226
3109 226
3110 225
3111 220
3112 229
3113 224
3114 221
3115 223
3116 220
3117 226
3118 224
3119 222
3120 225
3121 222
3122 225
3123 218
3124 220
3125 223
3126 222
3127 232
3128 221
3129 223
3130 229
3131 224
3132 224
3133 226
3134 224
3135 227
3136 230
3137 223
3138 227
3139 230
3140 229
3141 226
3142 229
3143 231
3144 229
3145 224
3146 228
3147 220
3148 224
3149 227
3150 227
3151 229
3152 229
3153 227
3154 226
3155 226
3156 226
3157 216
3158 226
3159 223
3160 230
3161 230
3162 231
3163 229
3164 228
3165 233
3166 237
3167 230
3168 222
3169 226
3170 230
3171 227
3172 231
3173 224
3174 231
3175 227
3176 220
3177 225
3178 227
3179 233
3180 220
3181 222
3182 234
3183 228
3184 234
3185 236
3186 230
3187 229
3188 231
3189 234
3190 225
3191 222
3192 229
3193 234
3194 224
3195 227
3196 228
3197 227
3198 221
3199 232
3200 230
3201 221
3202 222
3203 224
3204 228
3205 230
3206 224
3207 221
3208 221
3209 230
3210 231
3211 227
3212 227
3213 225
3214 229
3215 228
3216 222
3217 223
3218 230
3219 229
3220 227
3221 226
3222 226
3223 227
3224 223
3225 224
3226 222
3227 223
3228 229
3229 224
3230 220
3231 223
3232 223
3233 219
3234 220
3235 223
3236 215
3237 215
3238 220
3239 221
3240 221
3241 222
3242 223
3243 214
3244 219
3245 218
3246 218
3247 222
3248 217
3249 216
3250 225
3251 220
3252 219
3253 217
3254 221
3255 222
3256 225
3257 222
3258 226
3259 218
3260 206
3261 219
3262 217
3263 220
3264 221
3265 226
3266 217
3267 222
3268 229
3269 221
3270 225
3271 225
3272 222
3273 224
3274 222
3275 229
3276 225
3277 223
3278 217
3279 216
3280 226
3281 229
3282 224
3283 233
3284 226
3285 222
3286 224
3287 235
3288 226
3289 230
3290 232
3291 233
3292 226
3293 230
3294 223
3295 230
3296 230
3297 230
3298 229
3299 231
3300 231
3301 229
3302 225
3303 231
3304 227
3305 233
3306 224
3307 223
3308 223
3309 225
3310 228
3311 230
3312 224
3313 230
3314 232
3315 223
3316 227
3317 225
3318 229
3319 227
3320 225
3321 226
3322 225
3323 226
3324 225
3325 229
3326 222
3327 225
3328 220
3329 228
3330 225
3331 224
3332 222
3333 226
3334 224
3335 226
3336 226
3337 228
3338 227
3339 230
3340 221
3341 220
3342 225
3343 221
3344 220
3345 226
3346 213
3347 225
3348 218
3349 225
3350 220
3351 234
3352 225
3353 225
3354 224
3355 217
3356 218
3357 219
3358 222
3359 228
3360 221
3361 222
3362 220
3363 225
3364 218
3365 221
3366 224
3367 220
3368 228
3369 227
3370 219
3371 224
3372 220
3373 219
3374 228
3375 221
3376 221
3377 220
3378 221
3379 224
3380 220
3381 213
3382 220
3383 221
3384 217
3385 223
3386 221
3387 220
3388 225
3389 223
3390 219
3391 221
3392 215
3393 217
3394 220
3395 223
3396 217
3397 219
3398 220
3399 218
3400 217
3401 219
3402 219
3403 216
3404 220
3405 219
3406 218
3407 221
3408 220
3409 221
3410 217
3411 213
3412 224
3413 220
3414 219
3415 220
3416 223
3417 229
3418 215
3419 220
3420 222
3421 229
3422 219
3423 224
3424 232
3425 229
3426 222
3427 222
3428 225
3429 219
3430 221
3431 225
3432 229
3433 227
3434 225
3435 223
3436 230
3437 227
3438 226
3439 223
3440 225
3441 226
3442 224
3443 228
3444 219
3445 222
3446 215
3447 221
3448 216
3449 223
3450 222
3451 229
3452 224
3453 221
3454 228
3455 229
3456 222
3457 231
3458 222
3459 228
3460 226
3461 223
3462 219
3463 219
3464 220
3465 226
3466 228
3467 222
3468 236
3469 227
3470 230
3471 229
3472 229
3473 224
3474 231
3475 225
3476 230
3477 223
3478 229
3479 226
3480 224
3481 220
3482 228
3483 229
3484 227
3485 230
3486 230
3487 221
3488 224
3489 225
3490 225
3491 219
3492 217
3493 214
3494 221
3495 222
3496 216
3497 223
3498 217
3499 220
3500 226
3501 220
3502 223
3503 224
3504 226
3505 220
3506 217
3507 215
3508 222
3509 221
3510 215
3511 215
3512 219
3513 218
3514 219
3515 217
3516 222
3517 215
3518 221
3519 217
3520 221
3521 221
3522 219
3523 222
3524 224
3525 222
3526 223
3527 223
3528 220
3529 216
3530 228
3531 223
3532 222
3533 223
3534 222
3535 221
3536 219
3537 215
3538 218
3539 223
3540 219
3541 219
3542 218
3543 218
3544 226
3545 221
3546 221
3547 222
3548 225
3549 220
3550 215
3551 217
3552 218
3553 221
3554 222
3555 224
3556 220
3557 219
3558 213
3559 219
3560 213
3561 223
3562 212
3563 224
3564 218
3565 210
3566 215
3567 210
3568 214
3569 222
3570 222
3571 216
3572 224
3573 215
3574 224
3575 216
3576 217
3577 216
3578 218
3579 224
3580 221
3581 220
3582 226
3583 226
3584 219
3585 224
3586 223
3587 214
3588 213
3589 220
3590 223
3591 217
3592 215
3593 220
3594 226
3595 224
3596 230
3597 226
3598 226
3599 216
3600 225
3601 220
3602 218
3603 219
3604 224
3605 229
3606 222
3607 223
3608 218
3609 221
3610 224
3611 224
3612 222
3613 218
3614 216
3615 219
3616 225
3617 226
3618 231
3619 227
3620 225
3621 214
3622 224
3623 219
3624 224
3625 218
3626 230
3627 226
3628 220
3629 223
3630 225
3631 232
3632 221
3633 223
3634 225
3635 219
3636 225
3637 224
3638 225
3639 225
3640 224
3641 227
3642 222
3643 224
3644 220
3645 227
3646 223
3647 217
3648 218
3649 225
3650 215
3651 225
3652 216
3653 217
3654 216
3655 215
3656 219
3657 219
3658 224
3659 221
3660 223
3661 225
3662 229
3663 224
3664 222
3665 224
3666 220
3667 225
3668 219
3669 222
3670 221
3671 216
3672 223
3673 227
3674 222
3675 220
3676 229
3677 224
3678 221
3679 218
3680 217
3681 222
3682 220
3683 224
3684 219
3685 224
3686 218
3687 216
3688 223
3689 221
3690 222
3691 223
3692 225
3693 223
3694 224
3695 219
3696 223
3697 218
3698 225
3699 220
3700 218
3701 224
3702 217
3703 222
3704 226
3705 223
3706 226
3707 219
3708 225
3709 227
3710 222
3711 221
3712 224
3713 224
3714 223
3715 223
3716 223
3717 223
3718 216
3719 222
3720 223
3721 227
3722 227
3723 216
3724 220
3725 223
3726 220
3727 221
3728 222
3729 225
3730 227
3731 228
3732 224
3733 217
3734 222
3735 224
3736 221
3737 224
3738 219
3739 226
3740 225
3741 225
3742 220
3743 226
3744 221
3745 218
3746 223
3747 222
3748 221
3749 222
3750 221
3751 224
3752 228
3753 221
3754 227
3755 220
3756 222
3757 220
3758 226
3759 225
3760 225
3761 222
3762 230
3763 224
3764 231
3765 230
3766 224
3767 225
3768 219
3769 216
3770 222
3771 223
3772 223
3773 225
3774 219
3775 222
3776 228
3777 218
3778 225
3779 225
3780 221
3781 229
3782 221
3783 224
3784 224
3785 225
3786 220
3787 223
3788 222
3789 220
3790 229
3791 221
3792 223
3793 221
3794 217
3795 220
3796 216
3797 221
3798 220
3799 216
3800 217
3801 219
3802 224
3803 220
3804 216
3805 221
3806 218
3807 221
3808 221
3809 225
3810 220
3811 225
3812 223
3813 215
3814 215
3815 214
3816 222
3817 222
3818 220
3819 216
3820 214
3821 216
3822 219
3823 215
3824 208
3825 219
3826 223
3827 221
3828 219
3829 219
3830 223
3831 219
3832 227
3833 223
3834 228
3835 224
3836 223
3837 225
3838 225
3839 226
3840 225
3841 223
3842 223
3843 220
3844 224
3845 224
3846 228
3847 223
3848 225
3849 227
3850 222
3851 227
3852 221
3853 222
3854 222
3855 220
3856 222
3857 220
3858 228
3859 219
3860 227
3861 224
3862 223
3863 223
3864 219
3865 224
3866 231
3867 230
3868 219
3869 225
3870 229
3871 221
3872 224
3873 219
3874 219
3875 226
3876 219
3877 218
3878 219
3879 222
3880 218
3881 221
3882 217
3883 215
3884 217
3885 215
3886 223
3887 222
3888 225
3889 218
3890 217
3891 222
3892 219
3893 218
3894 226
3895 212
3896 216
3897 216
3898 217
3899 217
3900 221
3901 212
3902 217
3903 214
3904 220
3905 215
3906 220
3907 217
3908 218
3909 217
3910 222
3911 219
3912 225
3913 219
3914 227
3915 221
3916 218
3917 218
3918 222
3919 223
3920 220
3921 228
3922 227
3923 221
3924 222
3925 230
3926 221
3927 223
3928 229
3929 218
3930 219
3931 220
3932 221
3933 225
3934 219
3935 226
3936 216
3937 228
3938 225
3939 219
3940 220
3941 220
3942 223
3943 217
3944 218
3945 227
3946 225
3947 228
3948 229
3949 221
3950 216
3951 231
3952 227
3953 227
3954 224
3955 224
3956 222
3957 230
3958 226
3959 224
3960 219
3961 218
3962 222
3963 219
3964 227
3965 216
3966 219
3967 221
3968 220
3969 219
3970 213
3971 219
3972 226
3973 218
3974 218
3975 221
3976 221
3977 219
3978 217
3979 221
3980 220
3981 224
3982 222
3983 218
3984 226
3985 215
3986 225
3987 225
3988 222
