0.000000000000000000e+00 7.317286008930945940e+00
2.000000000000000000e+00 1.025694815791497483e+01
4.000000000000000000e+00 9.286134135638610232e+00
6.000000000000000000e+00 8.332055642333449086e+00
8.000000000000000000e+00 1.530764267443670690e+01
1.000000000000000000e+01 1.086954573273821012e+01
1.200000000000000000e+01 5.560301240673649836e+00
1.400000000000000000e+01 7.033466956770777934e+00
1.600000000000000000e+01 5.365756902768570313e+00
1.800000000000000000e+01 7.230347702858865411e+00
2.000000000000000000e+01 6.206636301552846291e+00
2.200000000000000000e+01 5.496499613277598506e+00
2.400000000000000000e+01 4.795983922399397414e+00
2.600000000000000000e+01 7.382702125581837471e+00
2.800000000000000000e+01 5.452449243390154798e+00
3.000000000000000000e+01 7.210468924783969946e+00
3.200000000000000000e+01 9.915792666016368884e+00
3.400000000000000000e+01 6.495277415943474075e+00
3.600000000000000000e+01 8.287269268044729742e+00
3.800000000000000000e+01 6.107526311567590405e+00
4.000000000000000000e+01 6.327494214785022386e+00
4.200000000000000000e+01 6.865121315590624995e+00
4.400000000000000000e+01 5.175296743650861231e+00
4.600000000000000000e+01 7.960375290375798052e+00
4.800000000000000000e+01 6.346491150384953706e+00
5.000000000000000000e+01 8.353608558090829916e+00
5.200000000000000000e+01 1.003307081442126680e+01
5.400000000000000000e+01 8.053366429123951065e+00
5.600000000000000000e+01 1.056025031931849334e+01
5.800000000000000000e+01 9.675062024387566240e+00
6.000000000000000000e+01 7.605400263912536651e+00
6.200000000000000000e+01 8.779553030429443794e+00
6.400000000000000000e+01 1.028158571606530991e+01
6.600000000000000000e+01 7.294965703789720202e+00
6.800000000000000000e+01 8.849940123370544143e+00
7.000000000000000000e+01 1.017560903039574605e+01
7.200000000000000000e+01 1.175716756269316399e+01
7.400000000000000000e+01 6.971861881748593781e+00
7.600000000000000000e+01 7.131068943794535819e+00
7.800000000000000000e+01 8.447650074211328075e+00
8.000000000000000000e+01 6.265362953959926706e+00
8.200000000000000000e+01 6.925294390009414158e+00
8.400000000000000000e+01 8.956828869505457646e+00
8.600000000000000000e+01 1.017821839053665123e+01
8.800000000000000000e+01 8.954836263860713075e+00
9.000000000000000000e+01 8.418015522929596983e+00
9.200000000000000000e+01 6.719738463269502304e+00
9.400000000000000000e+01 8.802442083588314148e+00
9.600000000000000000e+01 7.838963549254859053e+00
9.800000000000000000e+01 6.910269630224469495e+00
1.000000000000000000e+02 6.979654729673359093e+00
1.020000000000000000e+02 6.966740629898496628e+00
1.040000000000000000e+02 9.007034316237657379e+00
1.060000000000000000e+02 1.068782136481424416e+01
1.080000000000000000e+02 9.518736155240066665e+00
1.100000000000000000e+02 1.176068650797679283e+01
1.120000000000000000e+02 8.177555687088418068e+00
1.140000000000000000e+02 8.643461965736499053e+00
1.160000000000000000e+02 9.403690827412511055e+00
1.180000000000000000e+02 8.560087304601520231e+00
1.200000000000000000e+02 9.791678453776945901e+00
1.220000000000000000e+02 7.868002759339608687e+00
1.240000000000000000e+02 8.953277295962996263e+00
1.260000000000000000e+02 9.205367046694291844e+00
1.280000000000000000e+02 9.496496408425679547e+00
1.300000000000000000e+02 9.285770715417877241e+00
1.320000000000000000e+02 7.324050820450353605e+00
1.340000000000000000e+02 9.947014829524118085e+00
1.360000000000000000e+02 7.064165830064601082e+00
1.380000000000000000e+02 8.269010129843232804e+00
1.400000000000000000e+02 8.871415407032747780e+00
1.420000000000000000e+02 9.139774921245617634e+00
1.440000000000000000e+02 7.953863550199179677e+00
1.460000000000000000e+02 9.227506796598737182e+00
1.480000000000000000e+02 8.631240171525787375e+00
1.500000000000000000e+02 8.880516605659666496e+00
1.520000000000000000e+02 1.077100953938011685e+01
1.540000000000000000e+02 8.932849496052822857e+00
1.560000000000000000e+02 8.916012522077712887e+00
1.580000000000000000e+02 8.676892617178301848e+00
1.600000000000000000e+02 9.000269401291097537e+00
1.620000000000000000e+02 9.856552641126196335e+00
1.640000000000000000e+02 7.494214623903369343e+00
1.660000000000000000e+02 9.769192204637413113e+00
1.680000000000000000e+02 8.065505033697229820e+00
1.700000000000000000e+02 1.100408061442545993e+01
1.720000000000000000e+02 1.032849064844377196e+01
1.740000000000000000e+02 5.576034303569048944e+00
1.760000000000000000e+02 1.088954905988077293e+01
1.780000000000000000e+02 1.007223809651765478e+01
1.800000000000000000e+02 1.137802842697580985e+01
1.820000000000000000e+02 1.043212705281971964e+01
1.840000000000000000e+02 1.057165837318145130e+01
1.860000000000000000e+02 8.399528763653362873e+00
1.880000000000000000e+02 7.976294146054714318e+00
1.900000000000000000e+02 9.506345390107599158e+00
1.920000000000000000e+02 9.701850200320356166e+00
1.940000000000000000e+02 1.019006870936212472e+01
1.960000000000000000e+02 1.118948699847161166e+01
1.980000000000000000e+02 1.285845152489201837e+01
2.000000000000000000e+02 1.116510446737854245e+01
2.020000000000000000e+02 1.301863532025285863e+01
2.040000000000000000e+02 1.182792801601014254e+01
2.060000000000000000e+02 1.564722766886695204e+01
2.080000000000000000e+02 1.524038872679826362e+01
2.100000000000000000e+02 1.321962327184904851e+01
2.120000000000000000e+02 1.318008907996055257e+01
2.140000000000000000e+02 2.262787383701954980e+01
2.160000000000000000e+02 1.344490698951698526e+01
2.180000000000000000e+02 1.674560380637858259e+01
2.200000000000000000e+02 1.563000626941292914e+01
2.220000000000000000e+02 1.314843291623735411e+01
2.240000000000000000e+02 1.246316920395042338e+01
2.260000000000000000e+02 1.525425191399469682e+01
2.280000000000000000e+02 1.569809046539510788e+01
2.300000000000000000e+02 1.217906455774512153e+01
2.320000000000000000e+02 1.363805227060769099e+01
2.340000000000000000e+02 1.533912427708311377e+01
2.360000000000000000e+02 1.616037786638491625e+01
2.380000000000000000e+02 1.516365050764431111e+01
2.400000000000000000e+02 1.508920479359233369e+01
2.420000000000000000e+02 1.315104167642975064e+01
2.440000000000000000e+02 1.625739075466725225e+01
2.460000000000000000e+02 1.341342112521426344e+01
2.480000000000000000e+02 1.231933920060626697e+01
2.500000000000000000e+02 1.376013629322242515e+01
2.520000000000000000e+02 1.229640190637490527e+01
2.540000000000000000e+02 1.785378124739420258e+01
2.560000000000000000e+02 1.453364617956531113e+01
2.580000000000000000e+02 1.581164272301671758e+01
2.600000000000000000e+02 1.421199400772083266e+01
2.620000000000000000e+02 1.546643778701550076e+01
2.640000000000000000e+02 1.285611789640128677e+01
2.660000000000000000e+02 1.269641098929545642e+01
2.680000000000000000e+02 1.417172242420779504e+01
2.700000000000000000e+02 1.591579538793360626e+01
2.720000000000000000e+02 1.561788458697147242e+01
2.740000000000000000e+02 1.318707398293199873e+01
2.760000000000000000e+02 1.372465222889171521e+01
2.780000000000000000e+02 1.556820370415999655e+01
2.800000000000000000e+02 1.516916243523418473e+01
2.820000000000000000e+02 1.538189675516790444e+01
2.840000000000000000e+02 1.280326058559764490e+01
2.860000000000000000e+02 1.524173005628818167e+01
2.880000000000000000e+02 1.461420167770884682e+01
2.900000000000000000e+02 1.400177124837838605e+01
2.920000000000000000e+02 1.617432260755342455e+01
2.940000000000000000e+02 1.220838530385330323e+01
2.960000000000000000e+02 1.589528153629153806e+01
2.980000000000000000e+02 1.456243754463259066e+01
3.000000000000000000e+02 1.349792365372236524e+01
3.020000000000000000e+02 1.185105350230609567e+01
3.040000000000000000e+02 1.546303227969688088e+01
3.060000000000000000e+02 1.683700177144037369e+01
3.080000000000000000e+02 1.571876910872470212e+01
3.100000000000000000e+02 1.313626965699847737e+01
3.120000000000000000e+02 1.257298888771657808e+01
3.140000000000000000e+02 1.226365290180201484e+01
3.160000000000000000e+02 1.412458043412874531e+01
3.180000000000000000e+02 1.259479938074444405e+01
3.200000000000000000e+02 1.418401818440684714e+01
3.220000000000000000e+02 1.398209095975573746e+01
3.240000000000000000e+02 1.209328694882883148e+01
3.260000000000000000e+02 1.289723589056317188e+01
3.280000000000000000e+02 1.385659467136441059e+01
3.300000000000000000e+02 1.448517355901666726e+01
3.320000000000000000e+02 1.316646879081154431e+01
3.340000000000000000e+02 1.253610059456126358e+01
3.360000000000000000e+02 1.475126292747580159e+01
3.380000000000000000e+02 1.306775665778933337e+01
3.400000000000000000e+02 1.284427726508426737e+01
3.420000000000000000e+02 1.180924007139272369e+01
3.440000000000000000e+02 1.122348500544326733e+01
3.460000000000000000e+02 1.067988586599864043e+01
3.480000000000000000e+02 1.390126097468347588e+01
3.500000000000000000e+02 1.357159977660066197e+01
3.520000000000000000e+02 1.183527578822548776e+01
3.540000000000000000e+02 1.312886335554161477e+01
3.560000000000000000e+02 1.334587188417680004e+01
3.580000000000000000e+02 9.278614505056737016e+00
3.600000000000000000e+02 1.068315244457909152e+01
3.620000000000000000e+02 1.219714995720474349e+01
3.640000000000000000e+02 9.932891588538783623e+00
3.660000000000000000e+02 9.808824825292667526e+00
3.680000000000000000e+02 7.213403022657209007e+00
3.700000000000000000e+02 8.456800866715898479e+00
3.720000000000000000e+02 8.118393364334510309e+00
3.740000000000000000e+02 8.466583405655352834e+00
3.760000000000000000e+02 8.580757892541038601e+00
3.780000000000000000e+02 8.891208845150101681e+00
3.800000000000000000e+02 8.625527254999804327e+00
3.820000000000000000e+02 8.204435380229377017e+00
3.840000000000000000e+02 7.849861602961511586e+00
3.860000000000000000e+02 1.005603009710550033e+01
3.880000000000000000e+02 9.343829874530189983e+00
3.900000000000000000e+02 7.704004712516005604e+00
3.920000000000000000e+02 7.823044964230418508e+00
3.940000000000000000e+02 8.697023481066141315e+00
3.960000000000000000e+02 9.566466419731574078e+00
3.980000000000000000e+02 6.396388851710431922e+00
4.000000000000000000e+02 8.031374911714479481e+00
4.020000000000000000e+02 8.050134736662933221e+00
4.040000000000000000e+02 7.704215399534343867e+00
4.060000000000000000e+02 8.376689774681350897e+00
4.080000000000000000e+02 7.364446158325915981e+00
4.100000000000000000e+02 8.226397562299455402e+00
4.120000000000000000e+02 7.464070325168894016e+00
4.140000000000000000e+02 7.542818101199411984e+00
4.160000000000000000e+02 9.340311019112361279e+00
4.180000000000000000e+02 8.714496728246986734e+00
4.200000000000000000e+02 8.051146150870769347e+00
4.220000000000000000e+02 7.421910600552431347e+00
4.240000000000000000e+02 7.202662322044812271e+00
4.260000000000000000e+02 7.169550758809108082e+00
4.280000000000000000e+02 9.192346434911595310e+00
4.300000000000000000e+02 9.604644341764664972e+00
4.320000000000000000e+02 9.652870720526854242e+00
4.340000000000000000e+02 9.303869980672322626e+00
4.360000000000000000e+02 8.849991651205113996e+00
4.380000000000000000e+02 7.200983209314369304e+00
4.400000000000000000e+02 8.523011463807691257e+00
4.420000000000000000e+02 9.784402952806900089e+00
4.440000000000000000e+02 9.046222668404503509e+00
4.460000000000000000e+02 9.172357685096139690e+00
4.480000000000000000e+02 8.687608139987426981e+00
4.500000000000000000e+02 8.524149173598019047e+00
4.520000000000000000e+02 7.569452054964317611e+00
4.540000000000000000e+02 1.015940006013691033e+01
4.560000000000000000e+02 7.706158165237633639e+00
4.580000000000000000e+02 6.563661419337438296e+00
4.600000000000000000e+02 7.521149834591205341e+00
4.620000000000000000e+02 7.927960019235104738e+00
4.640000000000000000e+02 7.847616287306601990e+00
4.660000000000000000e+02 7.401826209174243054e+00
4.680000000000000000e+02 6.398692296798699886e+00
4.700000000000000000e+02 8.581969545957848666e+00
4.720000000000000000e+02 8.886223626040809620e+00
4.740000000000000000e+02 9.322689371143649595e+00
4.760000000000000000e+02 8.450319553219914681e+00
4.780000000000000000e+02 9.250134974109542441e+00
4.800000000000000000e+02 9.387637649093397485e+00
4.820000000000000000e+02 9.302546483860165694e+00
4.840000000000000000e+02 9.342941296930341366e+00
4.860000000000000000e+02 8.102156168022139227e+00
4.880000000000000000e+02 7.899271971173042139e+00
4.900000000000000000e+02 9.344550288432964535e+00
4.920000000000000000e+02 9.052320976365898275e+00
4.940000000000000000e+02 8.302406914089386802e+00
4.960000000000000000e+02 8.029125308774142766e+00
4.980000000000000000e+02 9.080081467488140490e+00
5.000000000000000000e+02 8.904935144576064943e+00
5.020000000000000000e+02 1.043592503538276794e+01
5.040000000000000000e+02 8.850460103212187235e+00
5.060000000000000000e+02 9.324126127820752785e+00
5.080000000000000000e+02 8.787991521999527933e+00
5.100000000000000000e+02 9.252508205130864027e+00
5.120000000000000000e+02 8.832784625504547904e+00
5.140000000000000000e+02 9.053561884679366401e+00
5.160000000000000000e+02 9.582463965576819120e+00
5.180000000000000000e+02 1.052938807890461526e+01
5.200000000000000000e+02 8.088274808117851933e+00
5.220000000000000000e+02 9.874531388035050483e+00
5.240000000000000000e+02 9.038141272688624994e+00
5.260000000000000000e+02 9.435062758656917126e+00
5.280000000000000000e+02 9.304615590504724310e+00
5.300000000000000000e+02 8.462638770121987619e+00
5.320000000000000000e+02 7.550636963758893927e+00
5.340000000000000000e+02 9.367129522868054892e+00
5.360000000000000000e+02 9.551050067198401550e+00
5.380000000000000000e+02 1.044825208055859633e+01
5.400000000000000000e+02 9.012171705859580939e+00
5.420000000000000000e+02 1.021558366887888170e+01
5.440000000000000000e+02 9.375944661173537753e+00
5.460000000000000000e+02 8.890193164636892575e+00
5.480000000000000000e+02 9.477202757716847614e+00
5.500000000000000000e+02 1.002011189872077424e+01
5.520000000000000000e+02 9.125283393910491370e+00
5.540000000000000000e+02 1.064221338109572379e+01
5.560000000000000000e+02 1.032249241650161231e+01
5.580000000000000000e+02 9.961462523208354014e+00
5.600000000000000000e+02 8.899752362439407705e+00
5.620000000000000000e+02 9.232071913653035367e+00
5.640000000000000000e+02 7.859228206384717197e+00
5.660000000000000000e+02 8.642790736658794160e+00
5.680000000000000000e+02 9.050927558460344358e+00
5.700000000000000000e+02 8.201816183353756173e+00
5.720000000000000000e+02 1.076055636088978673e+01
5.740000000000000000e+02 1.165518127919415825e+01
5.760000000000000000e+02 8.462338635097903961e+00
5.780000000000000000e+02 9.813426345649821414e+00
5.800000000000000000e+02 8.652193371158713120e+00
5.820000000000000000e+02 8.279919909973909142e+00
5.840000000000000000e+02 7.419010547049819770e+00
5.860000000000000000e+02 9.463148179792868930e+00
5.880000000000000000e+02 7.871546519444527767e+00
5.900000000000000000e+02 8.567447202680412488e+00
5.920000000000000000e+02 7.783121482625091403e+00
5.940000000000000000e+02 8.998597759188127654e+00
