200.00000000000000000000   12
200.10000000000000000000   10
200.20000000000000000000   14
200.30000000000000000000   14
200.40000000000000000000   18
200.50000000000000000000   13
200.60000000000000000000   10
200.70000000000000000000   14
200.80000000000000000000   11
200.90000000000000000000   9
201.00000000000000000000   10
201.10000000000000000000   12
201.20000000000000000000   13
201.30000000000000000000   12
201.40000000000000000000   12
201.50000000000000000000   11
201.60000000000000000000   11
201.70000000000000000000   8
201.80000000000000000000   12
201.90000000000000000000   11
202.00000000000000000000   12
202.10000000000000000000   11
202.20000000000000000000   12
202.30000000000000000000   12
202.40000000000000000000   12
202.50000000000000000000   16
202.60000000000000000000   15
202.70000000000000000000   16
202.80000000000000000000   13
202.90000000000000000000   10
203.00000000000000000000   12
203.10000000000000000000   16
203.20000000000000000000   14
203.30000000000000000000   13
203.40000000000000000000   14
203.50000000000000000000   18
203.60000000000000000000   18
203.70000000000000000000   14
203.80000000000000000000   15
203.90000000000000000000   14
204.00000000000000000000   12
204.10000000000000000000   12
204.20000000000000000000   12
204.30000000000000000000   11
204.40000000000000000000   12
204.50000000000000000000   16
204.60000000000000000000   15
204.70000000000000000000   12
204.80000000000000000000   12
204.90000000000000000000   8
205.00000000000000000000   7
205.10000000000000000000   12
205.20000000000000000000   12
205.30000000000000000000   13
205.40000000000000000000   11
205.50000000000000000000   14
205.60000000000000000000   11
205.70000000000000000000   9
205.80000000000000000000   9
205.90000000000000000000   8
206.00000000000000000000   11
206.10000000000000000000   12
206.20000000000000000000   17
206.30000000000000000000   18
206.40000000000000000000   15
206.50000000000000000000   16
206.60000000000000000000   16
206.70000000000000000000   13
206.80000000000000000000   13
206.90000000000000000000   10
207.00000000000000000000   14
207.10000000000000000000   12
207.20000000000000000000   11
207.30000000000000000000   15
207.40000000000000000000   14
207.50000000000000000000   19
207.60000000000000000000   22
207.70000000000000000000   20
207.80000000000000000000   21
207.90000000000000000000   21
208.00000000000000000000   18
208.10000000000000000000   22
208.20000000000000000000   22
208.30000000000000000000   24
208.40000000000000000000   25
208.50000000000000000000   23
208.60000000000000000000   17
208.70000000000000000000   21
208.80000000000000000000   19
208.90000000000000000000   19
209.00000000000000000000   24
209.10000000000000000000   16
209.20000000000000000000   17
209.30000000000000000000   19
209.40000000000000000000   16
209.50000000000000000000   12
209.60000000000000000000   13
209.70000000000000000000   12
209.80000000000000000000   12
209.90000000000000000000   12
210.00000000000000000000   13
210.10000000000000000000   10
210.20000000000000000000   12
210.30000000000000000000   10
210.40000000000000000000   8
210.50000000000000000000   10
210.60000000000000000000   10
210.70000000000000000000   11
210.80000000000000000000   10
210.90000000000000000000   10
211.00000000000000000000   8
211.10000000000000000000   10
211.20000000000000000000   13
211.30000000000000000000   7
211.40000000000000000000   8
211.50000000000000000000   12
211.60000000000000000000   5
211.70000000000000000000   6
211.80000000000000000000   1
211.90000000000000000000   5
212.00000000000000000000   4
212.10000000000000000000   5
212.20000000000000000000   6
212.30000000000000000000   6
212.40000000000000000000   5
212.50000000000000000000   3
212.60000000000000000000   7
212.70000000000000000000   8
212.80000000000000000000   6
212.90000000000000000000   12
213.00000000000000000000   5
213.10000000000000000000   10
213.20000000000000000000   14
213.30000000000000000000   10
213.40000000000000000000   10
213.50000000000000000000   10
213.60000000000000000000   9
213.70000000000000000000   7
213.80000000000000000000   11
213.90000000000000000000   11
214.00000000000000000000   9
214.10000000000000000000   11
214.20000000000000000000   14
214.30000000000000000000   11
214.40000000000000000000   11
214.50000000000000000000   10
214.60000000000000000000   9
214.70000000000000000000   14
214.80000000000000000000   14
214.90000000000000000000   12
215.00000000000000000000   12
215.10000000000000000000   13
215.20000000000000000000   12
215.30000000000000000000   11
215.40000000000000000000   11
215.50000000000000000000   12
215.60000000000000000000   13
215.70000000000000000000   12
215.80000000000000000000   9
215.90000000000000000000   9
216.00000000000000000000   9
216.10000000000000000000   9
216.20000000000000000000   10
216.30000000000000000000   11
216.40000000000000000000   7
216.50000000000000000000   8
216.60000000000000000000   11
216.70000000000000000000   8
216.80000000000000000000   11
216.90000000000000000000   9
217.00000000000000000000   9
217.10000000000000000000   12
217.20000000000000000000   13
217.30000000000000000000   12
217.40000000000000000000   13
217.50000000000000000000   12
217.60000000000000000000   15
217.70000000000000000000   14
217.80000000000000000000   12
217.90000000000000000000   9
218.00000000000000000000   11
218.10000000000000000000   13
218.20000000000000000000   16
218.30000000000000000000   12
218.40000000000000000000   9
218.50000000000000000000   5
218.60000000000000000000   2
218.70000000000000000000   2
218.80000000000000000000   3
218.90000000000000000000   4
219.00000000000000000000   4
219.10000000000000000000   3
219.20000000000000000000   3
219.30000000000000000000   2
219.40000000000000000000   1
219.50000000000000000000   1
219.60000000000000000000   2
219.70000000000000000000   2
219.80000000000000000000   4
219.90000000000000000000   2
220.00000000000000000000   1
220.10000000000000000000   4
220.20000000000000000000   2
220.30000000000000000000   2
220.40000000000000000000   3
220.50000000000000000000   6
220.60000000000000000000   0
220.70000000000000000000   3
220.80000000000000000000   1
220.90000000000000000000   1
221.00000000000000000000   3
221.10000000000000000000   3
221.20000000000000000000   6
221.30000000000000000000   5
221.40000000000000000000   7
221.50000000000000000000   5
221.60000000000000000000   5
221.70000000000000000000   6
221.80000000000000000000   5
221.90000000000000000000   5
222.00000000000000000000   6
222.10000000000000000000   5
222.20000000000000000000   5
222.30000000000000000000   5
222.40000000000000000000   5
222.50000000000000000000   6
222.60000000000000000000   4
222.70000000000000000000   4
222.80000000000000000000   5
222.90000000000000000000   4
223.00000000000000000000   6
223.10000000000000000000   6
223.20000000000000000000   5
223.30000000000000000000   6
223.40000000000000000000   6
223.50000000000000000000   4
223.60000000000000000000   7
223.70000000000000000000   6
223.80000000000000000000   9
223.90000000000000000000   10
224.00000000000000000000   10
224.10000000000000000000   6
224.20000000000000000000   8
224.30000000000000000000   7
224.40000000000000000000   10
224.50000000000000000000   5
224.60000000000000000000   3
224.70000000000000000000   4
224.80000000000000000000   4
224.90000000000000000000   4
225.00000000000000000000   4
225.10000000000000000000   7
225.20000000000000000000   5
225.30000000000000000000   5
225.40000000000000000000   4
225.50000000000000000000   3
225.60000000000000000000   3
225.70000000000000000000   1
225.80000000000000000000   0
225.90000000000000000000   3
226.00000000000000000000   2
226.10000000000000000000   1
226.20000000000000000000   1
226.30000000000000000000   6
226.40000000000000000000   4
226.50000000000000000000   4
226.60000000000000000000   3
226.70000000000000000000   3
226.80000000000000000000   3
226.90000000000000000000   4
227.00000000000000000000   5
227.10000000000000000000   3
227.20000000000000000000   7
227.30000000000000000000   7
227.40000000000000000000   3
227.50000000000000000000   5
227.60000000000000000000   1
227.70000000000000000000   4
227.80000000000000000000   1
227.90000000000000000000   2
228.00000000000000000000   2
228.10000000000000000000   6
228.20000000000000000000   2
228.30000000000000000000   5
228.40000000000000000000   2
228.50000000000000000000   9
228.60000000000000000000   7
228.70000000000000000000   8
228.80000000000000000000   7
228.90000000000000000000   7
229.00000000000000000000   8
229.10000000000000000000   11
229.20000000000000000000   10
229.30000000000000000000   10
229.40000000000000000000   7
229.50000000000000000000   8
229.60000000000000000000   9
229.70000000000000000000   9
229.80000000000000000000   11
229.90000000000000000000   5
230.00000000000000000000   9
230.10000000000000000000   12
230.20000000000000000000   14
230.30000000000000000000   11
230.40000000000000000000   13
230.50000000000000000000   12
230.60000000000000000000   11
230.70000000000000000000   7
230.80000000000000000000   10
230.90000000000000000000   11
231.00000000000000000000   10
231.10000000000000000000   12
231.20000000000000000000   10
231.30000000000000000000   9
231.40000000000000000000   10
231.50000000000000000000   12
231.60000000000000000000   11
231.70000000000000000000   7
231.80000000000000000000   8
231.90000000000000000000   7
232.00000000000000000000   7
232.10000000000000000000   7
232.20000000000000000000   4
232.30000000000000000000   4
232.40000000000000000000   6
232.50000000000000000000   11
232.60000000000000000000   8
232.70000000000000000000   9
232.80000000000000000000   6
232.90000000000000000000   8
233.00000000000000000000   8
233.10000000000000000000   8
233.20000000000000000000   9
233.30000000000000000000   6
233.40000000000000000000   10
233.50000000000000000000   13
233.60000000000000000000   13
233.70000000000000000000   17
233.80000000000000000000   13
233.90000000000000000000   14
234.00000000000000000000   15
234.10000000000000000000   11
234.20000000000000000000   15
234.30000000000000000000   12
234.40000000000000000000   12
234.50000000000000000000   14
234.60000000000000000000   12
234.70000000000000000000   14
234.80000000000000000000   15
234.90000000000000000000   14
235.00000000000000000000   15
235.10000000000000000000   15
235.20000000000000000000   11
235.30000000000000000000   13
235.40000000000000000000   10
235.50000000000000000000   10
235.60000000000000000000   10
235.70000000000000000000   11
235.80000000000000000000   13
235.90000000000000000000   12
236.00000000000000000000   14
236.10000000000000000000   11
236.20000000000000000000   11
236.30000000000000000000   8
236.40000000000000000000   12
236.50000000000000000000   7
236.60000000000000000000   9
236.70000000000000000000   13
236.80000000000000000000   12
236.90000000000000000000   12
237.00000000000000000000   10
237.10000000000000000000   10
237.20000000000000000000   4
237.30000000000000000000   6
237.40000000000000000000   8
237.50000000000000000000   11
237.60000000000000000000   10
237.70000000000000000000   10
237.80000000000000000000   5
237.90000000000000000000   8
238.00000000000000000000   11
238.10000000000000000000   10
238.20000000000000000000   11
238.30000000000000000000   12
238.40000000000000000000   12
238.50000000000000000000   18
238.60000000000000000000   14
238.70000000000000000000   15
238.80000000000000000000   14
238.90000000000000000000   12
239.00000000000000000000   13
239.10000000000000000000   11
239.20000000000000000000   7
239.30000000000000000000   12
239.40000000000000000000   11
239.50000000000000000000   12
239.60000000000000000000   11
239.70000000000000000000   11
239.80000000000000000000   9
239.90000000000000000000   7
240.00000000000000000000   9
240.10000000000000000000   7
240.20000000000000000000   10
240.30000000000000000000   11
240.40000000000000000000   7
240.50000000000000000000   9
240.60000000000000000000   7
240.70000000000000000000   8
240.80000000000000000000   11
240.90000000000000000000   10
241.00000000000000000000   10
241.10000000000000000000   5
241.20000000000000000000   7
241.30000000000000000000   6
241.40000000000000000000   8
241.50000000000000000000   6
241.60000000000000000000   7
241.70000000000000000000   9
241.80000000000000000000   9
241.90000000000000000000   9
242.00000000000000000000   7
242.10000000000000000000   10
242.20000000000000000000   11
242.30000000000000000000   8
242.40000000000000000000   9
242.50000000000000000000   11
242.60000000000000000000   11
242.70000000000000000000   12
242.80000000000000000000   12
242.90000000000000000000   10
243.00000000000000000000   10
243.10000000000000000000   10
243.20000000000000000000   10
243.30000000000000000000   8
243.40000000000000000000   9
243.50000000000000000000   10
243.60000000000000000000   12
243.70000000000000000000   11
243.80000000000000000000   12
243.90000000000000000000   10
244.00000000000000000000   11
244.10000000000000000000   11
244.20000000000000000000   12
244.30000000000000000000   11
244.40000000000000000000   9
244.50000000000000000000   10
244.60000000000000000000   11
244.70000000000000000000   13
244.80000000000000000000   13
244.90000000000000000000   16
245.00000000000000000000   19
245.10000000000000000000   17
245.20000000000000000000   19
245.30000000000000000000   19
245.40000000000000000000   15
245.50000000000000000000   13
245.60000000000000000000   16
245.70000000000000000000   20
245.80000000000000000000   22
245.90000000000000000000   19
246.00000000000000000000   19
246.10000000000000000000   17
246.20000000000000000000   13
246.30000000000000000000   12
246.40000000000000000000   13
246.50000000000000000000   16
246.60000000000000000000   11
246.70000000000000000000   8
246.80000000000000000000   15
246.90000000000000000000   11
247.00000000000000000000   15
247.10000000000000000000   20
247.20000000000000000000   7
247.30000000000000000000   8
247.40000000000000000000   9
247.50000000000000000000   4
247.60000000000000000000   11
247.70000000000000000000   8
247.80000000000000000000   9
247.90000000000000000000   12
248.00000000000000000000   11
248.10000000000000000000   8
248.20000000000000000000   11
248.30000000000000000000   12
248.40000000000000000000   10
248.50000000000000000000   7
248.60000000000000000000   15
248.70000000000000000000   10
248.80000000000000000000   8
248.90000000000000000000   10
249.00000000000000000000   4
249.10000000000000000000   6
249.20000000000000000000   3
249.30000000000000000000   5
249.40000000000000000000   4
249.50000000000000000000   2
249.60000000000000000000   2
249.70000000000000000000   4
249.80000000000000000000   5
249.90000000000000000000   5
250.00000000000000000000   7
250.10000000000000000000   15
250.20000000000000000000   13
250.30000000000000000000   13
250.40000000000000000000   10
250.50000000000000000000   9
250.60000000000000000000   8
250.70000000000000000000   7
250.80000000000000000000   9
250.90000000000000000000   5
251.00000000000000000000   11
251.10000000000000000000   10
251.20000000000000000000   5
251.30000000000000000000   2
251.40000000000000000000   3
251.50000000000000000000   5
251.60000000000000000000   2
251.70000000000000000000   1
251.80000000000000000000   4
251.90000000000000000000   11
252.00000000000000000000   11
252.10000000000000000000   2
252.20000000000000000000   3
252.30000000000000000000   1
252.40000000000000000000   4
252.50000000000000000000   8
252.60000000000000000000   10
252.70000000000000000000   7
252.80000000000000000000   10
252.90000000000000000000   10
253.00000000000000000000   10
253.10000000000000000000   10
253.20000000000000000000   10
253.30000000000000000000   11
253.40000000000000000000   12
253.50000000000000000000   15
253.60000000000000000000   9
253.70000000000000000000   9
253.80000000000000000000   10
253.90000000000000000000   13
254.00000000000000000000   13
254.10000000000000000000   7
254.20000000000000000000   11
254.30000000000000000000   14
254.40000000000000000000   15
254.50000000000000000000   14
254.60000000000000000000   15
254.70000000000000000000   15
254.80000000000000000000   10
254.90000000000000000000   10
255.00000000000000000000   8
255.10000000000000000000   8
255.20000000000000000000   10
255.30000000000000000000   9
255.40000000000000000000   10
255.50000000000000000000   12
255.60000000000000000000   11
255.70000000000000000000   7
255.80000000000000000000   10
255.90000000000000000000   14
256.00000000000000000000   14
256.10000000000000000000   14
256.20000000000000000000   9
256.30000000000000000000   9
256.40000000000000000000   9
256.50000000000000000000   8
256.60000000000000000000   10
256.70000000000000000000   6
256.80000000000000000000   9
256.90000000000000000000   10
257.00000000000000000000   9
257.10000000000000000000   10
257.20000000000000000000   10
257.30000000000000000000   10
257.40000000000000000000   7
257.50000000000000000000   8
257.60000000000000000000   10
257.70000000000000000000   11
257.80000000000000000000   12
257.90000000000000000000   10
258.00000000000000000000   9
258.10000000000000000000   8
258.20000000000000000000   8
258.30000000000000000000   10
258.40000000000000000000   5
258.50000000000000000000   5
258.60000000000000000000   6
258.70000000000000000000   8
258.80000000000000000000   9
258.90000000000000000000   8
259.00000000000000000000   9
259.10000000000000000000   10
259.20000000000000000000   11
259.30000000000000000000   11
259.40000000000000000000   13
259.50000000000000000000   10
259.60000000000000000000   13
259.70000000000000000000   12
259.80000000000000000000   14
259.90000000000000000000   13
260.00000000000000000000   12
260.10000000000000000000   15
260.20000000000000000000   15
260.30000000000000000000   15
260.40000000000000000000   14
260.50000000000000000000   13
260.60000000000000000000   15
260.70000000000000000000   12
260.80000000000000000000   13
260.90000000000000000000   13
261.00000000000000000000   15
261.10000000000000000000   14
261.20000000000000000000   9
261.30000000000000000000   13
261.40000000000000000000   10
261.50000000000000000000   14
261.60000000000000000000   5
261.70000000000000000000   8
261.80000000000000000000   2
261.90000000000000000000   6
262.00000000000000000000   9
262.10000000000000000000   11
262.20000000000000000000   7
262.30000000000000000000   10
262.40000000000000000000   7
262.50000000000000000000   5
262.60000000000000000000   3
262.70000000000000000000   3
262.80000000000000000000   6
262.90000000000000000000   6
263.00000000000000000000   4
263.10000000000000000000   2
263.20000000000000000000   0
263.30000000000000000000   0
263.40000000000000000000   5
263.50000000000000000000   5
263.60000000000000000000   7
263.70000000000000000000   8
263.80000000000000000000   12
263.90000000000000000000   13
264.00000000000000000000   15
264.10000000000000000000   15
264.20000000000000000000   11
264.30000000000000000000   9
264.40000000000000000000   9
264.50000000000000000000   9
264.60000000000000000000   9
264.70000000000000000000   10
264.80000000000000000000   9
264.90000000000000000000   9
265.00000000000000000000   8
265.10000000000000000000   11
265.20000000000000000000   8
265.30000000000000000000   11
265.40000000000000000000   8
265.50000000000000000000   9
265.60000000000000000000   9
265.70000000000000000000   9
265.80000000000000000000   12
265.90000000000000000000   11
266.00000000000000000000   11
266.10000000000000000000   7
266.20000000000000000000   7
266.30000000000000000000   6
266.40000000000000000000   6
266.50000000000000000000   11
266.60000000000000000000   9
266.70000000000000000000   11
266.80000000000000000000   8
266.90000000000000000000   8
267.00000000000000000000   6
267.10000000000000000000   10
267.20000000000000000000   8
267.30000000000000000000   11
267.40000000000000000000   12
267.50000000000000000000   14
267.60000000000000000000   7
267.70000000000000000000   8
267.80000000000000000000   11
267.90000000000000000000   14
268.00000000000000000000   13
268.10000000000000000000   9
268.20000000000000000000   10
268.30000000000000000000   8
268.40000000000000000000   8
268.50000000000000000000   10
268.60000000000000000000   8
268.70000000000000000000   7
268.80000000000000000000   9
268.90000000000000000000   10
269.00000000000000000000   5
269.10000000000000000000   9
269.20000000000000000000   8
269.30000000000000000000   5
269.40000000000000000000   5
269.50000000000000000000   8
269.60000000000000000000   12
269.70000000000000000000   10
269.80000000000000000000   12
269.90000000000000000000   11
270.00000000000000000000   11
270.10000000000000000000   10
270.20000000000000000000   9
270.30000000000000000000   9
270.40000000000000000000   8
270.50000000000000000000   8
270.60000000000000000000   9
270.70000000000000000000   7
270.80000000000000000000   8
270.90000000000000000000   0
271.00000000000000000000   3
271.10000000000000000000   1
271.20000000000000000000   0
271.30000000000000000000   2
271.40000000000000000000   5
271.50000000000000000000   4
271.60000000000000000000   5
271.70000000000000000000   2
271.80000000000000000000   5
271.90000000000000000000   5
272.00000000000000000000   10
272.10000000000000000000   11
272.20000000000000000000   5
272.30000000000000000000   4
272.40000000000000000000   4
272.50000000000000000000   4
272.60000000000000000000   3
272.70000000000000000000   0
272.80000000000000000000   4
272.90000000000000000000   9
273.00000000000000000000   6
273.10000000000000000000   8
273.20000000000000000000   7
273.30000000000000000000   4
273.40000000000000000000   1
273.50000000000000000000   0
273.60000000000000000000   1
273.70000000000000000000   2
273.80000000000000000000   1
273.90000000000000000000   0
274.00000000000000000000   0
274.10000000000000000000   3
274.20000000000000000000   2
274.30000000000000000000   7
274.40000000000000000000   6
274.50000000000000000000   9
274.60000000000000000000   4
274.70000000000000000000   2
274.80000000000000000000   2
274.90000000000000000000   4
275.00000000000000000000   3
275.10000000000000000000   2
275.20000000000000000000   3
275.30000000000000000000   2
275.40000000000000000000   3
275.50000000000000000000   1
275.60000000000000000000   0
275.70000000000000000000   0
275.80000000000000000000   0
275.90000000000000000000   0
276.00000000000000000000   2
276.10000000000000000000   1
276.20000000000000000000   0
276.30000000000000000000   1
276.40000000000000000000   0
276.50000000000000000000   0
276.60000000000000000000   2
276.70000000000000000000   2
276.80000000000000000000   4
276.90000000000000000000   2
277.00000000000000000000   2
277.10000000000000000000   6
277.20000000000000000000   1
277.30000000000000000000   2
277.40000000000000000000   1
277.50000000000000000000   4
277.60000000000000000000   4
277.70000000000000000000   4
277.80000000000000000000   3
277.90000000000000000000   6
278.00000000000000000000   3
278.10000000000000000000   7
278.20000000000000000000   10
278.30000000000000000000   8
278.40000000000000000000   11
278.50000000000000000000   13
278.60000000000000000000   10
278.70000000000000000000   9
278.80000000000000000000   9
278.90000000000000000000   7
279.00000000000000000000   6
279.10000000000000000000   9
279.20000000000000000000   7
279.30000000000000000000   7
279.40000000000000000000   6
279.50000000000000000000   7
279.60000000000000000000   5
279.70000000000000000000   5
279.80000000000000000000   4
279.90000000000000000000   1
280.00000000000000000000   1
280.10000000000000000000   2
280.20000000000000000000   2
280.30000000000000000000   5
280.40000000000000000000   8
280.50000000000000000000   6
280.60000000000000000000   4
280.70000000000000000000   5
280.80000000000000000000   6
280.90000000000000000000   3
281.00000000000000000000   5
281.10000000000000000000   6
281.20000000000000000000   9
281.30000000000000000000   6
281.40000000000000000000   8
281.50000000000000000000   10
281.60000000000000000000   11
281.70000000000000000000   9
281.80000000000000000000   6
281.90000000000000000000   6
282.00000000000000000000   8
282.10000000000000000000   6
282.20000000000000000000   5
282.30000000000000000000   6
282.40000000000000000000   7
282.50000000000000000000   9
282.60000000000000000000   6
282.70000000000000000000   9
282.80000000000000000000   1
282.90000000000000000000   0
283.00000000000000000000   6
283.10000000000000000000   6
283.20000000000000000000   7
283.30000000000000000000   11
283.40000000000000000000   11
283.50000000000000000000   8
283.60000000000000000000   5
283.70000000000000000000   6
283.80000000000000000000   2
283.90000000000000000000   7
284.00000000000000000000   0
284.10000000000000000000   5
284.20000000000000000000   9
284.30000000000000000000   7
284.40000000000000000000   3
284.50000000000000000000   3
284.60000000000000000000   3
284.70000000000000000000   0
284.80000000000000000000   4
284.90000000000000000000   3
285.00000000000000000000   5
285.10000000000000000000   8
285.20000000000000000000   7
285.30000000000000000000   6
285.40000000000000000000   6
285.50000000000000000000   5
285.60000000000000000000   9
285.70000000000000000000   4
285.80000000000000000000   4
285.90000000000000000000   4
286.00000000000000000000   8
286.10000000000000000000   8
286.20000000000000000000   6
286.30000000000000000000   9
286.40000000000000000000   5
286.50000000000000000000   4
286.60000000000000000000   4
286.70000000000000000000   5
286.80000000000000000000   3
286.90000000000000000000   3
287.00000000000000000000   5
287.10000000000000000000   1
287.20000000000000000000   1
287.30000000000000000000   2
287.40000000000000000000   1
287.50000000000000000000   0
287.60000000000000000000   1
287.70000000000000000000   3
287.80000000000000000000   2
287.90000000000000000000   1
288.00000000000000000000   0
288.10000000000000000000   1
288.20000000000000000000   1
288.30000000000000000000   3
288.40000000000000000000   3
288.50000000000000000000   6
288.60000000000000000000   8
288.70000000000000000000   10
288.80000000000000000000   11
288.90000000000000000000   1
289.00000000000000000000   5
289.10000000000000000000   9
289.20000000000000000000   13
289.30000000000000000000   12
289.40000000000000000000   12
289.50000000000000000000   13
289.60000000000000000000   13
289.70000000000000000000   12
289.80000000000000000000   11
289.90000000000000000000   11
290.00000000000000000000   9
290.10000000000000000000   10
290.20000000000000000000   8
290.30000000000000000000   9
290.40000000000000000000   14
290.50000000000000000000   13
290.60000000000000000000   13
290.70000000000000000000   4
290.80000000000000000000   8
290.90000000000000000000   9
291.00000000000000000000   9
291.10000000000000000000   10
291.20000000000000000000   10
291.30000000000000000000   11
291.40000000000000000000   10
291.50000000000000000000   9
291.60000000000000000000   14
291.70000000000000000000   13
291.80000000000000000000   11
291.90000000000000000000   12
292.00000000000000000000   13
292.10000000000000000000   6
292.20000000000000000000   10
292.30000000000000000000   8
292.40000000000000000000   7
292.50000000000000000000   8
292.60000000000000000000   4
292.70000000000000000000   8
292.80000000000000000000   5
292.90000000000000000000   7
293.00000000000000000000   5
293.10000000000000000000   6
293.20000000000000000000   7
293.30000000000000000000   7
293.40000000000000000000   2
293.50000000000000000000   3
293.60000000000000000000   2
293.70000000000000000000   7
293.80000000000000000000   5
293.90000000000000000000   7
294.00000000000000000000   7
294.10000000000000000000   7
294.20000000000000000000   11
294.30000000000000000000   13
294.40000000000000000000   11
294.50000000000000000000   11
294.60000000000000000000   9
294.70000000000000000000   9
294.80000000000000000000   8
294.90000000000000000000   12
295.00000000000000000000   12
295.10000000000000000000   12
295.20000000000000000000   7
295.30000000000000000000   10
295.40000000000000000000   10
295.50000000000000000000   12
295.60000000000000000000   6
295.70000000000000000000   8
295.80000000000000000000   4
295.90000000000000000000   9
296.00000000000000000000   6
296.10000000000000000000   10
296.20000000000000000000   8
296.30000000000000000000   7
296.40000000000000000000   12
296.50000000000000000000   9
296.60000000000000000000   7
296.70000000000000000000   7
296.80000000000000000000   9
296.90000000000000000000   9
297.00000000000000000000   11
297.10000000000000000000   9
297.20000000000000000000   5
297.30000000000000000000   7
297.40000000000000000000   8
297.50000000000000000000   7
297.60000000000000000000   10
297.70000000000000000000   9
297.80000000000000000000   10
297.90000000000000000000   11
298.00000000000000000000   7
298.10000000000000000000   5
298.20000000000000000000   4
298.30000000000000000000   5
298.40000000000000000000   4
298.50000000000000000000   4
298.60000000000000000000   4
298.70000000000000000000   6
298.80000000000000000000   7
298.90000000000000000000   7
299.00000000000000000000   4
299.10000000000000000000   7
299.20000000000000000000   5
299.30000000000000000000   4
299.40000000000000000000   9
299.50000000000000000000   7
299.60000000000000000000   6
299.70000000000000000000   4
299.80000000000000000000   5
299.90000000000000000000   5
300.00000000000000000000   8
300.10000000000000000000   8
300.20000000000000000000   8
300.30000000000000000000   10
300.40000000000000000000   9
300.50000000000000000000   7
300.60000000000000000000   11
300.70000000000000000000   5
300.80000000000000000000   8
300.90000000000000000000   11
301.00000000000000000000   8
301.10000000000000000000   10
301.20000000000000000000   11
301.30000000000000000000   9
301.40000000000000000000   9
301.50000000000000000000   9
301.60000000000000000000   9
301.70000000000000000000   12
301.80000000000000000000   13
301.90000000000000000000   9
302.00000000000000000000   13
302.10000000000000000000   13
302.20000000000000000000   11
302.30000000000000000000   10
302.40000000000000000000   12
302.50000000000000000000   10
302.60000000000000000000   11
302.70000000000000000000   15
302.80000000000000000000   16
302.90000000000000000000   14
303.00000000000000000000   15
303.10000000000000000000   14
303.20000000000000000000   15
303.30000000000000000000   17
303.40000000000000000000   11
303.50000000000000000000   10
303.60000000000000000000   11
303.70000000000000000000   13
303.80000000000000000000   10
303.90000000000000000000   10
304.00000000000000000000   9
304.10000000000000000000   12
304.20000000000000000000   13
304.30000000000000000000   14
304.40000000000000000000   16
304.50000000000000000000   17
304.60000000000000000000   13
304.70000000000000000000   15
304.80000000000000000000   10
304.90000000000000000000   13
305.00000000000000000000   12
305.10000000000000000000   14
305.20000000000000000000   13
305.30000000000000000000   11
305.40000000000000000000   12
305.50000000000000000000   12
305.60000000000000000000   13
305.70000000000000000000   12
305.80000000000000000000   13
305.90000000000000000000   14
306.00000000000000000000   15
306.10000000000000000000   13
306.20000000000000000000   11
306.30000000000000000000   14
306.40000000000000000000   10
306.50000000000000000000   14
306.60000000000000000000   14
306.70000000000000000000   13
306.80000000000000000000   11
306.90000000000000000000   4
307.00000000000000000000   6
307.10000000000000000000   9
307.20000000000000000000   9
307.30000000000000000000   6
307.40000000000000000000   4
307.50000000000000000000   8
307.60000000000000000000   2
307.70000000000000000000   4
307.80000000000000000000   3
307.90000000000000000000   2
308.00000000000000000000   2
308.10000000000000000000   4
308.20000000000000000000   4
308.30000000000000000000   5
308.40000000000000000000   8
308.50000000000000000000   4
308.60000000000000000000   7
308.70000000000000000000   8
308.80000000000000000000   8
308.90000000000000000000   5
309.00000000000000000000   5
309.10000000000000000000   6
309.20000000000000000000   7
309.30000000000000000000   7
309.40000000000000000000   4
309.50000000000000000000   4
309.60000000000000000000   4
309.70000000000000000000   6
309.80000000000000000000   11
309.90000000000000000000   9
310.00000000000000000000   6
310.10000000000000000000   7
310.20000000000000000000   8
310.30000000000000000000   7
310.40000000000000000000   9
310.50000000000000000000   5
310.60000000000000000000   5
310.70000000000000000000   7
310.80000000000000000000   12
310.90000000000000000000   15
311.00000000000000000000   16
311.10000000000000000000   19
311.20000000000000000000   11
311.30000000000000000000   11
311.40000000000000000000   12
311.50000000000000000000   11
311.60000000000000000000   11
311.70000000000000000000   10
311.80000000000000000000   10
311.90000000000000000000   9
312.00000000000000000000   13
312.10000000000000000000   14
312.20000000000000000000   12
312.30000000000000000000   9
312.40000000000000000000   11
312.50000000000000000000   10
312.60000000000000000000   9
312.70000000000000000000   7
312.80000000000000000000   7
312.90000000000000000000   9
313.00000000000000000000   7
313.10000000000000000000   9
313.20000000000000000000   9
313.30000000000000000000   7
313.40000000000000000000   7
313.50000000000000000000   9
313.60000000000000000000   10
313.70000000000000000000   8
313.80000000000000000000   8
313.90000000000000000000   7
314.00000000000000000000   10
314.10000000000000000000   10
314.20000000000000000000   8
314.30000000000000000000   6
314.40000000000000000000   9
314.50000000000000000000   12
314.60000000000000000000   13
314.70000000000000000000   10
314.80000000000000000000   9
314.90000000000000000000   12
315.00000000000000000000   11
315.10000000000000000000   14
315.20000000000000000000   11
315.30000000000000000000   9
315.40000000000000000000   6
315.50000000000000000000   4
315.60000000000000000000   7
315.70000000000000000000   11
315.80000000000000000000   8
315.90000000000000000000   7
316.00000000000000000000   8
316.10000000000000000000   9
316.20000000000000000000   8
316.30000000000000000000   10
316.40000000000000000000   8
316.50000000000000000000   11
316.60000000000000000000   11
316.70000000000000000000   12
316.80000000000000000000   11
316.90000000000000000000   13
317.00000000000000000000   14
317.10000000000000000000   13
317.20000000000000000000   11
317.30000000000000000000   11
317.40000000000000000000   10
317.50000000000000000000   9
317.60000000000000000000   8
317.70000000000000000000   10
317.80000000000000000000   15
317.90000000000000000000   11
318.00000000000000000000   15
318.10000000000000000000   12
318.20000000000000000000   9
318.30000000000000000000   11
318.40000000000000000000   13
318.50000000000000000000   12
318.60000000000000000000   13
318.70000000000000000000   14
318.80000000000000000000   12
318.90000000000000000000   13
319.00000000000000000000   7
319.10000000000000000000   5
319.20000000000000000000   6
319.30000000000000000000   8
319.40000000000000000000   6
319.50000000000000000000   9
319.60000000000000000000   8
319.70000000000000000000   12
319.80000000000000000000   12
319.90000000000000000000   12
320.00000000000000000000   13
320.10000000000000000000   11
320.20000000000000000000   19
320.30000000000000000000   14
320.40000000000000000000   12
320.50000000000000000000   10
320.60000000000000000000   13
320.70000000000000000000   14
320.80000000000000000000   17
320.90000000000000000000   14
321.00000000000000000000   12
321.10000000000000000000   16
321.20000000000000000000   13
321.30000000000000000000   12
321.40000000000000000000   9
321.50000000000000000000   14
321.60000000000000000000   10
321.70000000000000000000   8
321.80000000000000000000   13
321.90000000000000000000   11
322.00000000000000000000   13
322.10000000000000000000   9
322.20000000000000000000   12
322.30000000000000000000   15
322.40000000000000000000   10
322.50000000000000000000   9
322.60000000000000000000   7
322.70000000000000000000   5
322.80000000000000000000   7
322.90000000000000000000   10
323.00000000000000000000   8
323.10000000000000000000   7
323.20000000000000000000   5
323.30000000000000000000   3
323.40000000000000000000   2
323.50000000000000000000   4
323.60000000000000000000   4
323.70000000000000000000   3
323.80000000000000000000   4
323.90000000000000000000   4
324.00000000000000000000   1
324.10000000000000000000   5
324.20000000000000000000   6
324.30000000000000000000   5
324.40000000000000000000   4
324.50000000000000000000   4
324.60000000000000000000   3
324.70000000000000000000   3
324.80000000000000000000   7
324.90000000000000000000   5
325.00000000000000000000   7
325.10000000000000000000   6
325.20000000000000000000   5
325.30000000000000000000   5
325.40000000000000000000   5
325.50000000000000000000   4
325.60000000000000000000   4
325.70000000000000000000   5
325.80000000000000000000   9
325.90000000000000000000   4
326.00000000000000000000   7
326.10000000000000000000   7
326.20000000000000000000   3
326.30000000000000000000   4
326.40000000000000000000   5
326.50000000000000000000   3
326.60000000000000000000   3
326.70000000000000000000   2
326.80000000000000000000   2
326.90000000000000000000   2
327.00000000000000000000   3
327.10000000000000000000   3
327.20000000000000000000   4
327.30000000000000000000   4
327.40000000000000000000   2
327.50000000000000000000   6
327.60000000000000000000   5
327.70000000000000000000   7
327.80000000000000000000   4
327.90000000000000000000   5
328.00000000000000000000   7
328.10000000000000000000   7
328.20000000000000000000   11
328.30000000000000000000   10
328.40000000000000000000   8
328.50000000000000000000   7
328.60000000000000000000   4
328.70000000000000000000   7
328.80000000000000000000   11
328.90000000000000000000   9
329.00000000000000000000   4
329.10000000000000000000   4
329.20000000000000000000   9
329.30000000000000000000   9
329.40000000000000000000   8
329.50000000000000000000   7
329.60000000000000000000   10
329.70000000000000000000   8
329.80000000000000000000   13
329.90000000000000000000   10
330.00000000000000000000   8
330.10000000000000000000   12
330.20000000000000000000   9
330.30000000000000000000   14
330.40000000000000000000   12
330.50000000000000000000   15
330.60000000000000000000   14
330.70000000000000000000   15
330.80000000000000000000   16
330.90000000000000000000   17
331.00000000000000000000   15
331.10000000000000000000   17
331.20000000000000000000   10
331.30000000000000000000   12
331.40000000000000000000   12
331.50000000000000000000   13
331.60000000000000000000   13
331.70000000000000000000   12
331.80000000000000000000   12
331.90000000000000000000   13
332.00000000000000000000   12
332.10000000000000000000   10
332.20000000000000000000   8
332.30000000000000000000   10
332.40000000000000000000   10
332.50000000000000000000   11
332.60000000000000000000   10
332.70000000000000000000   11
332.80000000000000000000   10
332.90000000000000000000   12
333.00000000000000000000   9
333.10000000000000000000   15
333.20000000000000000000   9
333.30000000000000000000   12
333.40000000000000000000   13
333.50000000000000000000   8
333.60000000000000000000   9
333.70000000000000000000   9
333.80000000000000000000   10
333.90000000000000000000   10
334.00000000000000000000   9
334.10000000000000000000   11
334.20000000000000000000   11
334.30000000000000000000   9
334.40000000000000000000   7
334.50000000000000000000   11
334.60000000000000000000   9
334.70000000000000000000   11
334.80000000000000000000   14
334.90000000000000000000   14
335.00000000000000000000   8
335.10000000000000000000   8
335.20000000000000000000   9
335.30000000000000000000   9
335.40000000000000000000   8
335.50000000000000000000   7
335.60000000000000000000   8
335.70000000000000000000   10
335.80000000000000000000   8
335.90000000000000000000   6
336.00000000000000000000   7
336.10000000000000000000   5
336.20000000000000000000   6
336.30000000000000000000   7
336.40000000000000000000   10
336.50000000000000000000   10
336.60000000000000000000   10
336.70000000000000000000   15
336.80000000000000000000   6
336.90000000000000000000   5
337.00000000000000000000   7
337.10000000000000000000   8
337.20000000000000000000   8
337.30000000000000000000   10
337.40000000000000000000   7
337.50000000000000000000   5
337.60000000000000000000   5
337.70000000000000000000   1
337.80000000000000000000   3
337.90000000000000000000   2
338.00000000000000000000   6
338.10000000000000000000   1
338.20000000000000000000   1
338.30000000000000000000   0
338.40000000000000000000   2
338.50000000000000000000   0
338.60000000000000000000   5
338.70000000000000000000   4
338.80000000000000000000   4
338.90000000000000000000   6
339.00000000000000000000   6
339.10000000000000000000   7
339.20000000000000000000   5
339.30000000000000000000   1
339.40000000000000000000   7
339.50000000000000000000   8
339.60000000000000000000   5
339.70000000000000000000   1
339.80000000000000000000   5
339.90000000000000000000   9
340.00000000000000000000   7
340.10000000000000000000   7
340.20000000000000000000   10
340.30000000000000000000   10
340.40000000000000000000   13
340.50000000000000000000   6
340.60000000000000000000   7
340.70000000000000000000   6
340.80000000000000000000   8
340.90000000000000000000   6
341.00000000000000000000   6
341.10000000000000000000   8
341.20000000000000000000   4
341.30000000000000000000   7
341.40000000000000000000   3
341.50000000000000000000   0
341.60000000000000000000   2
341.70000000000000000000   3
341.80000000000000000000   5
341.90000000000000000000   5
342.00000000000000000000   5
342.10000000000000000000   6
342.20000000000000000000   8
342.30000000000000000000   8
342.40000000000000000000   4
342.50000000000000000000   0
342.60000000000000000000   1
342.70000000000000000000   3
342.80000000000000000000   7
342.90000000000000000000   1
343.00000000000000000000   4
343.10000000000000000000   2
343.20000000000000000000   0
343.30000000000000000000   1
343.40000000000000000000   5
343.50000000000000000000   4
343.60000000000000000000   5
343.70000000000000000000   11
343.80000000000000000000   6
343.90000000000000000000   6
344.00000000000000000000   8
344.10000000000000000000   4
344.20000000000000000000   4
344.30000000000000000000   1
344.40000000000000000000   2
344.50000000000000000000   3
344.60000000000000000000   8
344.70000000000000000000   0
344.80000000000000000000   3
344.90000000000000000000   4
345.00000000000000000000   5
345.10000000000000000000   8
345.20000000000000000000   8
345.30000000000000000000   6
345.40000000000000000000   5
345.50000000000000000000   7
345.60000000000000000000   4
345.70000000000000000000   5
345.80000000000000000000   8
345.90000000000000000000   11
346.00000000000000000000   5
346.10000000000000000000   4
346.20000000000000000000   4
346.30000000000000000000   5
346.40000000000000000000   5
346.50000000000000000000   6
346.60000000000000000000   13
346.70000000000000000000   12
346.80000000000000000000   9
346.90000000000000000000   9
347.00000000000000000000   10
347.10000000000000000000   10
347.20000000000000000000   12
347.30000000000000000000   8
347.40000000000000000000   9
347.50000000000000000000   9
347.60000000000000000000   10
347.70000000000000000000   7
347.80000000000000000000   8
347.90000000000000000000   8
348.00000000000000000000   10
348.10000000000000000000   9
348.20000000000000000000   10
348.30000000000000000000   7
348.40000000000000000000   7
348.50000000000000000000   8
348.60000000000000000000   9
348.70000000000000000000   10
348.80000000000000000000   10
348.90000000000000000000   9
349.00000000000000000000   13
349.10000000000000000000   9
349.20000000000000000000   10
349.30000000000000000000   9
349.40000000000000000000   8
349.50000000000000000000   8
349.60000000000000000000   10
349.70000000000000000000   13
349.80000000000000000000   6
349.90000000000000000000   6
350.00000000000000000000   9
350.10000000000000000000   9
350.20000000000000000000   5
350.30000000000000000000   9
350.40000000000000000000   12
350.50000000000000000000   8
350.60000000000000000000   8
350.70000000000000000000   9
350.80000000000000000000   13
350.90000000000000000000   12
351.00000000000000000000   11
351.10000000000000000000   16
351.20000000000000000000   14
351.30000000000000000000   14
351.40000000000000000000   14
351.50000000000000000000   11
351.60000000000000000000   13
351.70000000000000000000   12
351.80000000000000000000   9
351.90000000000000000000   13
352.00000000000000000000   12
352.10000000000000000000   8
352.20000000000000000000   9
352.30000000000000000000   9
352.40000000000000000000   12
352.50000000000000000000   11
352.60000000000000000000   14
352.70000000000000000000   13
352.80000000000000000000   12
352.90000000000000000000   12
353.00000000000000000000   14
353.10000000000000000000   10
353.20000000000000000000   12
353.30000000000000000000   14
353.40000000000000000000   12
353.50000000000000000000   12
353.60000000000000000000   14
353.70000000000000000000   12
353.80000000000000000000   10
353.90000000000000000000   12
354.00000000000000000000   4
354.10000000000000000000   6
354.20000000000000000000   5
354.30000000000000000000   6
354.40000000000000000000   13
354.50000000000000000000   12
354.60000000000000000000   11
354.70000000000000000000   10
354.80000000000000000000   11
354.90000000000000000000   9
355.00000000000000000000   11
355.10000000000000000000   9
355.20000000000000000000   11
355.30000000000000000000   9
355.40000000000000000000   7
355.50000000000000000000   7
355.60000000000000000000   9
355.70000000000000000000   9
355.80000000000000000000   7
355.90000000000000000000   5
356.00000000000000000000   6
356.10000000000000000000   9
356.20000000000000000000   8
356.30000000000000000000   9
356.40000000000000000000   12
356.50000000000000000000   8
356.60000000000000000000   5
356.70000000000000000000   4
356.80000000000000000000   3
356.90000000000000000000   2
357.00000000000000000000   5
357.10000000000000000000   5
357.20000000000000000000   1
357.30000000000000000000   6
357.40000000000000000000   8
357.50000000000000000000   8
357.60000000000000000000   3
357.70000000000000000000   0
357.80000000000000000000   1
357.90000000000000000000   3
358.00000000000000000000   11
358.10000000000000000000   8
358.20000000000000000000   8
358.30000000000000000000   11
358.40000000000000000000   10
358.50000000000000000000   10
358.60000000000000000000   12
358.70000000000000000000   8
358.80000000000000000000   7
358.90000000000000000000   1
359.00000000000000000000   10
359.10000000000000000000   5
359.20000000000000000000   5
359.30000000000000000000   3
359.40000000000000000000   5
359.50000000000000000000   5
359.60000000000000000000   6
359.70000000000000000000   4
359.80000000000000000000   5
359.90000000000000000000   5
360.00000000000000000000   4
360.10000000000000000000   5
360.20000000000000000000   9
360.30000000000000000000   8
360.40000000000000000000   6
360.50000000000000000000   4
360.60000000000000000000   4
360.70000000000000000000   4
360.80000000000000000000   4
360.90000000000000000000   3
361.00000000000000000000   3
361.10000000000000000000   0
361.20000000000000000000   4
361.30000000000000000000   4
361.40000000000000000000   6
361.50000000000000000000   5
361.60000000000000000000   8
361.70000000000000000000   6
361.80000000000000000000   4
361.90000000000000000000   6
362.00000000000000000000   0
362.10000000000000000000   2
362.20000000000000000000   0
362.30000000000000000000   2
362.40000000000000000000   0
362.50000000000000000000   0
362.60000000000000000000   1
362.70000000000000000000   5
362.80000000000000000000   4
362.90000000000000000000   5
363.00000000000000000000   4
363.10000000000000000000   2
363.20000000000000000000   7
363.30000000000000000000   5
363.40000000000000000000   6
363.50000000000000000000   8
363.60000000000000000000   3
363.70000000000000000000   3
363.80000000000000000000   1
363.90000000000000000000   3
364.00000000000000000000   4
364.10000000000000000000   1
364.20000000000000000000   0
364.30000000000000000000   3
364.40000000000000000000   0
364.50000000000000000000   0
364.60000000000000000000   0
364.70000000000000000000   0
364.80000000000000000000   3
364.90000000000000000000   6
365.00000000000000000000   10
365.10000000000000000000   11
365.20000000000000000000   10
365.30000000000000000000   16
365.40000000000000000000   9
365.50000000000000000000   7
365.60000000000000000000   8
365.70000000000000000000   9
365.80000000000000000000   6
365.90000000000000000000   1
366.00000000000000000000   5
366.10000000000000000000   4
366.20000000000000000000   2
366.30000000000000000000   5
366.40000000000000000000   5
366.50000000000000000000   5
366.60000000000000000000   5
366.70000000000000000000   5
366.80000000000000000000   2
366.90000000000000000000   4
367.00000000000000000000   4
367.10000000000000000000   5
367.20000000000000000000   4
367.30000000000000000000   1
367.40000000000000000000   1
367.50000000000000000000   2
367.60000000000000000000   2
367.70000000000000000000   2
367.80000000000000000000   3
367.90000000000000000000   2
368.00000000000000000000   1
368.10000000000000000000   1
368.20000000000000000000   1
368.30000000000000000000   2
368.40000000000000000000   4
368.50000000000000000000   4
368.60000000000000000000   4
368.70000000000000000000   1
368.80000000000000000000   1
368.90000000000000000000   3
369.00000000000000000000   2
369.10000000000000000000   1
369.20000000000000000000   0
369.30000000000000000000   7
369.40000000000000000000   2
369.50000000000000000000   7
369.60000000000000000000   7
369.70000000000000000000   1
369.80000000000000000000   0
369.90000000000000000000   5
370.00000000000000000000   1
370.10000000000000000000   3
370.20000000000000000000   5
370.30000000000000000000   4
370.40000000000000000000   2
370.50000000000000000000   1
370.60000000000000000000   2
370.70000000000000000000   2
370.80000000000000000000   3
370.90000000000000000000   5
371.00000000000000000000   4
371.10000000000000000000   5
371.20000000000000000000   6
371.30000000000000000000   2
371.40000000000000000000   0
371.50000000000000000000   3
371.60000000000000000000   3
371.70000000000000000000   5
371.80000000000000000000   5
371.90000000000000000000   0
372.00000000000000000000   7
372.10000000000000000000   5
372.20000000000000000000   4
372.30000000000000000000   3
372.40000000000000000000   6
372.50000000000000000000   6
372.60000000000000000000   7
372.70000000000000000000   5
372.80000000000000000000   3
372.90000000000000000000   1
373.00000000000000000000   3
373.10000000000000000000   1
373.20000000000000000000   1
373.30000000000000000000   1
373.40000000000000000000   3
373.50000000000000000000   2
373.60000000000000000000   1
373.70000000000000000000   5
373.80000000000000000000   3
373.90000000000000000000   0
374.00000000000000000000   1
374.10000000000000000000   1
374.20000000000000000000   5
374.30000000000000000000   3
374.40000000000000000000   2
374.50000000000000000000   1
374.60000000000000000000   3
374.70000000000000000000   2
374.80000000000000000000   6
374.90000000000000000000   1
375.00000000000000000000   1
375.10000000000000000000   2
375.20000000000000000000   2
375.30000000000000000000   0
375.40000000000000000000   2
375.50000000000000000000   4
375.60000000000000000000   3
375.70000000000000000000   3
375.80000000000000000000   5
375.90000000000000000000   3
376.00000000000000000000   3
376.10000000000000000000   3
376.20000000000000000000   8
376.30000000000000000000   8
376.40000000000000000000   4
376.50000000000000000000   4
376.60000000000000000000   4
376.70000000000000000000   4
376.80000000000000000000   6
376.90000000000000000000   2
377.00000000000000000000   3
377.10000000000000000000   4
377.20000000000000000000   4
377.30000000000000000000   2
377.40000000000000000000   3
377.50000000000000000000   2
377.60000000000000000000   3
377.70000000000000000000   4
377.80000000000000000000   5
377.90000000000000000000   4
378.00000000000000000000   5
378.10000000000000000000   6
378.20000000000000000000   8
378.30000000000000000000   2
378.40000000000000000000   4
378.50000000000000000000   4
378.60000000000000000000   3
378.70000000000000000000   3
378.80000000000000000000   4
378.90000000000000000000   4
379.00000000000000000000   4
379.10000000000000000000   6
379.20000000000000000000   5
379.30000000000000000000   5
379.40000000000000000000   5
379.50000000000000000000   3
379.60000000000000000000   3
379.70000000000000000000   5
379.80000000000000000000   5
379.90000000000000000000   5
380.00000000000000000000   5
380.10000000000000000000   7
380.20000000000000000000   2
380.30000000000000000000   1
380.40000000000000000000   2
380.50000000000000000000   2
380.60000000000000000000   2
380.70000000000000000000   1
380.80000000000000000000   4
380.90000000000000000000   4
381.00000000000000000000   4
381.10000000000000000000   4
381.20000000000000000000   8
381.30000000000000000000   5
381.40000000000000000000   6
381.50000000000000000000   6
381.60000000000000000000   4
381.70000000000000000000   4
381.80000000000000000000   5
381.90000000000000000000   4
382.00000000000000000000   2
382.10000000000000000000   2
382.20000000000000000000   1
382.30000000000000000000   0
382.40000000000000000000   0
382.50000000000000000000   4
382.60000000000000000000   2
382.70000000000000000000   4
382.80000000000000000000   6
382.90000000000000000000   6
383.00000000000000000000   5
383.10000000000000000000   8
383.20000000000000000000   7
383.30000000000000000000   9
383.40000000000000000000   12
383.50000000000000000000   14
383.60000000000000000000   7
383.70000000000000000000   9
383.80000000000000000000   9
383.90000000000000000000   12
384.00000000000000000000   8
384.10000000000000000000   11
384.20000000000000000000   13
384.30000000000000000000   12
384.40000000000000000000   12
384.50000000000000000000   12
384.60000000000000000000   12
384.70000000000000000000   10
384.80000000000000000000   10
384.90000000000000000000   11
385.00000000000000000000   9
385.10000000000000000000   11
385.20000000000000000000   10
385.30000000000000000000   9
385.40000000000000000000   10
385.50000000000000000000   9
385.60000000000000000000   11
385.70000000000000000000   11
385.80000000000000000000   11
385.90000000000000000000   9
386.00000000000000000000   6
386.10000000000000000000   6
386.20000000000000000000   6
386.30000000000000000000   7
386.40000000000000000000   7
386.50000000000000000000   6
386.60000000000000000000   4
386.70000000000000000000   8
386.80000000000000000000   8
386.90000000000000000000   7
387.00000000000000000000   10
387.10000000000000000000   9
387.20000000000000000000   7
387.30000000000000000000   9
387.40000000000000000000   9
387.50000000000000000000   8
387.60000000000000000000   7
387.70000000000000000000   9
387.80000000000000000000   5
387.90000000000000000000   3
388.00000000000000000000   4
388.10000000000000000000   5
388.20000000000000000000   3
388.30000000000000000000   4
388.40000000000000000000   4
388.50000000000000000000   5
388.60000000000000000000   5
388.70000000000000000000   4
388.80000000000000000000   7
388.90000000000000000000   5
389.00000000000000000000   3
389.10000000000000000000   7
389.20000000000000000000   3
389.30000000000000000000   8
389.40000000000000000000   10
389.50000000000000000000   5
389.60000000000000000000   9
389.70000000000000000000   7
389.80000000000000000000   8
389.90000000000000000000   10
390.00000000000000000000   7
390.10000000000000000000   9
390.20000000000000000000   8
390.30000000000000000000   9
390.40000000000000000000   10
390.50000000000000000000   13
390.60000000000000000000   10
390.70000000000000000000   8
390.80000000000000000000   10
390.90000000000000000000   9
391.00000000000000000000   10
391.10000000000000000000   13
391.20000000000000000000   12
391.30000000000000000000   12
391.40000000000000000000   13
391.50000000000000000000   11
391.60000000000000000000   10
391.70000000000000000000   9
391.80000000000000000000   8
391.90000000000000000000   9
392.00000000000000000000   8
392.10000000000000000000   9
392.20000000000000000000   11
392.30000000000000000000   11
392.40000000000000000000   10
392.50000000000000000000   12
392.60000000000000000000   9
392.70000000000000000000   12
392.80000000000000000000   14
392.90000000000000000000   13
393.00000000000000000000   6
393.10000000000000000000   10
393.20000000000000000000   8
393.30000000000000000000   10
393.40000000000000000000   10
393.50000000000000000000   12
393.60000000000000000000   11
393.70000000000000000000   8
393.80000000000000000000   12
393.90000000000000000000   11
394.00000000000000000000   15
394.10000000000000000000   11
394.20000000000000000000   10
394.30000000000000000000   9
394.40000000000000000000   11
394.50000000000000000000   13
394.60000000000000000000   14
394.70000000000000000000   14
394.80000000000000000000   16
394.90000000000000000000   14
395.00000000000000000000   13
395.10000000000000000000   12
395.20000000000000000000   10
395.30000000000000000000   10
395.40000000000000000000   10
395.50000000000000000000   8
395.60000000000000000000   10
395.70000000000000000000   8
395.80000000000000000000   12
395.90000000000000000000   9
396.00000000000000000000   12
396.10000000000000000000   11
396.20000000000000000000   10
396.30000000000000000000   11
396.40000000000000000000   13
396.50000000000000000000   10
396.60000000000000000000   16
396.70000000000000000000   14
396.80000000000000000000   12
396.90000000000000000000   12
397.00000000000000000000   11
397.10000000000000000000   6
397.20000000000000000000   10
397.30000000000000000000   8
397.40000000000000000000   10
397.50000000000000000000   10
397.60000000000000000000   11
397.70000000000000000000   12
397.80000000000000000000   8
397.90000000000000000000   8
398.00000000000000000000   11
398.10000000000000000000   12
398.20000000000000000000   9
398.30000000000000000000   8
398.40000000000000000000   14
398.50000000000000000000   10
398.60000000000000000000   8
398.70000000000000000000   6
398.80000000000000000000   7
398.90000000000000000000   8
399.00000000000000000000   4
399.10000000000000000000   11
399.20000000000000000000   9
399.30000000000000000000   7
399.40000000000000000000   5
399.50000000000000000000   4
399.60000000000000000000   5
399.70000000000000000000   9
