200.00000000000000000000   13
200.10000000000000000000   13
200.20000000000000000000   10
200.30000000000000000000   9
200.40000000000000000000   10
200.50000000000000000000   14
200.60000000000000000000   18
200.70000000000000000000   15
200.80000000000000000000   14
200.90000000000000000000   17
201.00000000000000000000   20
201.10000000000000000000   17
201.20000000000000000000   16
201.30000000000000000000   14
201.40000000000000000000   14
201.50000000000000000000   12
201.60000000000000000000   11
201.70000000000000000000   15
201.80000000000000000000   13
201.90000000000000000000   12
202.00000000000000000000   16
202.10000000000000000000   12
202.20000000000000000000   11
202.30000000000000000000   12
202.40000000000000000000   11
202.50000000000000000000   12
202.60000000000000000000   12
202.70000000000000000000   10
202.80000000000000000000   11
202.90000000000000000000   13
203.00000000000000000000   10
203.10000000000000000000   14
203.20000000000000000000   12
203.30000000000000000000   12
203.40000000000000000000   12
203.50000000000000000000   13
203.60000000000000000000   13
203.70000000000000000000   13
203.80000000000000000000   14
203.90000000000000000000   10
204.00000000000000000000   14
204.10000000000000000000   11
204.20000000000000000000   12
204.30000000000000000000   14
204.40000000000000000000   13
204.50000000000000000000   13
204.60000000000000000000   11
204.70000000000000000000   10
204.80000000000000000000   9
204.90000000000000000000   11
205.00000000000000000000   12
205.10000000000000000000   9
205.20000000000000000000   15
205.30000000000000000000   12
205.40000000000000000000   12
205.50000000000000000000   15
205.60000000000000000000   10
205.70000000000000000000   10
205.80000000000000000000   15
205.90000000000000000000   15
206.00000000000000000000   12
206.10000000000000000000   12
206.20000000000000000000   10
206.30000000000000000000   13
206.40000000000000000000   15
206.50000000000000000000   14
206.60000000000000000000   13
206.70000000000000000000   13
206.80000000000000000000   16
206.90000000000000000000   18
207.00000000000000000000   19
207.10000000000000000000   19
207.20000000000000000000   15
207.30000000000000000000   13
207.40000000000000000000   15
207.50000000000000000000   19
207.60000000000000000000   16
207.70000000000000000000   16
207.80000000000000000000   17
207.90000000000000000000   16
208.00000000000000000000   22
208.10000000000000000000   15
208.20000000000000000000   17
208.30000000000000000000   17
208.40000000000000000000   19
208.50000000000000000000   16
208.60000000000000000000   19
208.70000000000000000000   23
208.80000000000000000000   24
208.90000000000000000000   21
209.00000000000000000000   23
209.10000000000000000000   17
209.20000000000000000000   17
209.30000000000000000000   16
209.40000000000000000000   16
209.50000000000000000000   15
209.60000000000000000000   13
209.70000000000000000000   18
209.80000000000000000000   13
209.90000000000000000000   14
210.00000000000000000000   16
210.10000000000000000000   14
210.20000000000000000000   14
210.30000000000000000000   19
210.40000000000000000000   15
210.50000000000000000000   18
210.60000000000000000000   17
210.70000000000000000000   18
210.80000000000000000000   15
210.90000000000000000000   14
211.00000000000000000000   16
211.10000000000000000000   14
211.20000000000000000000   17
211.30000000000000000000   14
211.40000000000000000000   17
211.50000000000000000000   14
211.60000000000000000000   14
211.70000000000000000000   17
211.80000000000000000000   14
211.90000000000000000000   12
212.00000000000000000000   15
212.10000000000000000000   14
212.20000000000000000000   16
212.30000000000000000000   11
212.40000000000000000000   16
212.50000000000000000000   13
212.60000000000000000000   15
212.70000000000000000000   16
212.80000000000000000000   12
212.90000000000000000000   15
213.00000000000000000000   12
213.10000000000000000000   11
213.20000000000000000000   11
213.30000000000000000000   15
213.40000000000000000000   16
213.50000000000000000000   11
213.60000000000000000000   13
213.70000000000000000000   13
213.80000000000000000000   14
213.90000000000000000000   15
214.00000000000000000000   17
214.10000000000000000000   16
214.20000000000000000000   16
214.30000000000000000000   16
214.40000000000000000000   17
214.50000000000000000000   16
214.60000000000000000000   16
214.70000000000000000000   16
214.80000000000000000000   13
214.90000000000000000000   13
215.00000000000000000000   16
215.10000000000000000000   16
215.20000000000000000000   16
215.30000000000000000000   14
215.40000000000000000000   15
215.50000000000000000000   16
215.60000000000000000000   17
215.70000000000000000000   15
215.80000000000000000000   14
215.90000000000000000000   16
216.00000000000000000000   16
216.10000000000000000000   16
216.20000000000000000000   15
216.30000000000000000000   16
216.40000000000000000000   17
216.50000000000000000000   18
216.60000000000000000000   20
216.70000000000000000000   13
216.80000000000000000000   12
216.90000000000000000000   12
217.00000000000000000000   18
217.10000000000000000000   13
217.20000000000000000000   17
217.30000000000000000000   18
217.40000000000000000000   14
217.50000000000000000000   15
217.60000000000000000000   14
217.70000000000000000000   19
217.80000000000000000000   16
217.90000000000000000000   19
218.00000000000000000000   20
218.10000000000000000000   21
218.20000000000000000000   18
218.30000000000000000000   21
218.40000000000000000000   20
218.50000000000000000000   18
218.60000000000000000000   18
218.70000000000000000000   22
218.80000000000000000000   18
218.90000000000000000000   19
219.00000000000000000000   18
219.10000000000000000000   20
219.20000000000000000000   20
219.30000000000000000000   19
219.40000000000000000000   17
219.50000000000000000000   18
219.60000000000000000000   17
219.70000000000000000000   16
219.80000000000000000000   15
219.90000000000000000000   20
220.00000000000000000000   16
220.10000000000000000000   14
220.20000000000000000000   12
220.30000000000000000000   17
220.40000000000000000000   17
220.50000000000000000000   17
220.60000000000000000000   18
220.70000000000000000000   15
220.80000000000000000000   16
220.90000000000000000000   19
221.00000000000000000000   19
221.10000000000000000000   18
221.20000000000000000000   18
221.30000000000000000000   16
221.40000000000000000000   20
221.50000000000000000000   18
221.60000000000000000000   17
221.70000000000000000000   17
221.80000000000000000000   19
221.90000000000000000000   19
222.00000000000000000000   18
222.10000000000000000000   17
222.20000000000000000000   18
222.30000000000000000000   20
222.40000000000000000000   17
222.50000000000000000000   12
222.60000000000000000000   18
222.70000000000000000000   10
222.80000000000000000000   16
222.90000000000000000000   20
223.00000000000000000000   18
223.10000000000000000000   16
223.20000000000000000000   18
223.30000000000000000000   18
223.40000000000000000000   18
223.50000000000000000000   16
223.60000000000000000000   15
223.70000000000000000000   17
223.80000000000000000000   18
223.90000000000000000000   17
224.00000000000000000000   18
224.10000000000000000000   14
224.20000000000000000000   19
224.30000000000000000000   18
224.40000000000000000000   15
224.50000000000000000000   20
224.60000000000000000000   16
224.70000000000000000000   14
224.80000000000000000000   13
224.90000000000000000000   16
225.00000000000000000000   16
225.10000000000000000000   14
225.20000000000000000000   18
225.30000000000000000000   19
225.40000000000000000000   18
225.50000000000000000000   19
225.60000000000000000000   18
225.70000000000000000000   21
225.80000000000000000000   18
225.90000000000000000000   17
226.00000000000000000000   18
226.10000000000000000000   16
226.20000000000000000000   18
226.30000000000000000000   16
226.40000000000000000000   18
226.50000000000000000000   18
226.60000000000000000000   19
226.70000000000000000000   16
226.80000000000000000000   19
226.90000000000000000000   19
227.00000000000000000000   19
227.10000000000000000000   19
227.20000000000000000000   17
227.30000000000000000000   18
227.40000000000000000000   18
227.50000000000000000000   19
227.60000000000000000000   13
227.70000000000000000000   12
227.80000000000000000000   10
227.90000000000000000000   11
228.00000000000000000000   12
228.10000000000000000000   13
228.20000000000000000000   11
228.30000000000000000000   14
228.40000000000000000000   15
228.50000000000000000000   10
228.60000000000000000000   12
228.70000000000000000000   13
228.80000000000000000000   15
228.90000000000000000000   8
229.00000000000000000000   11
229.10000000000000000000   12
229.20000000000000000000   9
229.30000000000000000000   10
229.40000000000000000000   7
229.50000000000000000000   8
229.60000000000000000000   7
229.70000000000000000000   4
229.80000000000000000000   5
229.90000000000000000000   8
230.00000000000000000000   7
230.10000000000000000000   6
230.20000000000000000000   9
230.30000000000000000000   10
230.40000000000000000000   9
230.50000000000000000000   10
230.60000000000000000000   7
230.70000000000000000000   10
230.80000000000000000000   7
230.90000000000000000000   13
231.00000000000000000000   12
231.10000000000000000000   11
231.20000000000000000000   12
231.30000000000000000000   9
231.40000000000000000000   11
231.50000000000000000000   10
231.60000000000000000000   7
231.70000000000000000000   9
231.80000000000000000000   10
231.90000000000000000000   9
232.00000000000000000000   7
232.10000000000000000000   13
232.20000000000000000000   9
232.30000000000000000000   8
232.40000000000000000000   6
232.50000000000000000000   8
232.60000000000000000000   9
232.70000000000000000000   10
232.80000000000000000000   10
232.90000000000000000000   9
233.00000000000000000000   12
233.10000000000000000000   11
233.20000000000000000000   7
233.30000000000000000000   10
233.40000000000000000000   8
233.50000000000000000000   13
233.60000000000000000000   10
233.70000000000000000000   9
233.80000000000000000000   5
233.90000000000000000000   9
234.00000000000000000000   9
234.10000000000000000000   10
234.20000000000000000000   10
234.30000000000000000000   12
234.40000000000000000000   15
234.50000000000000000000   9
234.60000000000000000000   11
234.70000000000000000000   9
234.80000000000000000000   7
234.90000000000000000000   8
235.00000000000000000000   9
235.10000000000000000000   11
235.20000000000000000000   10
235.30000000000000000000   11
235.40000000000000000000   11
235.50000000000000000000   11
235.60000000000000000000   9
235.70000000000000000000   11
235.80000000000000000000   10
235.90000000000000000000   10
236.00000000000000000000   10
236.10000000000000000000   10
236.20000000000000000000   9
236.30000000000000000000   10
236.40000000000000000000   8
236.50000000000000000000   10
236.60000000000000000000   9
236.70000000000000000000   7
236.80000000000000000000   11
236.90000000000000000000   8
237.00000000000000000000   13
237.10000000000000000000   15
237.20000000000000000000   14
237.30000000000000000000   13
237.40000000000000000000   11
237.50000000000000000000   10
237.60000000000000000000   12
237.70000000000000000000   12
237.80000000000000000000   17
237.90000000000000000000   13
238.00000000000000000000   13
238.10000000000000000000   12
238.20000000000000000000   14
238.30000000000000000000   13
238.40000000000000000000   17
238.50000000000000000000   16
238.60000000000000000000   20
238.70000000000000000000   16
238.80000000000000000000   20
238.90000000000000000000   19
239.00000000000000000000   15
239.10000000000000000000   14
239.20000000000000000000   16
239.30000000000000000000   16
239.40000000000000000000   18
239.50000000000000000000   16
239.60000000000000000000   13
239.70000000000000000000   9
239.80000000000000000000   13
239.90000000000000000000   7
240.00000000000000000000   15
240.10000000000000000000   13
240.20000000000000000000   14
240.30000000000000000000   14
240.40000000000000000000   13
240.50000000000000000000   15
240.60000000000000000000   14
240.70000000000000000000   14
240.80000000000000000000   9
240.90000000000000000000   9
241.00000000000000000000   9
241.10000000000000000000   12
241.20000000000000000000   9
241.30000000000000000000   9
241.40000000000000000000   12
241.50000000000000000000   11
241.60000000000000000000   12
241.70000000000000000000   10
241.80000000000000000000   15
241.90000000000000000000   13
242.00000000000000000000   12
242.10000000000000000000   15
242.20000000000000000000   12
242.30000000000000000000   11
242.40000000000000000000   7
242.50000000000000000000   7
242.60000000000000000000   9
242.70000000000000000000   6
242.80000000000000000000   10
242.90000000000000000000   10
243.00000000000000000000   13
243.10000000000000000000   11
243.20000000000000000000   10
243.30000000000000000000   12
243.40000000000000000000   10
243.50000000000000000000   13
243.60000000000000000000   12
243.70000000000000000000   12
243.80000000000000000000   10
243.90000000000000000000   14
244.00000000000000000000   13
244.10000000000000000000   15
244.20000000000000000000   11
244.30000000000000000000   12
244.40000000000000000000   10
244.50000000000000000000   13
244.60000000000000000000   13
244.70000000000000000000   14
244.80000000000000000000   11
244.90000000000000000000   15
245.00000000000000000000   13
245.10000000000000000000   15
245.20000000000000000000   14
245.30000000000000000000   15
245.40000000000000000000   17
245.50000000000000000000   16
245.60000000000000000000   17
245.70000000000000000000   15
245.80000000000000000000   16
245.90000000000000000000   15
246.00000000000000000000   14
246.10000000000000000000   15
246.20000000000000000000   17
246.30000000000000000000   13
246.40000000000000000000   13
246.50000000000000000000   13
246.60000000000000000000   15
246.70000000000000000000   13
246.80000000000000000000   8
246.90000000000000000000   10
247.00000000000000000000   11
247.10000000000000000000   8
247.20000000000000000000   11
247.30000000000000000000   8
247.40000000000000000000   10
247.50000000000000000000   12
247.60000000000000000000   5
247.70000000000000000000   9
247.80000000000000000000   10
247.90000000000000000000   8
248.00000000000000000000   8
248.10000000000000000000   9
248.20000000000000000000   11
248.30000000000000000000   7
248.40000000000000000000   12
248.50000000000000000000   13
248.60000000000000000000   9
248.70000000000000000000   13
248.80000000000000000000   10
248.90000000000000000000   9
249.00000000000000000000   10
249.10000000000000000000   9
249.20000000000000000000   7
249.30000000000000000000   8
249.40000000000000000000   10
249.50000000000000000000   10
249.60000000000000000000   11
249.70000000000000000000   12
249.80000000000000000000   11
249.90000000000000000000   9
250.00000000000000000000   11
250.10000000000000000000   9
250.20000000000000000000   9
250.30000000000000000000   10
250.40000000000000000000   10
250.50000000000000000000   10
250.60000000000000000000   11
250.70000000000000000000   11
250.80000000000000000000   11
250.90000000000000000000   8
251.00000000000000000000   5
251.10000000000000000000   6
251.20000000000000000000   7
251.30000000000000000000   5
251.40000000000000000000   4
251.50000000000000000000   15
251.60000000000000000000   15
251.70000000000000000000   18
251.80000000000000000000   16
251.90000000000000000000   20
252.00000000000000000000   17
252.10000000000000000000   21
252.20000000000000000000   20
252.30000000000000000000   19
252.40000000000000000000   16
252.50000000000000000000   17
252.60000000000000000000   11
252.70000000000000000000   13
252.80000000000000000000   12
252.90000000000000000000   8
253.00000000000000000000   12
253.10000000000000000000   12
253.20000000000000000000   8
253.30000000000000000000   11
253.40000000000000000000   9
253.50000000000000000000   16
253.60000000000000000000   10
253.70000000000000000000   11
253.80000000000000000000   12
253.90000000000000000000   13
254.00000000000000000000   9
254.10000000000000000000   8
254.20000000000000000000   12
254.30000000000000000000   14
254.40000000000000000000   12
254.50000000000000000000   9
254.60000000000000000000   11
254.70000000000000000000   9
254.80000000000000000000   12
254.90000000000000000000   10
255.00000000000000000000   10
255.10000000000000000000   8
255.20000000000000000000   6
255.30000000000000000000   12
255.40000000000000000000   8
255.50000000000000000000   10
255.60000000000000000000   10
255.70000000000000000000   15
255.80000000000000000000   15
255.90000000000000000000   16
256.00000000000000000000   10
256.10000000000000000000   7
256.20000000000000000000   5
256.30000000000000000000   7
256.40000000000000000000   9
256.50000000000000000000   13
256.60000000000000000000   17
256.70000000000000000000   14
256.80000000000000000000   15
256.90000000000000000000   16
257.00000000000000000000   18
257.10000000000000000000   20
257.20000000000000000000   17
257.30000000000000000000   8
257.40000000000000000000   11
257.50000000000000000000   10
257.60000000000000000000   10
257.70000000000000000000   11
257.80000000000000000000   14
257.90000000000000000000   12
258.00000000000000000000   10
258.10000000000000000000   12
258.20000000000000000000   11
258.30000000000000000000   12
258.40000000000000000000   13
258.50000000000000000000   15
258.60000000000000000000   15
258.70000000000000000000   17
258.80000000000000000000   15
258.90000000000000000000   16
259.00000000000000000000   16
259.10000000000000000000   18
259.20000000000000000000   17
259.30000000000000000000   15
259.40000000000000000000   16
259.50000000000000000000   6
259.60000000000000000000   13
259.70000000000000000000   16
259.80000000000000000000   16
259.90000000000000000000   15
260.00000000000000000000   14
260.10000000000000000000   16
260.20000000000000000000   16
260.30000000000000000000   14
260.40000000000000000000   10
260.50000000000000000000   9
260.60000000000000000000   8
260.70000000000000000000   8
260.80000000000000000000   9
260.90000000000000000000   7
261.00000000000000000000   8
261.10000000000000000000   11
261.20000000000000000000   8
261.30000000000000000000   8
261.40000000000000000000   10
261.50000000000000000000   6
261.60000000000000000000   8
261.70000000000000000000   11
261.80000000000000000000   7
261.90000000000000000000   6
262.00000000000000000000   9
262.10000000000000000000   9
262.20000000000000000000   8
262.30000000000000000000   6
262.40000000000000000000   12
262.50000000000000000000   12
262.60000000000000000000   14
262.70000000000000000000   11
262.80000000000000000000   7
262.90000000000000000000   10
263.00000000000000000000   15
263.10000000000000000000   12
263.20000000000000000000   8
263.30000000000000000000   11
263.40000000000000000000   12
263.50000000000000000000   8
263.60000000000000000000   13
263.70000000000000000000   12
263.80000000000000000000   15
263.90000000000000000000   14
264.00000000000000000000   14
264.10000000000000000000   13
264.20000000000000000000   13
264.30000000000000000000   14
264.40000000000000000000   13
264.50000000000000000000   13
264.60000000000000000000   11
264.70000000000000000000   5
264.80000000000000000000   14
264.90000000000000000000   12
265.00000000000000000000   13
265.10000000000000000000   13
265.20000000000000000000   15
265.30000000000000000000   13
265.40000000000000000000   17
265.50000000000000000000   13
265.60000000000000000000   16
265.70000000000000000000   14
265.80000000000000000000   13
265.90000000000000000000   15
266.00000000000000000000   16
266.10000000000000000000   17
266.20000000000000000000   14
266.30000000000000000000   15
266.40000000000000000000   15
266.50000000000000000000   16
266.60000000000000000000   14
266.70000000000000000000   15
266.80000000000000000000   13
266.90000000000000000000   13
267.00000000000000000000   14
267.10000000000000000000   12
267.20000000000000000000   14
267.30000000000000000000   18
267.40000000000000000000   14
267.50000000000000000000   11
267.60000000000000000000   15
267.70000000000000000000   15
267.80000000000000000000   13
267.90000000000000000000   16
268.00000000000000000000   11
268.10000000000000000000   14
268.20000000000000000000   14
268.30000000000000000000   11
268.40000000000000000000   15
268.50000000000000000000   10
268.60000000000000000000   17
268.70000000000000000000   16
268.80000000000000000000   12
268.90000000000000000000   13
269.00000000000000000000   17
269.10000000000000000000   14
269.20000000000000000000   19
269.30000000000000000000   20
269.40000000000000000000   17
269.50000000000000000000   15
269.60000000000000000000   13
269.70000000000000000000   13
269.80000000000000000000   13
269.90000000000000000000   13
270.00000000000000000000   13
270.10000000000000000000   11
270.20000000000000000000   15
270.30000000000000000000   15
270.40000000000000000000   17
270.50000000000000000000   15
270.60000000000000000000   15
270.70000000000000000000   15
270.80000000000000000000   14
270.90000000000000000000   13
271.00000000000000000000   14
271.10000000000000000000   18
271.20000000000000000000   16
271.30000000000000000000   15
271.40000000000000000000   16
271.50000000000000000000   14
271.60000000000000000000   15
271.70000000000000000000   15
271.80000000000000000000   13
271.90000000000000000000   15
272.00000000000000000000   17
272.10000000000000000000   15
272.20000000000000000000   15
272.30000000000000000000   16
272.40000000000000000000   15
272.50000000000000000000   13
272.60000000000000000000   12
272.70000000000000000000   12
272.80000000000000000000   13
272.90000000000000000000   15
273.00000000000000000000   8
273.10000000000000000000   12
273.20000000000000000000   12
273.30000000000000000000   12
273.40000000000000000000   15
273.50000000000000000000   14
273.60000000000000000000   10
273.70000000000000000000   11
273.80000000000000000000   11
273.90000000000000000000   10
274.00000000000000000000   12
274.10000000000000000000   11
274.20000000000000000000   15
274.30000000000000000000   14
274.40000000000000000000   13
274.50000000000000000000   14
274.60000000000000000000   15
274.70000000000000000000   18
274.80000000000000000000   14
274.90000000000000000000   13
275.00000000000000000000   15
275.10000000000000000000   17
275.20000000000000000000   14
275.30000000000000000000   17
275.40000000000000000000   15
275.50000000000000000000   13
275.60000000000000000000   14
275.70000000000000000000   13
275.80000000000000000000   15
275.90000000000000000000   12
276.00000000000000000000   11
276.10000000000000000000   10
276.20000000000000000000   14
276.30000000000000000000   10
276.40000000000000000000   14
276.50000000000000000000   15
276.60000000000000000000   17
276.70000000000000000000   16
276.80000000000000000000   18
276.90000000000000000000   20
277.00000000000000000000   14
277.10000000000000000000   15
277.20000000000000000000   15
277.30000000000000000000   16
277.40000000000000000000   19
277.50000000000000000000   17
277.60000000000000000000   18
277.70000000000000000000   20
277.80000000000000000000   18
277.90000000000000000000   17
278.00000000000000000000   17
278.10000000000000000000   14
278.20000000000000000000   15
278.30000000000000000000   16
278.40000000000000000000   15
278.50000000000000000000   15
278.60000000000000000000   15
278.70000000000000000000   14
278.80000000000000000000   16
278.90000000000000000000   18
279.00000000000000000000   18
279.10000000000000000000   15
279.20000000000000000000   11
279.30000000000000000000   12
279.40000000000000000000   10
279.50000000000000000000   11
279.60000000000000000000   12
279.70000000000000000000   11
279.80000000000000000000   11
279.90000000000000000000   15
280.00000000000000000000   10
280.10000000000000000000   10
280.20000000000000000000   9
280.30000000000000000000   10
280.40000000000000000000   11
280.50000000000000000000   10
280.60000000000000000000   10
280.70000000000000000000   13
280.80000000000000000000   10
280.90000000000000000000   10
281.00000000000000000000   12
281.10000000000000000000   14
281.20000000000000000000   14
281.30000000000000000000   12
281.40000000000000000000   18
281.50000000000000000000   11
281.60000000000000000000   11
281.70000000000000000000   12
281.80000000000000000000   16
281.90000000000000000000   12
282.00000000000000000000   13
282.10000000000000000000   11
282.20000000000000000000   15
282.30000000000000000000   13
282.40000000000000000000   14
282.50000000000000000000   15
282.60000000000000000000   16
282.70000000000000000000   12
282.80000000000000000000   11
282.90000000000000000000   15
283.00000000000000000000   19
283.10000000000000000000   15
283.20000000000000000000   11
283.30000000000000000000   12
283.40000000000000000000   6
283.50000000000000000000   7
283.60000000000000000000   10
283.70000000000000000000   5
283.80000000000000000000   7
283.90000000000000000000   8
284.00000000000000000000   4
284.10000000000000000000   6
284.20000000000000000000   11
284.30000000000000000000   7
284.40000000000000000000   10
284.50000000000000000000   10
284.60000000000000000000   8
284.70000000000000000000   11
284.80000000000000000000   5
284.90000000000000000000   11
285.00000000000000000000   11
285.10000000000000000000   8
285.20000000000000000000   7
285.30000000000000000000   7
285.40000000000000000000   11
285.50000000000000000000   8
285.60000000000000000000   11
285.70000000000000000000   6
285.80000000000000000000   9
285.90000000000000000000   6
286.00000000000000000000   8
286.10000000000000000000   7
286.20000000000000000000   2
286.30000000000000000000   11
286.40000000000000000000   11
286.50000000000000000000   15
286.60000000000000000000   10
286.70000000000000000000   9
286.80000000000000000000   3
286.90000000000000000000   9
287.00000000000000000000   5
287.10000000000000000000   4
287.20000000000000000000   11
287.30000000000000000000   3
287.40000000000000000000   4
287.50000000000000000000   7
287.60000000000000000000   6
287.70000000000000000000   4
287.80000000000000000000   5
287.90000000000000000000   4
288.00000000000000000000   3
288.10000000000000000000   5
288.20000000000000000000   4
288.30000000000000000000   7
288.40000000000000000000   10
288.50000000000000000000   15
288.60000000000000000000   10
288.70000000000000000000   8
288.80000000000000000000   8
288.90000000000000000000   10
289.00000000000000000000   12
289.10000000000000000000   11
289.20000000000000000000   8
289.30000000000000000000   9
289.40000000000000000000   7
289.50000000000000000000   8
289.60000000000000000000   12
289.70000000000000000000   11
289.80000000000000000000   9
289.90000000000000000000   12
290.00000000000000000000   9
290.10000000000000000000   9
290.20000000000000000000   10
290.30000000000000000000   12
290.40000000000000000000   10
290.50000000000000000000   12
290.60000000000000000000   12
290.70000000000000000000   11
290.80000000000000000000   14
290.90000000000000000000   10
291.00000000000000000000   11
291.10000000000000000000   11
291.20000000000000000000   9
291.30000000000000000000   9
291.40000000000000000000   8
291.50000000000000000000   9
291.60000000000000000000   12
291.70000000000000000000   12
291.80000000000000000000   10
291.90000000000000000000   9
292.00000000000000000000   9
292.10000000000000000000   6
292.20000000000000000000   9
292.30000000000000000000   7
292.40000000000000000000   9
292.50000000000000000000   7
292.60000000000000000000   11
292.70000000000000000000   10
292.80000000000000000000   13
292.90000000000000000000   11
293.00000000000000000000   15
293.10000000000000000000   10
293.20000000000000000000   10
293.30000000000000000000   11
293.40000000000000000000   10
293.50000000000000000000   13
293.60000000000000000000   10
293.70000000000000000000   10
293.80000000000000000000   13
293.90000000000000000000   12
294.00000000000000000000   13
294.10000000000000000000   10
294.20000000000000000000   9
294.30000000000000000000   10
294.40000000000000000000   11
294.50000000000000000000   12
294.60000000000000000000   16
294.70000000000000000000   15
294.80000000000000000000   12
294.90000000000000000000   15
295.00000000000000000000   15
295.10000000000000000000   16
295.20000000000000000000   15
295.30000000000000000000   13
295.40000000000000000000   14
295.50000000000000000000   11
295.60000000000000000000   13
295.70000000000000000000   12
295.80000000000000000000   14
295.90000000000000000000   13
296.00000000000000000000   13
296.10000000000000000000   13
296.20000000000000000000   12
296.30000000000000000000   13
296.40000000000000000000   13
296.50000000000000000000   13
296.60000000000000000000   14
296.70000000000000000000   12
296.80000000000000000000   12
296.90000000000000000000   12
297.00000000000000000000   13
297.10000000000000000000   15
297.20000000000000000000   15
297.30000000000000000000   12
297.40000000000000000000   13
297.50000000000000000000   14
297.60000000000000000000   18
297.70000000000000000000   13
297.80000000000000000000   14
297.90000000000000000000   13
298.00000000000000000000   14
298.10000000000000000000   15
298.20000000000000000000   15
298.30000000000000000000   14
298.40000000000000000000   17
298.50000000000000000000   15
298.60000000000000000000   18
298.70000000000000000000   16
298.80000000000000000000   11
298.90000000000000000000   10
299.00000000000000000000   14
299.10000000000000000000   12
299.20000000000000000000   18
299.30000000000000000000   17
299.40000000000000000000   16
299.50000000000000000000   14
299.60000000000000000000   14
299.70000000000000000000   16
299.80000000000000000000   13
299.90000000000000000000   17
300.00000000000000000000   15
300.10000000000000000000   14
300.20000000000000000000   15
300.30000000000000000000   16
300.40000000000000000000   13
300.50000000000000000000   13
300.60000000000000000000   14
300.70000000000000000000   12
300.80000000000000000000   13
300.90000000000000000000   15
301.00000000000000000000   14
301.10000000000000000000   14
301.20000000000000000000   13
301.30000000000000000000   16
301.40000000000000000000   14
301.50000000000000000000   14
301.60000000000000000000   15
301.70000000000000000000   13
301.80000000000000000000   12
301.90000000000000000000   17
302.00000000000000000000   14
302.10000000000000000000   14
302.20000000000000000000   16
302.30000000000000000000   14
302.40000000000000000000   15
302.50000000000000000000   15
302.60000000000000000000   16
302.70000000000000000000   12
302.80000000000000000000   14
302.90000000000000000000   13
303.00000000000000000000   14
303.10000000000000000000   17
303.20000000000000000000   15
303.30000000000000000000   16
303.40000000000000000000   17
303.50000000000000000000   17
303.60000000000000000000   17
303.70000000000000000000   14
303.80000000000000000000   11
303.90000000000000000000   13
304.00000000000000000000   11
304.10000000000000000000   14
304.20000000000000000000   12
304.30000000000000000000   13
304.40000000000000000000   12
304.50000000000000000000   11
304.60000000000000000000   12
304.70000000000000000000   14
304.80000000000000000000   11
304.90000000000000000000   9
305.00000000000000000000   11
305.10000000000000000000   11
305.20000000000000000000   14
305.30000000000000000000   11
305.40000000000000000000   11
305.50000000000000000000   15
305.60000000000000000000   12
305.70000000000000000000   18
305.80000000000000000000   15
305.90000000000000000000   15
306.00000000000000000000   8
306.10000000000000000000   11
306.20000000000000000000   9
306.30000000000000000000   13
306.40000000000000000000   11
306.50000000000000000000   10
306.60000000000000000000   12
306.70000000000000000000   8
306.80000000000000000000   10
306.90000000000000000000   9
307.00000000000000000000   9
307.10000000000000000000   12
307.20000000000000000000   10
307.30000000000000000000   10
307.40000000000000000000   6
307.50000000000000000000   7
307.60000000000000000000   8
307.70000000000000000000   11
307.80000000000000000000   7
307.90000000000000000000   9
308.00000000000000000000   4
308.10000000000000000000   12
308.20000000000000000000   6
308.30000000000000000000   7
308.40000000000000000000   9
308.50000000000000000000   6
308.60000000000000000000   6
308.70000000000000000000   8
308.80000000000000000000   10
308.90000000000000000000   7
309.00000000000000000000   8
309.10000000000000000000   11
309.20000000000000000000   11
309.30000000000000000000   9
309.40000000000000000000   9
309.50000000000000000000   4
309.60000000000000000000   7
309.70000000000000000000   11
309.80000000000000000000   13
309.90000000000000000000   9
310.00000000000000000000   15
310.10000000000000000000   10
310.20000000000000000000   13
310.30000000000000000000   8
310.40000000000000000000   12
310.50000000000000000000   14
310.60000000000000000000   13
310.70000000000000000000   13
310.80000000000000000000   14
310.90000000000000000000   15
311.00000000000000000000   12
311.10000000000000000000   13
311.20000000000000000000   12
311.30000000000000000000   12
311.40000000000000000000   13
311.50000000000000000000   13
311.60000000000000000000   13
311.70000000000000000000   13
311.80000000000000000000   15
311.90000000000000000000   9
312.00000000000000000000   6
312.10000000000000000000   8
312.20000000000000000000   7
312.30000000000000000000   8
312.40000000000000000000   9
312.50000000000000000000   8
312.60000000000000000000   10
312.70000000000000000000   10
312.80000000000000000000   4
312.90000000000000000000   9
313.00000000000000000000   7
313.10000000000000000000   9
313.20000000000000000000   7
313.30000000000000000000   8
313.40000000000000000000   10
313.50000000000000000000   13
313.60000000000000000000   11
313.70000000000000000000   11
313.80000000000000000000   11
313.90000000000000000000   8
314.00000000000000000000   9
314.10000000000000000000   8
314.20000000000000000000   10
314.30000000000000000000   12
314.40000000000000000000   13
314.50000000000000000000   10
314.60000000000000000000   10
314.70000000000000000000   11
314.80000000000000000000   13
314.90000000000000000000   13
315.00000000000000000000   12
315.10000000000000000000   12
315.20000000000000000000   12
315.30000000000000000000   6
315.40000000000000000000   6
315.50000000000000000000   9
315.60000000000000000000   8
315.70000000000000000000   12
315.80000000000000000000   14
315.90000000000000000000   13
316.00000000000000000000   13
316.10000000000000000000   14
316.20000000000000000000   14
316.30000000000000000000   13
316.40000000000000000000   14
316.50000000000000000000   12
316.60000000000000000000   13
316.70000000000000000000   10
316.80000000000000000000   11
316.90000000000000000000   11
317.00000000000000000000   10
317.10000000000000000000   13
317.20000000000000000000   12
317.30000000000000000000   12
317.40000000000000000000   11
317.50000000000000000000   10
317.60000000000000000000   11
317.70000000000000000000   9
317.80000000000000000000   11
317.90000000000000000000   13
318.00000000000000000000   13
318.10000000000000000000   13
318.20000000000000000000   12
318.30000000000000000000   14
318.40000000000000000000   13
318.50000000000000000000   11
318.60000000000000000000   12
318.70000000000000000000   13
318.80000000000000000000   12
318.90000000000000000000   11
319.00000000000000000000   12
319.10000000000000000000   8
319.20000000000000000000   13
319.30000000000000000000   13
319.40000000000000000000   14
319.50000000000000000000   16
319.60000000000000000000   16
319.70000000000000000000   19
319.80000000000000000000   15
319.90000000000000000000   12
320.00000000000000000000   12
320.10000000000000000000   11
320.20000000000000000000   12
320.30000000000000000000   13
320.40000000000000000000   12
320.50000000000000000000   12
320.60000000000000000000   11
320.70000000000000000000   12
320.80000000000000000000   12
320.90000000000000000000   20
321.00000000000000000000   11
321.10000000000000000000   8
321.20000000000000000000   10
321.30000000000000000000   12
321.40000000000000000000   15
321.50000000000000000000   11
321.60000000000000000000   11
321.70000000000000000000   8
321.80000000000000000000   8
321.90000000000000000000   11
322.00000000000000000000   13
322.10000000000000000000   8
322.20000000000000000000   9
322.30000000000000000000   12
322.40000000000000000000   13
322.50000000000000000000   10
322.60000000000000000000   12
322.70000000000000000000   11
322.80000000000000000000   16
322.90000000000000000000   14
323.00000000000000000000   13
323.10000000000000000000   10
323.20000000000000000000   13
323.30000000000000000000   14
323.40000000000000000000   15
323.50000000000000000000   11
323.60000000000000000000   10
323.70000000000000000000   12
323.80000000000000000000   18
323.90000000000000000000   16
324.00000000000000000000   16
324.10000000000000000000   21
324.20000000000000000000   18
324.30000000000000000000   13
324.40000000000000000000   15
324.50000000000000000000   12
324.60000000000000000000   9
324.70000000000000000000   9
324.80000000000000000000   9
324.90000000000000000000   11
325.00000000000000000000   11
325.10000000000000000000   10
325.20000000000000000000   11
325.30000000000000000000   12
325.40000000000000000000   16
325.50000000000000000000   15
325.60000000000000000000   16
325.70000000000000000000   12
325.80000000000000000000   10
325.90000000000000000000   9
326.00000000000000000000   8
326.10000000000000000000   6
326.20000000000000000000   5
326.30000000000000000000   1
326.40000000000000000000   5
326.50000000000000000000   9
326.60000000000000000000   11
326.70000000000000000000   12
326.80000000000000000000   15
326.90000000000000000000   12
327.00000000000000000000   12
327.10000000000000000000   15
327.20000000000000000000   15
327.30000000000000000000   13
327.40000000000000000000   13
327.50000000000000000000   16
327.60000000000000000000   13
327.70000000000000000000   12
327.80000000000000000000   15
327.90000000000000000000   14
328.00000000000000000000   12
328.10000000000000000000   13
328.20000000000000000000   17
328.30000000000000000000   14
328.40000000000000000000   14
328.50000000000000000000   13
328.60000000000000000000   14
328.70000000000000000000   15
328.80000000000000000000   10
328.90000000000000000000   13
329.00000000000000000000   12
329.10000000000000000000   11
329.20000000000000000000   14
329.30000000000000000000   16
329.40000000000000000000   12
329.50000000000000000000   9
329.60000000000000000000   14
329.70000000000000000000   15
329.80000000000000000000   12
329.90000000000000000000   10
330.00000000000000000000   10
330.10000000000000000000   12
330.20000000000000000000   13
330.30000000000000000000   12
330.40000000000000000000   12
330.50000000000000000000   13
330.60000000000000000000   12
330.70000000000000000000   9
330.80000000000000000000   12
330.90000000000000000000   10
331.00000000000000000000   9
331.10000000000000000000   13
331.20000000000000000000   7
331.30000000000000000000   10
331.40000000000000000000   19
331.50000000000000000000   13
331.60000000000000000000   12
331.70000000000000000000   10
331.80000000000000000000   12
331.90000000000000000000   11
332.00000000000000000000   12
332.10000000000000000000   10
332.20000000000000000000   11
332.30000000000000000000   9
332.40000000000000000000   8
332.50000000000000000000   10
332.60000000000000000000   15
332.70000000000000000000   11
332.80000000000000000000   8
332.90000000000000000000   13
333.00000000000000000000   15
333.10000000000000000000   11
333.20000000000000000000   11
333.30000000000000000000   13
333.40000000000000000000   14
333.50000000000000000000   14
333.60000000000000000000   10
333.70000000000000000000   10
333.80000000000000000000   12
333.90000000000000000000   11
334.00000000000000000000   10
334.10000000000000000000   12
334.20000000000000000000   11
334.30000000000000000000   12
334.40000000000000000000   10
334.50000000000000000000   12
334.60000000000000000000   10
334.70000000000000000000   11
334.80000000000000000000   10
334.90000000000000000000   10
335.00000000000000000000   14
335.10000000000000000000   12
335.20000000000000000000   15
335.30000000000000000000   14
335.40000000000000000000   18
335.50000000000000000000   17
335.60000000000000000000   15
335.70000000000000000000   17
335.80000000000000000000   10
335.90000000000000000000   10
336.00000000000000000000   11
336.10000000000000000000   11
336.20000000000000000000   13
336.30000000000000000000   9
336.40000000000000000000   11
336.50000000000000000000   10
336.60000000000000000000   10
336.70000000000000000000   8
336.80000000000000000000   8
336.90000000000000000000   12
337.00000000000000000000   9
337.10000000000000000000   10
337.20000000000000000000   13
337.30000000000000000000   8
337.40000000000000000000   9
337.50000000000000000000   19
337.60000000000000000000   13
337.70000000000000000000   15
337.80000000000000000000   12
337.90000000000000000000   12
338.00000000000000000000   12
338.10000000000000000000   10
338.20000000000000000000   11
338.30000000000000000000   15
338.40000000000000000000   14
338.50000000000000000000   14
338.60000000000000000000   11
338.70000000000000000000   12
338.80000000000000000000   9
338.90000000000000000000   11
339.00000000000000000000   9
339.10000000000000000000   8
339.20000000000000000000   9
339.30000000000000000000   10
339.40000000000000000000   13
339.50000000000000000000   10
339.60000000000000000000   13
339.70000000000000000000   14
339.80000000000000000000   14
339.90000000000000000000   11
340.00000000000000000000   14
340.10000000000000000000   13
340.20000000000000000000   11
340.30000000000000000000   13
340.40000000000000000000   11
340.50000000000000000000   9
340.60000000000000000000   14
340.70000000000000000000   17
340.80000000000000000000   7
340.90000000000000000000   12
341.00000000000000000000   12
341.10000000000000000000   9
341.20000000000000000000   12
341.30000000000000000000   16
341.40000000000000000000   12
341.50000000000000000000   17
341.60000000000000000000   16
341.70000000000000000000   16
341.80000000000000000000   14
341.90000000000000000000   15
342.00000000000000000000   15
342.10000000000000000000   15
342.20000000000000000000   14
342.30000000000000000000   9
342.40000000000000000000   11
342.50000000000000000000   9
342.60000000000000000000   12
342.70000000000000000000   10
342.80000000000000000000   17
342.90000000000000000000   14
343.00000000000000000000   10
343.10000000000000000000   9
343.20000000000000000000   14
343.30000000000000000000   10
343.40000000000000000000   9
343.50000000000000000000   10
343.60000000000000000000   9
343.70000000000000000000   8
343.80000000000000000000   12
343.90000000000000000000   10
344.00000000000000000000   10
344.10000000000000000000   9
344.20000000000000000000   6
344.30000000000000000000   12
344.40000000000000000000   13
344.50000000000000000000   10
344.60000000000000000000   12
344.70000000000000000000   11
344.80000000000000000000   11
344.90000000000000000000   12
345.00000000000000000000   8
345.10000000000000000000   7
345.20000000000000000000   13
345.30000000000000000000   13
345.40000000000000000000   11
345.50000000000000000000   6
345.60000000000000000000   11
345.70000000000000000000   8
345.80000000000000000000   12
345.90000000000000000000   10
346.00000000000000000000   5
346.10000000000000000000   10
346.20000000000000000000   12
346.30000000000000000000   10
346.40000000000000000000   11
346.50000000000000000000   10
346.60000000000000000000   11
346.70000000000000000000   6
346.80000000000000000000   5
346.90000000000000000000   7
347.00000000000000000000   10
347.10000000000000000000   9
347.20000000000000000000   9
347.30000000000000000000   13
347.40000000000000000000   8
347.50000000000000000000   14
347.60000000000000000000   17
347.70000000000000000000   13
347.80000000000000000000   14
347.90000000000000000000   11
348.00000000000000000000   14
348.10000000000000000000   13
348.20000000000000000000   13
348.30000000000000000000   13
348.40000000000000000000   13
348.50000000000000000000   16
348.60000000000000000000   13
348.70000000000000000000   18
348.80000000000000000000   12
348.90000000000000000000   15
349.00000000000000000000   14
349.10000000000000000000   11
349.20000000000000000000   10
349.30000000000000000000   10
349.40000000000000000000   9
349.50000000000000000000   9
349.60000000000000000000   8
349.70000000000000000000   10
349.80000000000000000000   7
349.90000000000000000000   8
350.00000000000000000000   9
350.10000000000000000000   8
350.20000000000000000000   11
350.30000000000000000000   14
350.40000000000000000000   12
350.50000000000000000000   8
350.60000000000000000000   11
350.70000000000000000000   13
350.80000000000000000000   7
350.90000000000000000000   6
351.00000000000000000000   14
351.10000000000000000000   14
351.20000000000000000000   10
351.30000000000000000000   13
351.40000000000000000000   8
351.50000000000000000000   10
351.60000000000000000000   11
351.70000000000000000000   12
351.80000000000000000000   8
351.90000000000000000000   9
352.00000000000000000000   10
352.10000000000000000000   7
352.20000000000000000000   6
352.30000000000000000000   10
352.40000000000000000000   10
352.50000000000000000000   10
352.60000000000000000000   10
352.70000000000000000000   10
352.80000000000000000000   12
352.90000000000000000000   10
353.00000000000000000000   10
353.10000000000000000000   9
353.20000000000000000000   10
353.30000000000000000000   10
353.40000000000000000000   13
353.50000000000000000000   12
353.60000000000000000000   13
353.70000000000000000000   12
353.80000000000000000000   7
353.90000000000000000000   9
354.00000000000000000000   11
354.10000000000000000000   10
354.20000000000000000000   5
354.30000000000000000000   4
354.40000000000000000000   6
354.50000000000000000000   10
354.60000000000000000000   8
354.70000000000000000000   9
354.80000000000000000000   8
354.90000000000000000000   4
355.00000000000000000000   10
355.10000000000000000000   5
355.20000000000000000000   6
355.30000000000000000000   11
355.40000000000000000000   9
355.50000000000000000000   12
355.60000000000000000000   10
355.70000000000000000000   11
355.80000000000000000000   9
355.90000000000000000000   5
356.00000000000000000000   8
356.10000000000000000000   6
356.20000000000000000000   6
356.30000000000000000000   8
356.40000000000000000000   12
356.50000000000000000000   10
356.60000000000000000000   13
356.70000000000000000000   10
356.80000000000000000000   12
356.90000000000000000000   3
357.00000000000000000000   8
357.10000000000000000000   8
357.20000000000000000000   7
357.30000000000000000000   10
357.40000000000000000000   9
357.50000000000000000000   11
357.60000000000000000000   10
357.70000000000000000000   14
357.80000000000000000000   8
357.90000000000000000000   11
358.00000000000000000000   9
358.10000000000000000000   8
358.20000000000000000000   4
358.30000000000000000000   4
358.40000000000000000000   9
358.50000000000000000000   4
358.60000000000000000000   6
358.70000000000000000000   5
358.80000000000000000000   7
358.90000000000000000000   6
359.00000000000000000000   6
359.10000000000000000000   11
359.20000000000000000000   11
359.30000000000000000000   10
359.40000000000000000000   10
359.50000000000000000000   6
359.60000000000000000000   3
359.70000000000000000000   3
359.80000000000000000000   3
359.90000000000000000000   6
360.00000000000000000000   3
360.10000000000000000000   5
360.20000000000000000000   6
360.30000000000000000000   7
360.40000000000000000000   6
360.50000000000000000000   11
360.60000000000000000000   9
360.70000000000000000000   11
360.80000000000000000000   9
360.90000000000000000000   10
361.00000000000000000000   12
361.10000000000000000000   11
361.20000000000000000000   9
361.30000000000000000000   11
361.40000000000000000000   9
361.50000000000000000000   13
361.60000000000000000000   12
361.70000000000000000000   15
361.80000000000000000000   7
361.90000000000000000000   10
362.00000000000000000000   10
362.10000000000000000000   17
362.20000000000000000000   15
362.30000000000000000000   7
362.40000000000000000000   9
362.50000000000000000000   9
362.60000000000000000000   9
362.70000000000000000000   3
362.80000000000000000000   8
362.90000000000000000000   7
363.00000000000000000000   11
363.10000000000000000000   14
363.20000000000000000000   10
363.30000000000000000000   7
363.40000000000000000000   11
363.50000000000000000000   12
363.60000000000000000000   14
363.70000000000000000000   15
363.80000000000000000000   15
363.90000000000000000000   11
364.00000000000000000000   11
364.10000000000000000000   11
364.20000000000000000000   12
364.30000000000000000000   12
364.40000000000000000000   12
364.50000000000000000000   13
364.60000000000000000000   10
364.70000000000000000000   16
364.80000000000000000000   20
364.90000000000000000000   18
365.00000000000000000000   18
365.10000000000000000000   20
365.20000000000000000000   19
365.30000000000000000000   20
365.40000000000000000000   18
365.50000000000000000000   17
365.60000000000000000000   20
365.70000000000000000000   18
365.80000000000000000000   19
365.90000000000000000000   21
366.00000000000000000000   20
366.10000000000000000000   19
366.20000000000000000000   19
366.30000000000000000000   17
366.40000000000000000000   16
366.50000000000000000000   18
366.60000000000000000000   20
366.70000000000000000000   21
366.80000000000000000000   18
366.90000000000000000000   19
367.00000000000000000000   18
367.10000000000000000000   22
367.20000000000000000000   22
367.30000000000000000000   21
367.40000000000000000000   22
367.50000000000000000000   22
367.60000000000000000000   22
367.70000000000000000000   20
367.80000000000000000000   22
367.90000000000000000000   20
368.00000000000000000000   21
368.10000000000000000000   19
368.20000000000000000000   19
368.30000000000000000000   16
368.40000000000000000000   18
368.50000000000000000000   14
368.60000000000000000000   13
368.70000000000000000000   13
368.80000000000000000000   16
368.90000000000000000000   18
369.00000000000000000000   18
369.10000000000000000000   15
369.20000000000000000000   16
369.30000000000000000000   15
369.40000000000000000000   16
369.50000000000000000000   15
369.60000000000000000000   13
369.70000000000000000000   13
369.80000000000000000000   14
369.90000000000000000000   15
370.00000000000000000000   16
370.10000000000000000000   14
370.20000000000000000000   14
370.30000000000000000000   10
370.40000000000000000000   12
370.50000000000000000000   9
370.60000000000000000000   12
370.70000000000000000000   14
370.80000000000000000000   12
370.90000000000000000000   10
371.00000000000000000000   10
371.10000000000000000000   11
371.20000000000000000000   12
371.30000000000000000000   18
371.40000000000000000000   15
371.50000000000000000000   16
371.60000000000000000000   15
371.70000000000000000000   13
371.80000000000000000000   11
371.90000000000000000000   13
372.00000000000000000000   8
372.10000000000000000000   16
372.20000000000000000000   16
372.30000000000000000000   15
372.40000000000000000000   13
372.50000000000000000000   14
372.60000000000000000000   15
372.70000000000000000000   14
372.80000000000000000000   15
372.90000000000000000000   12
373.00000000000000000000   11
373.10000000000000000000   13
373.20000000000000000000   12
373.30000000000000000000   14
373.40000000000000000000   12
373.50000000000000000000   11
373.60000000000000000000   13
373.70000000000000000000   13
373.80000000000000000000   14
373.90000000000000000000   14
374.00000000000000000000   13
374.10000000000000000000   14
374.20000000000000000000   18
374.30000000000000000000   7
374.40000000000000000000   7
374.50000000000000000000   7
374.60000000000000000000   8
374.70000000000000000000   12
374.80000000000000000000   13
374.90000000000000000000   17
375.00000000000000000000   12
375.10000000000000000000   13
375.20000000000000000000   13
375.30000000000000000000   14
375.40000000000000000000   12
375.50000000000000000000   12
375.60000000000000000000   14
375.70000000000000000000   10
375.80000000000000000000   13
375.90000000000000000000   13
376.00000000000000000000   15
376.10000000000000000000   14
376.20000000000000000000   15
376.30000000000000000000   12
376.40000000000000000000   13
376.50000000000000000000   14
376.60000000000000000000   10
376.70000000000000000000   11
376.80000000000000000000   13
376.90000000000000000000   10
377.00000000000000000000   12
377.10000000000000000000   11
377.20000000000000000000   13
377.30000000000000000000   16
377.40000000000000000000   12
377.50000000000000000000   11
377.60000000000000000000   14
377.70000000000000000000   10
377.80000000000000000000   12
377.90000000000000000000   11
378.00000000000000000000   9
378.10000000000000000000   14
378.20000000000000000000   10
378.30000000000000000000   11
378.40000000000000000000   10
378.50000000000000000000   12
378.60000000000000000000   13
378.70000000000000000000   10
378.80000000000000000000   10
378.90000000000000000000   8
379.00000000000000000000   9
379.10000000000000000000   9
379.20000000000000000000   8
379.30000000000000000000   7
379.40000000000000000000   7
379.50000000000000000000   8
379.60000000000000000000   9
379.70000000000000000000   11
379.80000000000000000000   9
379.90000000000000000000   11
380.00000000000000000000   10
380.10000000000000000000   9
380.20000000000000000000   14
380.30000000000000000000   11
380.40000000000000000000   11
380.50000000000000000000   16
380.60000000000000000000   16
380.70000000000000000000   11
380.80000000000000000000   13
380.90000000000000000000   14
381.00000000000000000000   13
381.10000000000000000000   10
381.20000000000000000000   16
381.30000000000000000000   11
381.40000000000000000000   12
381.50000000000000000000   6
381.60000000000000000000   11
381.70000000000000000000   10
381.80000000000000000000   9
381.90000000000000000000   14
382.00000000000000000000   12
382.10000000000000000000   11
382.20000000000000000000   9
382.30000000000000000000   14
382.40000000000000000000   15
382.50000000000000000000   9
382.60000000000000000000   6
382.70000000000000000000   8
382.80000000000000000000   6
382.90000000000000000000   8
383.00000000000000000000   8
383.10000000000000000000   14
383.20000000000000000000   12
383.30000000000000000000   12
383.40000000000000000000   8
383.50000000000000000000   15
383.60000000000000000000   25
383.70000000000000000000   23
383.80000000000000000000   17
383.90000000000000000000   21
384.00000000000000000000   17
384.10000000000000000000   21
384.20000000000000000000   24
384.30000000000000000000   24
384.40000000000000000000   19
384.50000000000000000000   18
384.60000000000000000000   14
384.70000000000000000000   18
384.80000000000000000000   14
384.90000000000000000000   16
385.00000000000000000000   22
385.10000000000000000000   14
385.20000000000000000000   16
385.30000000000000000000   17
385.40000000000000000000   18
385.50000000000000000000   15
385.60000000000000000000   14
385.70000000000000000000   14
385.80000000000000000000   10
385.90000000000000000000   16
386.00000000000000000000   14
386.10000000000000000000   13
386.20000000000000000000   11
386.30000000000000000000   8
386.40000000000000000000   9
386.50000000000000000000   6
386.60000000000000000000   10
386.70000000000000000000   9
386.80000000000000000000   15
386.90000000000000000000   12
387.00000000000000000000   11
387.10000000000000000000   16
387.20000000000000000000   14
387.30000000000000000000   14
387.40000000000000000000   7
387.50000000000000000000   8
387.60000000000000000000   5
387.70000000000000000000   5
387.80000000000000000000   9
387.90000000000000000000   9
388.00000000000000000000   7
388.10000000000000000000   10
388.20000000000000000000   14
388.30000000000000000000   15
388.40000000000000000000   13
388.50000000000000000000   15
388.60000000000000000000   13
388.70000000000000000000   10
388.80000000000000000000   6
388.90000000000000000000   12
389.00000000000000000000   3
389.10000000000000000000   5
389.20000000000000000000   8
389.30000000000000000000   7
389.40000000000000000000   3
389.50000000000000000000   4
389.60000000000000000000   3
389.70000000000000000000   4
389.80000000000000000000   5
389.90000000000000000000   3
390.00000000000000000000   3
390.10000000000000000000   2
390.20000000000000000000   9
390.30000000000000000000   9
390.40000000000000000000   7
390.50000000000000000000   8
390.60000000000000000000   11
390.70000000000000000000   9
390.80000000000000000000   11
390.90000000000000000000   8
391.00000000000000000000   7
391.10000000000000000000   7
391.20000000000000000000   8
391.30000000000000000000   8
391.40000000000000000000   6
391.50000000000000000000   11
391.60000000000000000000   12
391.70000000000000000000   12
391.80000000000000000000   12
391.90000000000000000000   11
392.00000000000000000000   7
392.10000000000000000000   5
392.20000000000000000000   5
392.30000000000000000000   4
392.40000000000000000000   6
392.50000000000000000000   0
392.60000000000000000000   3
392.70000000000000000000   5
392.80000000000000000000   6
392.90000000000000000000   11
393.00000000000000000000   10
393.10000000000000000000   9
393.20000000000000000000   11
393.30000000000000000000   13
393.40000000000000000000   11
393.50000000000000000000   11
393.60000000000000000000   8
393.70000000000000000000   7
393.80000000000000000000   10
393.90000000000000000000   8
394.00000000000000000000   8
394.10000000000000000000   10
394.20000000000000000000   9
394.30000000000000000000   9
394.40000000000000000000   11
394.50000000000000000000   12
394.60000000000000000000   6
394.70000000000000000000   7
394.80000000000000000000   11
394.90000000000000000000   8
395.00000000000000000000   12
395.10000000000000000000   11
395.20000000000000000000   5
395.30000000000000000000   5
395.40000000000000000000   8
395.50000000000000000000   7
395.60000000000000000000   8
395.70000000000000000000   9
395.80000000000000000000   0
395.90000000000000000000   4
396.00000000000000000000   6
396.10000000000000000000   7
396.20000000000000000000   5
396.30000000000000000000   3
396.40000000000000000000   3
396.50000000000000000000   3
396.60000000000000000000   2
396.70000000000000000000   5
396.80000000000000000000   7
396.90000000000000000000   8
397.00000000000000000000   7
397.10000000000000000000   8
397.20000000000000000000   7
397.30000000000000000000   8
397.40000000000000000000   8
397.50000000000000000000   6
397.60000000000000000000   7
397.70000000000000000000   10
397.80000000000000000000   9
397.90000000000000000000   7
398.00000000000000000000   8
398.10000000000000000000   6
398.20000000000000000000   6
398.30000000000000000000   4
398.40000000000000000000   7
398.50000000000000000000   6
398.60000000000000000000   8
398.70000000000000000000   9
398.80000000000000000000   8
398.90000000000000000000   8
399.00000000000000000000   8
399.10000000000000000000   8
399.20000000000000000000   8
399.30000000000000000000   8
399.40000000000000000000   8
399.50000000000000000000   8
399.60000000000000000000   8
399.70000000000000000000   8
