200.00000000000000000000   21
200.10000000000000000000   15
200.20000000000000000000   14
200.30000000000000000000   16
200.40000000000000000000   16
200.50000000000000000000   19
200.60000000000000000000   13
200.70000000000000000000   10
200.80000000000000000000   12
200.90000000000000000000   15
201.00000000000000000000   12
201.10000000000000000000   14
201.20000000000000000000   5
201.30000000000000000000   13
201.40000000000000000000   15
201.50000000000000000000   12
201.60000000000000000000   14
201.70000000000000000000   15
201.80000000000000000000   17
201.90000000000000000000   12
202.00000000000000000000   11
202.10000000000000000000   11
202.20000000000000000000   10
202.30000000000000000000   14
202.40000000000000000000   14
202.50000000000000000000   10
202.60000000000000000000   14
202.70000000000000000000   13
202.80000000000000000000   13
202.90000000000000000000   10
203.00000000000000000000   13
203.10000000000000000000   15
203.20000000000000000000   14
203.30000000000000000000   16
203.40000000000000000000   16
203.50000000000000000000   14
203.60000000000000000000   8
203.70000000000000000000   8
203.80000000000000000000   13
203.90000000000000000000   13
204.00000000000000000000   16
204.10000000000000000000   15
204.20000000000000000000   13
204.30000000000000000000   13
204.40000000000000000000   10
204.50000000000000000000   11
204.60000000000000000000   9
204.70000000000000000000   6
204.80000000000000000000   6
204.90000000000000000000   8
205.00000000000000000000   7
205.10000000000000000000   8
205.20000000000000000000   9
205.30000000000000000000   15
205.40000000000000000000   12
205.50000000000000000000   12
205.60000000000000000000   12
205.70000000000000000000   13
205.80000000000000000000   16
205.90000000000000000000   16
206.00000000000000000000   12
206.10000000000000000000   12
206.20000000000000000000   15
206.30000000000000000000   20
206.40000000000000000000   17
206.50000000000000000000   13
206.60000000000000000000   17
206.70000000000000000000   13
206.80000000000000000000   13
206.90000000000000000000   13
207.00000000000000000000   12
207.10000000000000000000   11
207.20000000000000000000   14
207.30000000000000000000   17
207.40000000000000000000   15
207.50000000000000000000   19
207.60000000000000000000   17
207.70000000000000000000   13
207.80000000000000000000   16
207.90000000000000000000   14
208.00000000000000000000   12
208.10000000000000000000   16
208.20000000000000000000   13
208.30000000000000000000   17
208.40000000000000000000   14
208.50000000000000000000   11
208.60000000000000000000   13
208.70000000000000000000   8
208.80000000000000000000   7
208.90000000000000000000   7
209.00000000000000000000   10
209.10000000000000000000   11
209.20000000000000000000   12
209.30000000000000000000   13
209.40000000000000000000   13
209.50000000000000000000   13
209.60000000000000000000   14
209.70000000000000000000   17
209.80000000000000000000   12
209.90000000000000000000   15
210.00000000000000000000   13
210.10000000000000000000   16
210.20000000000000000000   13
210.30000000000000000000   11
210.40000000000000000000   12
210.50000000000000000000   12
210.60000000000000000000   12
210.70000000000000000000   15
210.80000000000000000000   17
210.90000000000000000000   13
211.00000000000000000000   18
211.10000000000000000000   16
211.20000000000000000000   15
211.30000000000000000000   12
211.40000000000000000000   14
211.50000000000000000000   15
211.60000000000000000000   13
211.70000000000000000000   17
211.80000000000000000000   15
211.90000000000000000000   17
212.00000000000000000000   16
212.10000000000000000000   16
212.20000000000000000000   17
212.30000000000000000000   14
212.40000000000000000000   14
212.50000000000000000000   12
212.60000000000000000000   10
212.70000000000000000000   7
212.80000000000000000000   10
212.90000000000000000000   10
213.00000000000000000000   12
213.10000000000000000000   10
213.20000000000000000000   12
213.30000000000000000000   15
213.40000000000000000000   8
213.50000000000000000000   10
213.60000000000000000000   10
213.70000000000000000000   12
213.80000000000000000000   16
213.90000000000000000000   15
214.00000000000000000000   13
214.10000000000000000000   14
214.20000000000000000000   14
214.30000000000000000000   11
214.40000000000000000000   16
214.50000000000000000000   17
214.60000000000000000000   14
214.70000000000000000000   12
214.80000000000000000000   11
214.90000000000000000000   15
215.00000000000000000000   14
215.10000000000000000000   15
215.20000000000000000000   15
215.30000000000000000000   15
215.40000000000000000000   14
215.50000000000000000000   15
215.60000000000000000000   12
215.70000000000000000000   12
215.80000000000000000000   18
215.90000000000000000000   15
216.00000000000000000000   13
216.10000000000000000000   12
216.20000000000000000000   14
216.30000000000000000000   15
216.40000000000000000000   14
216.50000000000000000000   12
216.60000000000000000000   14
216.70000000000000000000   16
216.80000000000000000000   17
216.90000000000000000000   16
217.00000000000000000000   16
217.10000000000000000000   13
217.20000000000000000000   15
217.30000000000000000000   12
217.40000000000000000000   16
217.50000000000000000000   12
217.60000000000000000000   15
217.70000000000000000000   16
217.80000000000000000000   16
217.90000000000000000000   12
218.00000000000000000000   13
218.10000000000000000000   14
218.20000000000000000000   14
218.30000000000000000000   14
218.40000000000000000000   12
218.50000000000000000000   13
218.60000000000000000000   11
218.70000000000000000000   13
218.80000000000000000000   13
218.90000000000000000000   12
219.00000000000000000000   11
219.10000000000000000000   12
219.20000000000000000000   16
219.30000000000000000000   16
219.40000000000000000000   14
219.50000000000000000000   16
219.60000000000000000000   14
219.70000000000000000000   15
219.80000000000000000000   17
219.90000000000000000000   18
220.00000000000000000000   15
220.10000000000000000000   11
220.20000000000000000000   11
220.30000000000000000000   12
220.40000000000000000000   13
220.50000000000000000000   13
220.60000000000000000000   11
220.70000000000000000000   11
220.80000000000000000000   13
220.90000000000000000000   15
221.00000000000000000000   15
221.10000000000000000000   17
221.20000000000000000000   15
221.30000000000000000000   14
221.40000000000000000000   11
221.50000000000000000000   10
221.60000000000000000000   14
221.70000000000000000000   12
221.80000000000000000000   15
221.90000000000000000000   17
222.00000000000000000000   16
222.10000000000000000000   11
222.20000000000000000000   15
222.30000000000000000000   15
222.40000000000000000000   14
222.50000000000000000000   15
222.60000000000000000000   14
222.70000000000000000000   14
222.80000000000000000000   15
222.90000000000000000000   12
223.00000000000000000000   11
223.10000000000000000000   11
223.20000000000000000000   11
223.30000000000000000000   12
223.40000000000000000000   10
223.50000000000000000000   9
223.60000000000000000000   11
223.70000000000000000000   13
223.80000000000000000000   12
223.90000000000000000000   12
224.00000000000000000000   14
224.10000000000000000000   14
224.20000000000000000000   11
224.30000000000000000000   15
224.40000000000000000000   14
224.50000000000000000000   14
224.60000000000000000000   11
224.70000000000000000000   14
224.80000000000000000000   14
224.90000000000000000000   10
225.00000000000000000000   12
225.10000000000000000000   11
225.20000000000000000000   11
225.30000000000000000000   12
225.40000000000000000000   14
225.50000000000000000000   13
225.60000000000000000000   14
225.70000000000000000000   11
225.80000000000000000000   13
225.90000000000000000000   14
226.00000000000000000000   11
226.10000000000000000000   10
226.20000000000000000000   13
226.30000000000000000000   12
226.40000000000000000000   12
226.50000000000000000000   11
226.60000000000000000000   12
226.70000000000000000000   12
226.80000000000000000000   12
226.90000000000000000000   14
227.00000000000000000000   13
227.10000000000000000000   12
227.20000000000000000000   13
227.30000000000000000000   14
227.40000000000000000000   11
227.50000000000000000000   12
227.60000000000000000000   8
227.70000000000000000000   10
227.80000000000000000000   11
227.90000000000000000000   17
228.00000000000000000000   16
228.10000000000000000000   15
228.20000000000000000000   16
228.30000000000000000000   10
228.40000000000000000000   15
228.50000000000000000000   14
228.60000000000000000000   19
228.70000000000000000000   9
228.80000000000000000000   10
228.90000000000000000000   12
229.00000000000000000000   13
229.10000000000000000000   9
229.20000000000000000000   13
229.30000000000000000000   11
229.40000000000000000000   9
229.50000000000000000000   11
229.60000000000000000000   14
229.70000000000000000000   21
229.80000000000000000000   14
229.90000000000000000000   17
230.00000000000000000000   21
230.10000000000000000000   18
230.20000000000000000000   17
230.30000000000000000000   18
230.40000000000000000000   13
230.50000000000000000000   14
230.60000000000000000000   18
230.70000000000000000000   14
230.80000000000000000000   17
230.90000000000000000000   16
231.00000000000000000000   16
231.10000000000000000000   15
231.20000000000000000000   14
231.30000000000000000000   11
231.40000000000000000000   11
231.50000000000000000000   15
231.60000000000000000000   14
231.70000000000000000000   13
231.80000000000000000000   14
231.90000000000000000000   13
232.00000000000000000000   16
232.10000000000000000000   14
232.20000000000000000000   17
232.30000000000000000000   16
232.40000000000000000000   14
232.50000000000000000000   17
232.60000000000000000000   17
232.70000000000000000000   17
232.80000000000000000000   15
232.90000000000000000000   16
233.00000000000000000000   14
233.10000000000000000000   14
233.20000000000000000000   18
233.30000000000000000000   15
233.40000000000000000000   19
233.50000000000000000000   12
233.60000000000000000000   13
233.70000000000000000000   13
233.80000000000000000000   16
233.90000000000000000000   15
234.00000000000000000000   17
234.10000000000000000000   14
234.20000000000000000000   18
234.30000000000000000000   18
234.40000000000000000000   16
234.50000000000000000000   16
234.60000000000000000000   17
234.70000000000000000000   18
234.80000000000000000000   17
234.90000000000000000000   17
235.00000000000000000000   17
235.10000000000000000000   13
235.20000000000000000000   12
235.30000000000000000000   14
235.40000000000000000000   12
235.50000000000000000000   12
235.60000000000000000000   17
235.70000000000000000000   14
235.80000000000000000000   16
235.90000000000000000000   18
236.00000000000000000000   16
236.10000000000000000000   17
236.20000000000000000000   19
236.30000000000000000000   18
236.40000000000000000000   16
236.50000000000000000000   16
236.60000000000000000000   16
236.70000000000000000000   14
236.80000000000000000000   15
236.90000000000000000000   12
237.00000000000000000000   5
237.10000000000000000000   5
237.20000000000000000000   10
237.30000000000000000000   11
237.40000000000000000000   9
237.50000000000000000000   9
237.60000000000000000000   9
237.70000000000000000000   6
237.80000000000000000000   7
237.90000000000000000000   16
238.00000000000000000000   11
238.10000000000000000000   11
238.20000000000000000000   8
238.30000000000000000000   11
238.40000000000000000000   7
238.50000000000000000000   10
238.60000000000000000000   5
238.70000000000000000000   4
238.80000000000000000000   4
238.90000000000000000000   4
239.00000000000000000000   2
239.10000000000000000000   4
239.20000000000000000000   4
239.30000000000000000000   5
239.40000000000000000000   5
239.50000000000000000000   4
239.60000000000000000000   7
239.70000000000000000000   10
239.80000000000000000000   11
239.90000000000000000000   14
240.00000000000000000000   9
240.10000000000000000000   9
240.20000000000000000000   6
240.30000000000000000000   9
240.40000000000000000000   9
240.50000000000000000000   6
240.60000000000000000000   4
240.70000000000000000000   8
240.80000000000000000000   9
240.90000000000000000000   11
241.00000000000000000000   11
241.10000000000000000000   10
241.20000000000000000000   14
241.30000000000000000000   12
241.40000000000000000000   7
241.50000000000000000000   6
241.60000000000000000000   8
241.70000000000000000000   7
241.80000000000000000000   7
241.90000000000000000000   7
242.00000000000000000000   9
242.10000000000000000000   9
242.20000000000000000000   7
242.30000000000000000000   7
242.40000000000000000000   9
242.50000000000000000000   11
242.60000000000000000000   14
242.70000000000000000000   11
242.80000000000000000000   11
242.90000000000000000000   7
243.00000000000000000000   8
243.10000000000000000000   9
243.20000000000000000000   14
243.30000000000000000000   15
243.40000000000000000000   12
243.50000000000000000000   11
243.60000000000000000000   11
243.70000000000000000000   10
243.80000000000000000000   13
243.90000000000000000000   13
244.00000000000000000000   17
244.10000000000000000000   14
244.20000000000000000000   13
244.30000000000000000000   15
244.40000000000000000000   15
244.50000000000000000000   16
244.60000000000000000000   14
244.70000000000000000000   14
244.80000000000000000000   14
244.90000000000000000000   15
245.00000000000000000000   15
245.10000000000000000000   13
245.20000000000000000000   16
245.30000000000000000000   14
245.40000000000000000000   15
245.50000000000000000000   13
245.60000000000000000000   13
245.70000000000000000000   13
245.80000000000000000000   12
245.90000000000000000000   15
246.00000000000000000000   12
246.10000000000000000000   15
246.20000000000000000000   18
246.30000000000000000000   12
246.40000000000000000000   9
246.50000000000000000000   13
246.60000000000000000000   11
246.70000000000000000000   16
246.80000000000000000000   11
246.90000000000000000000   15
247.00000000000000000000   9
247.10000000000000000000   8
247.20000000000000000000   10
247.30000000000000000000   12
247.40000000000000000000   9
247.50000000000000000000   10
247.60000000000000000000   10
247.70000000000000000000   8
247.80000000000000000000   7
247.90000000000000000000   5
248.00000000000000000000   5
248.10000000000000000000   6
248.20000000000000000000   3
248.30000000000000000000   4
248.40000000000000000000   5
248.50000000000000000000   7
248.60000000000000000000   8
248.70000000000000000000   7
248.80000000000000000000   10
248.90000000000000000000   8
249.00000000000000000000   10
249.10000000000000000000   15
249.20000000000000000000   13
249.30000000000000000000   12
249.40000000000000000000   11
249.50000000000000000000   12
249.60000000000000000000   10
249.70000000000000000000   11
249.80000000000000000000   9
249.90000000000000000000   9
250.00000000000000000000   8
250.10000000000000000000   13
250.20000000000000000000   8
250.30000000000000000000   8
250.40000000000000000000   9
250.50000000000000000000   11
250.60000000000000000000   11
250.70000000000000000000   7
250.80000000000000000000   11
250.90000000000000000000   14
251.00000000000000000000   15
251.10000000000000000000   14
251.20000000000000000000   14
251.30000000000000000000   18
251.40000000000000000000   17
251.50000000000000000000   11
251.60000000000000000000   10
251.70000000000000000000   7
251.80000000000000000000   8
251.90000000000000000000   6
252.00000000000000000000   6
252.10000000000000000000   7
252.20000000000000000000   6
252.30000000000000000000   6
252.40000000000000000000   4
252.50000000000000000000   2
252.60000000000000000000   2
252.70000000000000000000   5
252.80000000000000000000   6
252.90000000000000000000   8
253.00000000000000000000   10
253.10000000000000000000   12
253.20000000000000000000   12
253.30000000000000000000   9
253.40000000000000000000   8
253.50000000000000000000   9
253.60000000000000000000   9
253.70000000000000000000   12
253.80000000000000000000   10
253.90000000000000000000   11
254.00000000000000000000   11
254.10000000000000000000   11
254.20000000000000000000   15
254.30000000000000000000   17
254.40000000000000000000   14
254.50000000000000000000   16
254.60000000000000000000   16
254.70000000000000000000   18
254.80000000000000000000   18
254.90000000000000000000   17
255.00000000000000000000   19
255.10000000000000000000   12
255.20000000000000000000   17
255.30000000000000000000   14
255.40000000000000000000   14
255.50000000000000000000   13
255.60000000000000000000   12
255.70000000000000000000   12
255.80000000000000000000   11
255.90000000000000000000   13
256.00000000000000000000   16
256.10000000000000000000   13
256.20000000000000000000   14
256.30000000000000000000   10
256.40000000000000000000   10
256.50000000000000000000   11
256.60000000000000000000   10
256.70000000000000000000   11
256.80000000000000000000   9
256.90000000000000000000   8
257.00000000000000000000   10
257.10000000000000000000   10
257.20000000000000000000   13
257.30000000000000000000   14
257.40000000000000000000   13
257.50000000000000000000   12
257.60000000000000000000   12
257.70000000000000000000   9
257.80000000000000000000   13
257.90000000000000000000   15
258.00000000000000000000   16
258.10000000000000000000   16
258.20000000000000000000   14
258.30000000000000000000   10
258.40000000000000000000   11
258.50000000000000000000   6
258.60000000000000000000   8
258.70000000000000000000   12
258.80000000000000000000   9
258.90000000000000000000   8
259.00000000000000000000   7
259.10000000000000000000   9
259.20000000000000000000   9
259.30000000000000000000   9
259.40000000000000000000   6
259.50000000000000000000   9
259.60000000000000000000   10
259.70000000000000000000   7
259.80000000000000000000   9
259.90000000000000000000   7
260.00000000000000000000   10
260.10000000000000000000   8
260.20000000000000000000   5
260.30000000000000000000   7
260.40000000000000000000   13
260.50000000000000000000   15
260.60000000000000000000   16
260.70000000000000000000   16
260.80000000000000000000   15
260.90000000000000000000   15
261.00000000000000000000   12
261.10000000000000000000   9
261.20000000000000000000   12
261.30000000000000000000   9
261.40000000000000000000   14
261.50000000000000000000   9
261.60000000000000000000   15
261.70000000000000000000   11
261.80000000000000000000   13
261.90000000000000000000   15
262.00000000000000000000   14
262.10000000000000000000   17
262.20000000000000000000   16
262.30000000000000000000   15
262.40000000000000000000   15
262.50000000000000000000   17
262.60000000000000000000   16
262.70000000000000000000   16
262.80000000000000000000   18
262.90000000000000000000   14
263.00000000000000000000   16
263.10000000000000000000   15
263.20000000000000000000   12
263.30000000000000000000   12
263.40000000000000000000   15
263.50000000000000000000   20
263.60000000000000000000   15
263.70000000000000000000   14
263.80000000000000000000   14
263.90000000000000000000   12
264.00000000000000000000   12
264.10000000000000000000   12
264.20000000000000000000   11
264.30000000000000000000   10
264.40000000000000000000   13
264.50000000000000000000   15
264.60000000000000000000   17
264.70000000000000000000   17
264.80000000000000000000   16
264.90000000000000000000   12
265.00000000000000000000   13
265.10000000000000000000   11
265.20000000000000000000   13
265.30000000000000000000   10
265.40000000000000000000   14
265.50000000000000000000   12
265.60000000000000000000   13
265.70000000000000000000   11
265.80000000000000000000   8
265.90000000000000000000   10
266.00000000000000000000   9
266.10000000000000000000   14
266.20000000000000000000   13
266.30000000000000000000   10
266.40000000000000000000   11
266.50000000000000000000   12
266.60000000000000000000   11
266.70000000000000000000   11
266.80000000000000000000   14
266.90000000000000000000   13
267.00000000000000000000   9
267.10000000000000000000   5
267.20000000000000000000   7
267.30000000000000000000   10
267.40000000000000000000   4
267.50000000000000000000   3
267.60000000000000000000   6
267.70000000000000000000   13
267.80000000000000000000   9
267.90000000000000000000   11
268.00000000000000000000   8
268.10000000000000000000   9
268.20000000000000000000   14
268.30000000000000000000   16
268.40000000000000000000   12
268.50000000000000000000   6
268.60000000000000000000   11
268.70000000000000000000   11
268.80000000000000000000   11
268.90000000000000000000   9
269.00000000000000000000   12
269.10000000000000000000   9
269.20000000000000000000   9
269.30000000000000000000   5
269.40000000000000000000   13
269.50000000000000000000   13
269.60000000000000000000   14
269.70000000000000000000   13
269.80000000000000000000   12
269.90000000000000000000   9
270.00000000000000000000   9
270.10000000000000000000   12
270.20000000000000000000   5
270.30000000000000000000   7
270.40000000000000000000   8
270.50000000000000000000   13
270.60000000000000000000   7
270.70000000000000000000   10
270.80000000000000000000   6
270.90000000000000000000   11
271.00000000000000000000   13
271.10000000000000000000   8
271.20000000000000000000   8
271.30000000000000000000   17
271.40000000000000000000   15
271.50000000000000000000   17
271.60000000000000000000   16
271.70000000000000000000   13
271.80000000000000000000   18
271.90000000000000000000   16
272.00000000000000000000   19
272.10000000000000000000   18
272.20000000000000000000   13
272.30000000000000000000   15
272.40000000000000000000   16
272.50000000000000000000   12
272.60000000000000000000   13
272.70000000000000000000   14
272.80000000000000000000   16
272.90000000000000000000   13
273.00000000000000000000   12
273.10000000000000000000   14
273.20000000000000000000   19
273.30000000000000000000   14
273.40000000000000000000   15
273.50000000000000000000   20
273.60000000000000000000   19
273.70000000000000000000   23
273.80000000000000000000   21
273.90000000000000000000   20
274.00000000000000000000   20
274.10000000000000000000   16
274.20000000000000000000   21
274.30000000000000000000   19
274.40000000000000000000   14
274.50000000000000000000   16
274.60000000000000000000   13
274.70000000000000000000   13
274.80000000000000000000   10
274.90000000000000000000   11
275.00000000000000000000   16
275.10000000000000000000   12
275.20000000000000000000   13
275.30000000000000000000   10
275.40000000000000000000   11
275.50000000000000000000   5
275.60000000000000000000   15
275.70000000000000000000   15
275.80000000000000000000   11
275.90000000000000000000   14
276.00000000000000000000   14
276.10000000000000000000   14
276.20000000000000000000   16
276.30000000000000000000   20
276.40000000000000000000   16
276.50000000000000000000   13
276.60000000000000000000   9
276.70000000000000000000   11
276.80000000000000000000   14
276.90000000000000000000   15
277.00000000000000000000   13
277.10000000000000000000   12
277.20000000000000000000   12
277.30000000000000000000   10
277.40000000000000000000   10
277.50000000000000000000   11
277.60000000000000000000   9
277.70000000000000000000   12
277.80000000000000000000   12
277.90000000000000000000   12
278.00000000000000000000   9
278.10000000000000000000   12
278.20000000000000000000   15
278.30000000000000000000   9
278.40000000000000000000   9
278.50000000000000000000   14
278.60000000000000000000   14
278.70000000000000000000   14
278.80000000000000000000   14
278.90000000000000000000   13
279.00000000000000000000   15
279.10000000000000000000   14
279.20000000000000000000   15
279.30000000000000000000   15
279.40000000000000000000   13
279.50000000000000000000   12
279.60000000000000000000   16
279.70000000000000000000   14
279.80000000000000000000   16
279.90000000000000000000   13
280.00000000000000000000   14
280.10000000000000000000   17
280.20000000000000000000   13
280.30000000000000000000   13
280.40000000000000000000   15
280.50000000000000000000   14
280.60000000000000000000   13
280.70000000000000000000   12
280.80000000000000000000   14
280.90000000000000000000   14
281.00000000000000000000   8
281.10000000000000000000   11
281.20000000000000000000   8
281.30000000000000000000   7
281.40000000000000000000   10
281.50000000000000000000   15
281.60000000000000000000   11
281.70000000000000000000   16
281.80000000000000000000   10
281.90000000000000000000   8
282.00000000000000000000   6
282.10000000000000000000   8
282.20000000000000000000   7
282.30000000000000000000   14
282.40000000000000000000   14
282.50000000000000000000   14
282.60000000000000000000   13
282.70000000000000000000   11
282.80000000000000000000   11
282.90000000000000000000   11
283.00000000000000000000   14
283.10000000000000000000   12
283.20000000000000000000   11
283.30000000000000000000   13
283.40000000000000000000   15
283.50000000000000000000   15
283.60000000000000000000   12
283.70000000000000000000   12
283.80000000000000000000   12
283.90000000000000000000   16
284.00000000000000000000   17
284.10000000000000000000   16
284.20000000000000000000   15
284.30000000000000000000   20
284.40000000000000000000   13
284.50000000000000000000   16
284.60000000000000000000   13
284.70000000000000000000   10
284.80000000000000000000   10
284.90000000000000000000   13
285.00000000000000000000   9
285.10000000000000000000   7
285.20000000000000000000   10
285.30000000000000000000   9
285.40000000000000000000   8
285.50000000000000000000   6
285.60000000000000000000   11
285.70000000000000000000   7
285.80000000000000000000   12
285.90000000000000000000   13
286.00000000000000000000   11
286.10000000000000000000   15
286.20000000000000000000   14
286.30000000000000000000   14
286.40000000000000000000   15
286.50000000000000000000   15
286.60000000000000000000   15
286.70000000000000000000   15
286.80000000000000000000   14
286.90000000000000000000   14
287.00000000000000000000   16
287.10000000000000000000   12
287.20000000000000000000   13
287.30000000000000000000   14
287.40000000000000000000   12
287.50000000000000000000   17
287.60000000000000000000   12
287.70000000000000000000   14
287.80000000000000000000   16
287.90000000000000000000   12
288.00000000000000000000   14
288.10000000000000000000   14
288.20000000000000000000   9
288.30000000000000000000   12
288.40000000000000000000   11
288.50000000000000000000   10
288.60000000000000000000   14
288.70000000000000000000   15
288.80000000000000000000   17
288.90000000000000000000   18
289.00000000000000000000   16
289.10000000000000000000   16
289.20000000000000000000   19
289.30000000000000000000   20
289.40000000000000000000   14
289.50000000000000000000   17
289.60000000000000000000   10
289.70000000000000000000   14
289.80000000000000000000   16
289.90000000000000000000   19
290.00000000000000000000   15
290.10000000000000000000   14
290.20000000000000000000   14
290.30000000000000000000   13
290.40000000000000000000   14
290.50000000000000000000   15
290.60000000000000000000   16
290.70000000000000000000   12
290.80000000000000000000   14
290.90000000000000000000   12
291.00000000000000000000   11
291.10000000000000000000   13
291.20000000000000000000   10
291.30000000000000000000   10
291.40000000000000000000   9
291.50000000000000000000   9
291.60000000000000000000   9
291.70000000000000000000   11
291.80000000000000000000   11
291.90000000000000000000   13
292.00000000000000000000   11
292.10000000000000000000   12
292.20000000000000000000   10
292.30000000000000000000   11
292.40000000000000000000   14
292.50000000000000000000   12
292.60000000000000000000   10
292.70000000000000000000   12
292.80000000000000000000   7
292.90000000000000000000   10
293.00000000000000000000   8
293.10000000000000000000   7
293.20000000000000000000   8
293.30000000000000000000   8
293.40000000000000000000   9
293.50000000000000000000   13
293.60000000000000000000   12
293.70000000000000000000   11
293.80000000000000000000   13
293.90000000000000000000   9
294.00000000000000000000   10
294.10000000000000000000   9
294.20000000000000000000   9
294.30000000000000000000   8
294.40000000000000000000   13
294.50000000000000000000   8
294.60000000000000000000   9
294.70000000000000000000   7
294.80000000000000000000   13
294.90000000000000000000   1
295.00000000000000000000   8
295.10000000000000000000   10
295.20000000000000000000   15
295.30000000000000000000   8
295.40000000000000000000   11
295.50000000000000000000   11
295.60000000000000000000   13
295.70000000000000000000   11
295.80000000000000000000   11
295.90000000000000000000   6
296.00000000000000000000   11
296.10000000000000000000   10
296.20000000000000000000   10
296.30000000000000000000   12
296.40000000000000000000   9
296.50000000000000000000   10
296.60000000000000000000   11
296.70000000000000000000   9
296.80000000000000000000   10
296.90000000000000000000   6
297.00000000000000000000   7
297.10000000000000000000   10
297.20000000000000000000   8
297.30000000000000000000   9
297.40000000000000000000   10
297.50000000000000000000   11
297.60000000000000000000   10
297.70000000000000000000   6
297.80000000000000000000   11
297.90000000000000000000   9
298.00000000000000000000   10
298.10000000000000000000   10
298.20000000000000000000   11
298.30000000000000000000   10
298.40000000000000000000   10
298.50000000000000000000   8
298.60000000000000000000   5
298.70000000000000000000   6
298.80000000000000000000   10
298.90000000000000000000   11
299.00000000000000000000   8
299.10000000000000000000   12
299.20000000000000000000   7
299.30000000000000000000   4
299.40000000000000000000   6
299.50000000000000000000   6
299.60000000000000000000   5
299.70000000000000000000   7
299.80000000000000000000   8
299.90000000000000000000   9
300.00000000000000000000   6
300.10000000000000000000   9
300.20000000000000000000   9
300.30000000000000000000   7
300.40000000000000000000   10
300.50000000000000000000   3
300.60000000000000000000   4
300.70000000000000000000   6
300.80000000000000000000   5
300.90000000000000000000   5
301.00000000000000000000   4
301.10000000000000000000   7
301.20000000000000000000   6
301.30000000000000000000   9
301.40000000000000000000   3
301.50000000000000000000   6
301.60000000000000000000   8
301.70000000000000000000   8
301.80000000000000000000   8
301.90000000000000000000   4
302.00000000000000000000   6
302.10000000000000000000   4
302.20000000000000000000   7
302.30000000000000000000   6
302.40000000000000000000   8
302.50000000000000000000   5
302.60000000000000000000   9
302.70000000000000000000   10
302.80000000000000000000   6
302.90000000000000000000   3
303.00000000000000000000   6
303.10000000000000000000   6
303.20000000000000000000   3
303.30000000000000000000   6
303.40000000000000000000   8
303.50000000000000000000   3
303.60000000000000000000   2
303.70000000000000000000   5
303.80000000000000000000   9
303.90000000000000000000   6
304.00000000000000000000   7
304.10000000000000000000   6
304.20000000000000000000   4
304.30000000000000000000   8
304.40000000000000000000   7
304.50000000000000000000   9
304.60000000000000000000   8
304.70000000000000000000   11
304.80000000000000000000   11
304.90000000000000000000   11
305.00000000000000000000   12
305.10000000000000000000   10
305.20000000000000000000   11
305.30000000000000000000   11
305.40000000000000000000   11
305.50000000000000000000   10
305.60000000000000000000   12
305.70000000000000000000   13
305.80000000000000000000   11
305.90000000000000000000   10
306.00000000000000000000   13
306.10000000000000000000   10
306.20000000000000000000   8
306.30000000000000000000   9
306.40000000000000000000   10
306.50000000000000000000   11
306.60000000000000000000   10
306.70000000000000000000   13
306.80000000000000000000   11
306.90000000000000000000   11
307.00000000000000000000   11
307.10000000000000000000   10
307.20000000000000000000   13
307.30000000000000000000   10
307.40000000000000000000   12
307.50000000000000000000   11
307.60000000000000000000   13
307.70000000000000000000   12
307.80000000000000000000   11
307.90000000000000000000   11
308.00000000000000000000   12
308.10000000000000000000   10
308.20000000000000000000   9
308.30000000000000000000   11
308.40000000000000000000   11
308.50000000000000000000   10
308.60000000000000000000   10
308.70000000000000000000   7
308.80000000000000000000   7
308.90000000000000000000   9
309.00000000000000000000   7
309.10000000000000000000   7
309.20000000000000000000   7
309.30000000000000000000   10
309.40000000000000000000   14
309.50000000000000000000   14
309.60000000000000000000   13
309.70000000000000000000   12
309.80000000000000000000   10
309.90000000000000000000   13
310.00000000000000000000   9
310.10000000000000000000   11
310.20000000000000000000   7
310.30000000000000000000   7
310.40000000000000000000   4
310.50000000000000000000   5
310.60000000000000000000   4
310.70000000000000000000   4
310.80000000000000000000   4
310.90000000000000000000   6
311.00000000000000000000   6
311.10000000000000000000   7
311.20000000000000000000   6
311.30000000000000000000   5
311.40000000000000000000   8
311.50000000000000000000   7
311.60000000000000000000   6
311.70000000000000000000   8
311.80000000000000000000   4
311.90000000000000000000   9
312.00000000000000000000   10
312.10000000000000000000   9
312.20000000000000000000   9
312.30000000000000000000   10
312.40000000000000000000   12
312.50000000000000000000   12
312.60000000000000000000   11
312.70000000000000000000   13
312.80000000000000000000   15
312.90000000000000000000   12
313.00000000000000000000   10
313.10000000000000000000   13
313.20000000000000000000   12
313.30000000000000000000   11
313.40000000000000000000   13
313.50000000000000000000   11
313.60000000000000000000   11
313.70000000000000000000   10
313.80000000000000000000   15
313.90000000000000000000   15
314.00000000000000000000   13
314.10000000000000000000   13
314.20000000000000000000   10
314.30000000000000000000   10
314.40000000000000000000   14
314.50000000000000000000   11
314.60000000000000000000   8
314.70000000000000000000   10
314.80000000000000000000   11
314.90000000000000000000   8
315.00000000000000000000   9
315.10000000000000000000   11
315.20000000000000000000   12
315.30000000000000000000   7
315.40000000000000000000   11
315.50000000000000000000   9
315.60000000000000000000   8
315.70000000000000000000   10
315.80000000000000000000   11
315.90000000000000000000   7
316.00000000000000000000   12
316.10000000000000000000   8
316.20000000000000000000   11
316.30000000000000000000   11
316.40000000000000000000   9
316.50000000000000000000   11
316.60000000000000000000   6
316.70000000000000000000   8
316.80000000000000000000   11
316.90000000000000000000   12
317.00000000000000000000   13
317.10000000000000000000   13
317.20000000000000000000   14
317.30000000000000000000   13
317.40000000000000000000   12
317.50000000000000000000   17
317.60000000000000000000   13
317.70000000000000000000   11
317.80000000000000000000   7
317.90000000000000000000   7
318.00000000000000000000   8
318.10000000000000000000   11
318.20000000000000000000   16
318.30000000000000000000   12
318.40000000000000000000   8
318.50000000000000000000   9
318.60000000000000000000   3
318.70000000000000000000   6
318.80000000000000000000   7
318.90000000000000000000   5
319.00000000000000000000   11
319.10000000000000000000   7
319.20000000000000000000   13
319.30000000000000000000   6
319.40000000000000000000   6
319.50000000000000000000   7
319.60000000000000000000   11
319.70000000000000000000   14
319.80000000000000000000   9
319.90000000000000000000   12
320.00000000000000000000   14
320.10000000000000000000   9
320.20000000000000000000   12
320.30000000000000000000   10
320.40000000000000000000   10
320.50000000000000000000   13
320.60000000000000000000   11
320.70000000000000000000   9
320.80000000000000000000   11
320.90000000000000000000   9
321.00000000000000000000   10
321.10000000000000000000   9
321.20000000000000000000   10
321.30000000000000000000   12
321.40000000000000000000   10
321.50000000000000000000   10
321.60000000000000000000   9
321.70000000000000000000   12
321.80000000000000000000   9
321.90000000000000000000   13
322.00000000000000000000   14
322.10000000000000000000   15
322.20000000000000000000   13
322.30000000000000000000   13
322.40000000000000000000   11
322.50000000000000000000   11
322.60000000000000000000   5
322.70000000000000000000   5
322.80000000000000000000   7
322.90000000000000000000   9
323.00000000000000000000   5
323.10000000000000000000   9
323.20000000000000000000   8
323.30000000000000000000   9
323.40000000000000000000   5
323.50000000000000000000   7
323.60000000000000000000   5
323.70000000000000000000   5
323.80000000000000000000   9
323.90000000000000000000   6
324.00000000000000000000   8
324.10000000000000000000   7
324.20000000000000000000   6
324.30000000000000000000   4
324.40000000000000000000   8
324.50000000000000000000   8
324.60000000000000000000   9
324.70000000000000000000   9
324.80000000000000000000   9
324.90000000000000000000   11
325.00000000000000000000   10
325.10000000000000000000   7
325.20000000000000000000   8
325.30000000000000000000   13
325.40000000000000000000   10
325.50000000000000000000   12
325.60000000000000000000   12
325.70000000000000000000   14
325.80000000000000000000   15
325.90000000000000000000   10
326.00000000000000000000   11
326.10000000000000000000   11
326.20000000000000000000   12
326.30000000000000000000   11
326.40000000000000000000   11
326.50000000000000000000   7
326.60000000000000000000   7
326.70000000000000000000   7
326.80000000000000000000   10
326.90000000000000000000   10
327.00000000000000000000   8
327.10000000000000000000   11
327.20000000000000000000   6
327.30000000000000000000   7
327.40000000000000000000   11
327.50000000000000000000   8
327.60000000000000000000   11
327.70000000000000000000   10
327.80000000000000000000   8
327.90000000000000000000   10
328.00000000000000000000   11
328.10000000000000000000   8
328.20000000000000000000   8
328.30000000000000000000   6
328.40000000000000000000   11
328.50000000000000000000   15
328.60000000000000000000   13
328.70000000000000000000   14
328.80000000000000000000   13
328.90000000000000000000   17
329.00000000000000000000   12
329.10000000000000000000   8
329.20000000000000000000   9
329.30000000000000000000   11
329.40000000000000000000   9
329.50000000000000000000   10
329.60000000000000000000   10
329.70000000000000000000   8
329.80000000000000000000   9
329.90000000000000000000   17
330.00000000000000000000   6
330.10000000000000000000   9
330.20000000000000000000   10
330.30000000000000000000   10
330.40000000000000000000   13
330.50000000000000000000   8
330.60000000000000000000   9
330.70000000000000000000   5
330.80000000000000000000   7
330.90000000000000000000   10
331.00000000000000000000   9
331.10000000000000000000   12
331.20000000000000000000   10
331.30000000000000000000   9
331.40000000000000000000   14
331.50000000000000000000   13
331.60000000000000000000   9
331.70000000000000000000   13
331.80000000000000000000   13
331.90000000000000000000   13
332.00000000000000000000   19
332.10000000000000000000   18
332.20000000000000000000   19
332.30000000000000000000   17
332.40000000000000000000   15
332.50000000000000000000   8
332.60000000000000000000   7
332.70000000000000000000   5
332.80000000000000000000   5
332.90000000000000000000   8
333.00000000000000000000   8
333.10000000000000000000   9
333.20000000000000000000   10
333.30000000000000000000   11
333.40000000000000000000   11
333.50000000000000000000   13
333.60000000000000000000   10
333.70000000000000000000   7
333.80000000000000000000   5
333.90000000000000000000   4
334.00000000000000000000   9
334.10000000000000000000   12
334.20000000000000000000   13
334.30000000000000000000   15
334.40000000000000000000   12
334.50000000000000000000   16
334.60000000000000000000   15
334.70000000000000000000   16
334.80000000000000000000   14
334.90000000000000000000   12
335.00000000000000000000   15
335.10000000000000000000   11
335.20000000000000000000   11
335.30000000000000000000   13
335.40000000000000000000   12
335.50000000000000000000   13
335.60000000000000000000   13
335.70000000000000000000   13
335.80000000000000000000   10
335.90000000000000000000   13
336.00000000000000000000   13
336.10000000000000000000   15
336.20000000000000000000   15
336.30000000000000000000   16
336.40000000000000000000   13
336.50000000000000000000   13
336.60000000000000000000   16
336.70000000000000000000   16
336.80000000000000000000   16
336.90000000000000000000   15
337.00000000000000000000   18
337.10000000000000000000   17
337.20000000000000000000   18
337.30000000000000000000   17
337.40000000000000000000   17
337.50000000000000000000   14
337.60000000000000000000   14
337.70000000000000000000   15
337.80000000000000000000   18
337.90000000000000000000   16
338.00000000000000000000   16
338.10000000000000000000   18
338.20000000000000000000   15
338.30000000000000000000   16
338.40000000000000000000   14
338.50000000000000000000   15
338.60000000000000000000   17
338.70000000000000000000   19
338.80000000000000000000   11
338.90000000000000000000   16
339.00000000000000000000   18
339.10000000000000000000   18
339.20000000000000000000   16
339.30000000000000000000   19
339.40000000000000000000   21
339.50000000000000000000   15
339.60000000000000000000   17
339.70000000000000000000   18
339.80000000000000000000   17
339.90000000000000000000   18
340.00000000000000000000   19
340.10000000000000000000   17
340.20000000000000000000   19
340.30000000000000000000   17
340.40000000000000000000   18
340.50000000000000000000   19
340.60000000000000000000   20
340.70000000000000000000   18
340.80000000000000000000   19
340.90000000000000000000   19
341.00000000000000000000   20
341.10000000000000000000   17
341.20000000000000000000   18
341.30000000000000000000   15
341.40000000000000000000   15
341.50000000000000000000   17
341.60000000000000000000   16
341.70000000000000000000   20
341.80000000000000000000   18
341.90000000000000000000   9
342.00000000000000000000   12
342.10000000000000000000   20
342.20000000000000000000   16
342.30000000000000000000   23
342.40000000000000000000   21
342.50000000000000000000   17
342.60000000000000000000   19
342.70000000000000000000   17
342.80000000000000000000   20
342.90000000000000000000   19
343.00000000000000000000   18
343.10000000000000000000   18
343.20000000000000000000   17
343.30000000000000000000   19
343.40000000000000000000   16
343.50000000000000000000   17
343.60000000000000000000   19
343.70000000000000000000   20
343.80000000000000000000   17
343.90000000000000000000   21
344.00000000000000000000   13
344.10000000000000000000   14
344.20000000000000000000   13
344.30000000000000000000   15
344.40000000000000000000   13
344.50000000000000000000   16
344.60000000000000000000   15
344.70000000000000000000   16
344.80000000000000000000   13
344.90000000000000000000   14
345.00000000000000000000   14
345.10000000000000000000   13
345.20000000000000000000   10
345.30000000000000000000   12
345.40000000000000000000   11
345.50000000000000000000   11
345.60000000000000000000   11
345.70000000000000000000   12
345.80000000000000000000   9
345.90000000000000000000   10
346.00000000000000000000   15
346.10000000000000000000   14
346.20000000000000000000   12
346.30000000000000000000   14
346.40000000000000000000   17
346.50000000000000000000   15
346.60000000000000000000   10
346.70000000000000000000   13
346.80000000000000000000   14
346.90000000000000000000   14
347.00000000000000000000   18
347.10000000000000000000   15
347.20000000000000000000   8
347.30000000000000000000   9
347.40000000000000000000   10
347.50000000000000000000   15
347.60000000000000000000   9
347.70000000000000000000   3
347.80000000000000000000   10
347.90000000000000000000   10
348.00000000000000000000   12
348.10000000000000000000   7
348.20000000000000000000   10
348.30000000000000000000   12
348.40000000000000000000   8
348.50000000000000000000   11
348.60000000000000000000   9
348.70000000000000000000   6
348.80000000000000000000   10
348.90000000000000000000   12
349.00000000000000000000   10
349.10000000000000000000   11
349.20000000000000000000   15
349.30000000000000000000   12
349.40000000000000000000   15
349.50000000000000000000   14
349.60000000000000000000   13
349.70000000000000000000   14
349.80000000000000000000   12
349.90000000000000000000   11
350.00000000000000000000   13
350.10000000000000000000   12
350.20000000000000000000   13
350.30000000000000000000   13
350.40000000000000000000   15
350.50000000000000000000   11
350.60000000000000000000   11
350.70000000000000000000   10
350.80000000000000000000   13
350.90000000000000000000   16
351.00000000000000000000   12
351.10000000000000000000   16
351.20000000000000000000   11
351.30000000000000000000   13
351.40000000000000000000   11
351.50000000000000000000   16
351.60000000000000000000   9
351.70000000000000000000   9
351.80000000000000000000   10
351.90000000000000000000   10
352.00000000000000000000   9
352.10000000000000000000   9
352.20000000000000000000   8
352.30000000000000000000   11
352.40000000000000000000   13
352.50000000000000000000   10
352.60000000000000000000   11
352.70000000000000000000   14
352.80000000000000000000   15
352.90000000000000000000   12
353.00000000000000000000   8
353.10000000000000000000   10
353.20000000000000000000   12
353.30000000000000000000   16
353.40000000000000000000   7
353.50000000000000000000   12
353.60000000000000000000   9
353.70000000000000000000   10
353.80000000000000000000   10
353.90000000000000000000   12
354.00000000000000000000   6
354.10000000000000000000   11
354.20000000000000000000   16
354.30000000000000000000   13
354.40000000000000000000   11
354.50000000000000000000   13
354.60000000000000000000   15
354.70000000000000000000   16
354.80000000000000000000   11
354.90000000000000000000   13
355.00000000000000000000   16
355.10000000000000000000   15
355.20000000000000000000   13
355.30000000000000000000   11
355.40000000000000000000   11
355.50000000000000000000   6
355.60000000000000000000   8
355.70000000000000000000   9
355.80000000000000000000   8
355.90000000000000000000   9
356.00000000000000000000   10
356.10000000000000000000   11
356.20000000000000000000   11
356.30000000000000000000   13
356.40000000000000000000   11
356.50000000000000000000   10
356.60000000000000000000   8
356.70000000000000000000   11
356.80000000000000000000   8
356.90000000000000000000   7
357.00000000000000000000   7
357.10000000000000000000   8
357.20000000000000000000   7
357.30000000000000000000   9
357.40000000000000000000   10
357.50000000000000000000   8
357.60000000000000000000   9
357.70000000000000000000   8
357.80000000000000000000   10
357.90000000000000000000   7
358.00000000000000000000   14
358.10000000000000000000   10
358.20000000000000000000   12
358.30000000000000000000   15
358.40000000000000000000   16
358.50000000000000000000   16
358.60000000000000000000   15
358.70000000000000000000   13
358.80000000000000000000   12
358.90000000000000000000   11
359.00000000000000000000   12
359.10000000000000000000   16
359.20000000000000000000   19
359.30000000000000000000   20
359.40000000000000000000   19
359.50000000000000000000   15
359.60000000000000000000   15
359.70000000000000000000   13
359.80000000000000000000   15
359.90000000000000000000   15
360.00000000000000000000   16
360.10000000000000000000   15
360.20000000000000000000   16
360.30000000000000000000   14
360.40000000000000000000   9
360.50000000000000000000   8
360.60000000000000000000   8
360.70000000000000000000   14
360.80000000000000000000   12
360.90000000000000000000   14
361.00000000000000000000   13
361.10000000000000000000   13
361.20000000000000000000   17
361.30000000000000000000   17
361.40000000000000000000   14
361.50000000000000000000   14
361.60000000000000000000   8
361.70000000000000000000   13
361.80000000000000000000   8
361.90000000000000000000   9
362.00000000000000000000   7
362.10000000000000000000   7
362.20000000000000000000   8
362.30000000000000000000   8
362.40000000000000000000   10
362.50000000000000000000   9
362.60000000000000000000   7
362.70000000000000000000   8
362.80000000000000000000   9
362.90000000000000000000   6
363.00000000000000000000   9
363.10000000000000000000   7
363.20000000000000000000   6
363.30000000000000000000   9
363.40000000000000000000   11
363.50000000000000000000   13
363.60000000000000000000   12
363.70000000000000000000   13
363.80000000000000000000   12
363.90000000000000000000   12
364.00000000000000000000   12
364.10000000000000000000   12
364.20000000000000000000   12
364.30000000000000000000   12
364.40000000000000000000   13
364.50000000000000000000   12
364.60000000000000000000   11
364.70000000000000000000   11
364.80000000000000000000   13
364.90000000000000000000   12
365.00000000000000000000   10
365.10000000000000000000   10
365.20000000000000000000   13
365.30000000000000000000   13
365.40000000000000000000   9
365.50000000000000000000   10
365.60000000000000000000   11
365.70000000000000000000   8
365.80000000000000000000   10
365.90000000000000000000   11
366.00000000000000000000   9
366.10000000000000000000   11
366.20000000000000000000   11
366.30000000000000000000   9
366.40000000000000000000   9
366.50000000000000000000   8
366.60000000000000000000   11
366.70000000000000000000   7
366.80000000000000000000   6
366.90000000000000000000   4
367.00000000000000000000   9
367.10000000000000000000   10
367.20000000000000000000   8
367.30000000000000000000   4
367.40000000000000000000   8
367.50000000000000000000   7
367.60000000000000000000   8
367.70000000000000000000   7
367.80000000000000000000   5
367.90000000000000000000   4
368.00000000000000000000   8
368.10000000000000000000   12
368.20000000000000000000   9
368.30000000000000000000   11
368.40000000000000000000   10
368.50000000000000000000   16
368.60000000000000000000   11
368.70000000000000000000   9
368.80000000000000000000   10
368.90000000000000000000   8
369.00000000000000000000   8
369.10000000000000000000   10
369.20000000000000000000   7
369.30000000000000000000   8
369.40000000000000000000   9
369.50000000000000000000   12
369.60000000000000000000   7
369.70000000000000000000   10
369.80000000000000000000   10
369.90000000000000000000   6
370.00000000000000000000   7
370.10000000000000000000   4
370.20000000000000000000   5
370.30000000000000000000   5
370.40000000000000000000   5
370.50000000000000000000   13
370.60000000000000000000   8
370.70000000000000000000   5
370.80000000000000000000   6
370.90000000000000000000   8
371.00000000000000000000   12
371.10000000000000000000   9
371.20000000000000000000   14
371.30000000000000000000   17
371.40000000000000000000   16
371.50000000000000000000   17
371.60000000000000000000   15
371.70000000000000000000   16
371.80000000000000000000   14
371.90000000000000000000   14
372.00000000000000000000   14
372.10000000000000000000   11
372.20000000000000000000   13
372.30000000000000000000   11
372.40000000000000000000   15
372.50000000000000000000   13
372.60000000000000000000   16
372.70000000000000000000   20
372.80000000000000000000   19
372.90000000000000000000   16
373.00000000000000000000   13
373.10000000000000000000   9
373.20000000000000000000   17
373.30000000000000000000   15
373.40000000000000000000   11
373.50000000000000000000   11
373.60000000000000000000   9
373.70000000000000000000   10
373.80000000000000000000   9
373.90000000000000000000   11
374.00000000000000000000   12
374.10000000000000000000   9
374.20000000000000000000   10
374.30000000000000000000   13
374.40000000000000000000   13
374.50000000000000000000   15
374.60000000000000000000   15
374.70000000000000000000   5
374.80000000000000000000   7
374.90000000000000000000   10
375.00000000000000000000   9
375.10000000000000000000   12
375.20000000000000000000   10
375.30000000000000000000   12
375.40000000000000000000   9
375.50000000000000000000   5
375.60000000000000000000   9
375.70000000000000000000   9
375.80000000000000000000   14
375.90000000000000000000   10
376.00000000000000000000   8
376.10000000000000000000   10
376.20000000000000000000   11
376.30000000000000000000   10
376.40000000000000000000   11
376.50000000000000000000   12
376.60000000000000000000   11
376.70000000000000000000   4
376.80000000000000000000   6
376.90000000000000000000   9
377.00000000000000000000   13
377.10000000000000000000   9
377.20000000000000000000   9
377.30000000000000000000   9
377.40000000000000000000   13
377.50000000000000000000   17
377.60000000000000000000   14
377.70000000000000000000   16
377.80000000000000000000   13
377.90000000000000000000   12
378.00000000000000000000   13
378.10000000000000000000   13
378.20000000000000000000   14
378.30000000000000000000   10
378.40000000000000000000   13
378.50000000000000000000   13
378.60000000000000000000   12
378.70000000000000000000   15
378.80000000000000000000   12
378.90000000000000000000   14
379.00000000000000000000   13
379.10000000000000000000   12
379.20000000000000000000   12
379.30000000000000000000   14
379.40000000000000000000   18
379.50000000000000000000   11
379.60000000000000000000   15
379.70000000000000000000   17
379.80000000000000000000   15
379.90000000000000000000   12
380.00000000000000000000   14
380.10000000000000000000   11
380.20000000000000000000   12
380.30000000000000000000   7
380.40000000000000000000   9
380.50000000000000000000   10
380.60000000000000000000   9
380.70000000000000000000   11
380.80000000000000000000   12
380.90000000000000000000   11
381.00000000000000000000   12
381.10000000000000000000   15
381.20000000000000000000   13
381.30000000000000000000   15
381.40000000000000000000   18
381.50000000000000000000   16
381.60000000000000000000   13
381.70000000000000000000   10
381.80000000000000000000   12
381.90000000000000000000   10
382.00000000000000000000   11
382.10000000000000000000   11
382.20000000000000000000   10
382.30000000000000000000   10
382.40000000000000000000   12
382.50000000000000000000   14
382.60000000000000000000   13
382.70000000000000000000   11
382.80000000000000000000   14
382.90000000000000000000   16
383.00000000000000000000   11
383.10000000000000000000   14
383.20000000000000000000   13
383.30000000000000000000   17
383.40000000000000000000   17
383.50000000000000000000   11
383.60000000000000000000   13
383.70000000000000000000   14
383.80000000000000000000   9
383.90000000000000000000   10
384.00000000000000000000   11
384.10000000000000000000   10
384.20000000000000000000   10
384.30000000000000000000   12
384.40000000000000000000   12
384.50000000000000000000   11
384.60000000000000000000   14
384.70000000000000000000   11
384.80000000000000000000   9
384.90000000000000000000   12
385.00000000000000000000   11
385.10000000000000000000   11
385.20000000000000000000   8
385.30000000000000000000   7
385.40000000000000000000   6
385.50000000000000000000   8
385.60000000000000000000   9
385.70000000000000000000   8
385.80000000000000000000   12
385.90000000000000000000   14
386.00000000000000000000   13
386.10000000000000000000   14
386.20000000000000000000   14
386.30000000000000000000   13
386.40000000000000000000   13
386.50000000000000000000   13
386.60000000000000000000   14
386.70000000000000000000   12
386.80000000000000000000   9
386.90000000000000000000   17
387.00000000000000000000   13
387.10000000000000000000   9
387.20000000000000000000   15
387.30000000000000000000   11
387.40000000000000000000   15
387.50000000000000000000   11
387.60000000000000000000   12
387.70000000000000000000   14
387.80000000000000000000   15
387.90000000000000000000   14
388.00000000000000000000   14
388.10000000000000000000   15
388.20000000000000000000   11
388.30000000000000000000   9
388.40000000000000000000   12
388.50000000000000000000   12
388.60000000000000000000   7
388.70000000000000000000   8
388.80000000000000000000   3
388.90000000000000000000   4
389.00000000000000000000   9
389.10000000000000000000   12
389.20000000000000000000   12
389.30000000000000000000   16
389.40000000000000000000   14
389.50000000000000000000   10
389.60000000000000000000   11
389.70000000000000000000   10
389.80000000000000000000   10
389.90000000000000000000   13
390.00000000000000000000   11
390.10000000000000000000   9
390.20000000000000000000   9
390.30000000000000000000   7
390.40000000000000000000   7
390.50000000000000000000   8
390.60000000000000000000   3
390.70000000000000000000   5
390.80000000000000000000   7
390.90000000000000000000   3
391.00000000000000000000   9
391.10000000000000000000   10
391.20000000000000000000   10
391.30000000000000000000   8
391.40000000000000000000   11
391.50000000000000000000   9
391.60000000000000000000   11
391.70000000000000000000   9
391.80000000000000000000   10
391.90000000000000000000   10
392.00000000000000000000   6
392.10000000000000000000   8
392.20000000000000000000   5
392.30000000000000000000   11
392.40000000000000000000   11
392.50000000000000000000   11
392.60000000000000000000   11
392.70000000000000000000   10
392.80000000000000000000   8
392.90000000000000000000   7
393.00000000000000000000   7
393.10000000000000000000   3
393.20000000000000000000   7
393.30000000000000000000   5
393.40000000000000000000   6
393.50000000000000000000   8
393.60000000000000000000   3
393.70000000000000000000   4
393.80000000000000000000   8
393.90000000000000000000   8
394.00000000000000000000   5
394.10000000000000000000   2
394.20000000000000000000   6
394.30000000000000000000   8
394.40000000000000000000   1
394.50000000000000000000   4
394.60000000000000000000   3
394.70000000000000000000   3
394.80000000000000000000   4
394.90000000000000000000   4
395.00000000000000000000   6
395.10000000000000000000   9
395.20000000000000000000   7
395.30000000000000000000   5
395.40000000000000000000   8
395.50000000000000000000   7
395.60000000000000000000   4
395.70000000000000000000   5
395.80000000000000000000   6
395.90000000000000000000   1
396.00000000000000000000   7
396.10000000000000000000   8
396.20000000000000000000   9
396.30000000000000000000   10
396.40000000000000000000   8
396.50000000000000000000   11
396.60000000000000000000   9
396.70000000000000000000   10
396.80000000000000000000   12
396.90000000000000000000   10
397.00000000000000000000   9
397.10000000000000000000   4
397.20000000000000000000   4
397.30000000000000000000   7
397.40000000000000000000   5
397.50000000000000000000   7
397.60000000000000000000   5
397.70000000000000000000   5
397.80000000000000000000   1
397.90000000000000000000   3
398.00000000000000000000   7
398.10000000000000000000   5
398.20000000000000000000   5
398.30000000000000000000   5
398.40000000000000000000   5
398.50000000000000000000   9
398.60000000000000000000   7
398.70000000000000000000   4
398.80000000000000000000   8
398.90000000000000000000   8
399.00000000000000000000   8
399.10000000000000000000   8
399.20000000000000000000   8
399.30000000000000000000   8
399.40000000000000000000   8
399.50000000000000000000   8
399.60000000000000000000   8
399.70000000000000000000   8
