200.00000000000000000000   14
200.10000000000000000000   15
200.20000000000000000000   13
200.30000000000000000000   11
200.40000000000000000000   10
200.50000000000000000000   9
200.60000000000000000000   9
200.70000000000000000000   10
200.80000000000000000000   10
200.90000000000000000000   8
201.00000000000000000000   7
201.10000000000000000000   9
201.20000000000000000000   3
201.30000000000000000000   9
201.40000000000000000000   7
201.50000000000000000000   9
201.60000000000000000000   8
201.70000000000000000000   11
201.80000000000000000000   7
201.90000000000000000000   6
202.00000000000000000000   8
202.10000000000000000000   10
202.20000000000000000000   7
202.30000000000000000000   11
202.40000000000000000000   7
202.50000000000000000000   7
202.60000000000000000000   10
202.70000000000000000000   10
202.80000000000000000000   11
202.90000000000000000000   11
203.00000000000000000000   7
203.10000000000000000000   12
203.20000000000000000000   8
203.30000000000000000000   11
203.40000000000000000000   8
203.50000000000000000000   6
203.60000000000000000000   7
203.70000000000000000000   9
203.80000000000000000000   5
203.90000000000000000000   7
204.00000000000000000000   6
204.10000000000000000000   9
204.20000000000000000000   8
204.30000000000000000000   7
204.40000000000000000000   8
204.50000000000000000000   6
204.60000000000000000000   7
204.70000000000000000000   8
204.80000000000000000000   4
204.90000000000000000000   6
205.00000000000000000000   8
205.10000000000000000000   9
205.20000000000000000000   9
205.30000000000000000000   8
205.40000000000000000000   7
205.50000000000000000000   10
205.60000000000000000000   9
205.70000000000000000000   8
205.80000000000000000000   8
205.90000000000000000000   7
206.00000000000000000000   6
206.10000000000000000000   8
206.20000000000000000000   9
206.30000000000000000000   11
206.40000000000000000000   10
206.50000000000000000000   7
206.60000000000000000000   5
206.70000000000000000000   8
206.80000000000000000000   6
206.90000000000000000000   12
207.00000000000000000000   8
207.10000000000000000000   5
207.20000000000000000000   7
207.30000000000000000000   7
207.40000000000000000000   3
207.50000000000000000000   7
207.60000000000000000000   7
207.70000000000000000000   7
207.80000000000000000000   6
207.90000000000000000000   10
208.00000000000000000000   6
208.10000000000000000000   10
208.20000000000000000000   8
208.30000000000000000000   7
208.40000000000000000000   9
208.50000000000000000000   9
208.60000000000000000000   9
208.70000000000000000000   11
208.80000000000000000000   11
208.90000000000000000000   8
209.00000000000000000000   6
209.10000000000000000000   6
209.20000000000000000000   7
209.30000000000000000000   8
209.40000000000000000000   6
209.50000000000000000000   6
209.60000000000000000000   4
209.70000000000000000000   6
209.80000000000000000000   5
209.90000000000000000000   2
210.00000000000000000000   10
210.10000000000000000000   7
210.20000000000000000000   10
210.30000000000000000000   9
210.40000000000000000000   9
210.50000000000000000000   7
210.60000000000000000000   9
210.70000000000000000000   9
210.80000000000000000000   12
210.90000000000000000000   9
211.00000000000000000000   9
211.10000000000000000000   14
211.20000000000000000000   15
211.30000000000000000000   15
211.40000000000000000000   14
211.50000000000000000000   10
211.60000000000000000000   13
211.70000000000000000000   15
211.80000000000000000000   16
211.90000000000000000000   15
212.00000000000000000000   15
212.10000000000000000000   15
212.20000000000000000000   18
212.30000000000000000000   18
212.40000000000000000000   18
212.50000000000000000000   19
212.60000000000000000000   17
212.70000000000000000000   12
212.80000000000000000000   15
212.90000000000000000000   6
213.00000000000000000000   11
213.10000000000000000000   8
213.20000000000000000000   10
213.30000000000000000000   11
213.40000000000000000000   14
213.50000000000000000000   12
213.60000000000000000000   14
213.70000000000000000000   10
213.80000000000000000000   11
213.90000000000000000000   14
214.00000000000000000000   12
214.10000000000000000000   13
214.20000000000000000000   12
214.30000000000000000000   15
214.40000000000000000000   12
214.50000000000000000000   12
214.60000000000000000000   16
214.70000000000000000000   15
214.80000000000000000000   16
214.90000000000000000000   18
215.00000000000000000000   16
215.10000000000000000000   18
215.20000000000000000000   17
215.30000000000000000000   16
215.40000000000000000000   15
215.50000000000000000000   13
215.60000000000000000000   12
215.70000000000000000000   12
215.80000000000000000000   12
215.90000000000000000000   13
216.00000000000000000000   13
216.10000000000000000000   11
216.20000000000000000000   8
216.30000000000000000000   6
216.40000000000000000000   6
216.50000000000000000000   9
216.60000000000000000000   12
216.70000000000000000000   12
216.80000000000000000000   13
216.90000000000000000000   13
217.00000000000000000000   11
217.10000000000000000000   11
217.20000000000000000000   11
217.30000000000000000000   11
217.40000000000000000000   13
217.50000000000000000000   11
217.60000000000000000000   14
217.70000000000000000000   10
217.80000000000000000000   8
217.90000000000000000000   7
218.00000000000000000000   8
218.10000000000000000000   5
218.20000000000000000000   7
218.30000000000000000000   5
218.40000000000000000000   4
218.50000000000000000000   2
218.60000000000000000000   7
218.70000000000000000000   6
218.80000000000000000000   5
218.90000000000000000000   5
219.00000000000000000000   4
219.10000000000000000000   8
219.20000000000000000000   9
219.30000000000000000000   8
219.40000000000000000000   6
219.50000000000000000000   6
219.60000000000000000000   6
219.70000000000000000000   10
219.80000000000000000000   10
219.90000000000000000000   12
220.00000000000000000000   14
220.10000000000000000000   2
220.20000000000000000000   7
220.30000000000000000000   13
220.40000000000000000000   11
220.50000000000000000000   11
220.60000000000000000000   11
220.70000000000000000000   12
220.80000000000000000000   16
220.90000000000000000000   13
221.00000000000000000000   13
221.10000000000000000000   14
221.20000000000000000000   15
221.30000000000000000000   15
221.40000000000000000000   13
221.50000000000000000000   11
221.60000000000000000000   11
221.70000000000000000000   10
221.80000000000000000000   9
221.90000000000000000000   9
222.00000000000000000000   9
222.10000000000000000000   7
222.20000000000000000000   7
222.30000000000000000000   5
222.40000000000000000000   7
222.50000000000000000000   9
222.60000000000000000000   7
222.70000000000000000000   6
222.80000000000000000000   9
222.90000000000000000000   7
223.00000000000000000000   6
223.10000000000000000000   6
223.20000000000000000000   9
223.30000000000000000000   8
223.40000000000000000000   5
223.50000000000000000000   9
223.60000000000000000000   7
223.70000000000000000000   11
223.80000000000000000000   6
223.90000000000000000000   8
224.00000000000000000000   8
224.10000000000000000000   7
224.20000000000000000000   7
224.30000000000000000000   5
224.40000000000000000000   6
224.50000000000000000000   9
224.60000000000000000000   14
224.70000000000000000000   9
224.80000000000000000000   5
224.90000000000000000000   9
225.00000000000000000000   6
225.10000000000000000000   5
225.20000000000000000000   5
225.30000000000000000000   6
225.40000000000000000000   5
225.50000000000000000000   6
225.60000000000000000000   3
225.70000000000000000000   4
225.80000000000000000000   9
225.90000000000000000000   5
226.00000000000000000000   9
226.10000000000000000000   8
226.20000000000000000000   9
226.30000000000000000000   4
226.40000000000000000000   2
226.50000000000000000000   3
226.60000000000000000000   3
226.70000000000000000000   7
226.80000000000000000000   4
226.90000000000000000000   6
227.00000000000000000000   6
227.10000000000000000000   6
227.20000000000000000000   5
227.30000000000000000000   7
227.40000000000000000000   11
227.50000000000000000000   8
227.60000000000000000000   8
227.70000000000000000000   9
227.80000000000000000000   8
227.90000000000000000000   10
228.00000000000000000000   9
228.10000000000000000000   9
228.20000000000000000000   12
228.30000000000000000000   12
228.40000000000000000000   9
228.50000000000000000000   12
228.60000000000000000000   11
228.70000000000000000000   9
228.80000000000000000000   9
228.90000000000000000000   5
229.00000000000000000000   4
229.10000000000000000000   5
229.20000000000000000000   6
229.30000000000000000000   7
229.40000000000000000000   5
229.50000000000000000000   8
229.60000000000000000000   6
229.70000000000000000000   8
229.80000000000000000000   8
229.90000000000000000000   8
230.00000000000000000000   10
230.10000000000000000000   9
230.20000000000000000000   10
230.30000000000000000000   10
230.40000000000000000000   6
230.50000000000000000000   7
230.60000000000000000000   4
230.70000000000000000000   5
230.80000000000000000000   4
230.90000000000000000000   6
231.00000000000000000000   4
231.10000000000000000000   5
231.20000000000000000000   6
231.30000000000000000000   5
231.40000000000000000000   5
231.50000000000000000000   6
231.60000000000000000000   8
231.70000000000000000000   6
231.80000000000000000000   13
231.90000000000000000000   11
232.00000000000000000000   6
232.10000000000000000000   8
232.20000000000000000000   15
232.30000000000000000000   14
232.40000000000000000000   12
232.50000000000000000000   16
232.60000000000000000000   15
232.70000000000000000000   13
232.80000000000000000000   13
232.90000000000000000000   16
233.00000000000000000000   14
233.10000000000000000000   15
233.20000000000000000000   13
233.30000000000000000000   13
233.40000000000000000000   13
233.50000000000000000000   11
233.60000000000000000000   10
233.70000000000000000000   10
233.80000000000000000000   9
233.90000000000000000000   11
234.00000000000000000000   11
234.10000000000000000000   10
234.20000000000000000000   14
234.30000000000000000000   12
234.40000000000000000000   11
234.50000000000000000000   13
234.60000000000000000000   14
234.70000000000000000000   12
234.80000000000000000000   12
234.90000000000000000000   11
235.00000000000000000000   10
235.10000000000000000000   9
235.20000000000000000000   15
235.30000000000000000000   16
235.40000000000000000000   15
235.50000000000000000000   15
235.60000000000000000000   11
235.70000000000000000000   16
235.80000000000000000000   15
235.90000000000000000000   16
236.00000000000000000000   14
236.10000000000000000000   15
236.20000000000000000000   14
236.30000000000000000000   16
236.40000000000000000000   13
236.50000000000000000000   15
236.60000000000000000000   15
236.70000000000000000000   14
236.80000000000000000000   15
236.90000000000000000000   15
237.00000000000000000000   14
237.10000000000000000000   12
237.20000000000000000000   13
237.30000000000000000000   17
237.40000000000000000000   15
237.50000000000000000000   15
237.60000000000000000000   14
237.70000000000000000000   14
237.80000000000000000000   15
237.90000000000000000000   17
238.00000000000000000000   16
238.10000000000000000000   14
238.20000000000000000000   16
238.30000000000000000000   16
238.40000000000000000000   16
238.50000000000000000000   14
238.60000000000000000000   14
238.70000000000000000000   13
238.80000000000000000000   13
238.90000000000000000000   16
239.00000000000000000000   14
239.10000000000000000000   10
239.20000000000000000000   13
239.30000000000000000000   10
239.40000000000000000000   12
239.50000000000000000000   12
239.60000000000000000000   11
239.70000000000000000000   12
239.80000000000000000000   9
239.90000000000000000000   14
240.00000000000000000000   14
240.10000000000000000000   14
240.20000000000000000000   16
240.30000000000000000000   16
240.40000000000000000000   16
240.50000000000000000000   16
240.60000000000000000000   15
240.70000000000000000000   12
240.80000000000000000000   15
240.90000000000000000000   9
241.00000000000000000000   13
241.10000000000000000000   15
241.20000000000000000000   17
241.30000000000000000000   18
241.40000000000000000000   20
241.50000000000000000000   16
241.60000000000000000000   17
241.70000000000000000000   16
241.80000000000000000000   17
241.90000000000000000000   16
242.00000000000000000000   17
242.10000000000000000000   17
242.20000000000000000000   20
242.30000000000000000000   16
242.40000000000000000000   14
242.50000000000000000000   11
242.60000000000000000000   16
242.70000000000000000000   13
242.80000000000000000000   20
242.90000000000000000000   19
243.00000000000000000000   19
243.10000000000000000000   18
243.20000000000000000000   20
243.30000000000000000000   20
243.40000000000000000000   19
243.50000000000000000000   20
243.60000000000000000000   20
243.70000000000000000000   19
243.80000000000000000000   21
243.90000000000000000000   19
244.00000000000000000000   18
244.10000000000000000000   21
244.20000000000000000000   19
244.30000000000000000000   17
244.40000000000000000000   19
244.50000000000000000000   16
244.60000000000000000000   17
244.70000000000000000000   19
244.80000000000000000000   7
244.90000000000000000000   7
245.00000000000000000000   8
245.10000000000000000000   8
245.20000000000000000000   10
245.30000000000000000000   11
245.40000000000000000000   11
245.50000000000000000000   10
245.60000000000000000000   12
245.70000000000000000000   7
245.80000000000000000000   10
245.90000000000000000000   12
246.00000000000000000000   11
246.10000000000000000000   11
246.20000000000000000000   11
246.30000000000000000000   11
246.40000000000000000000   6
246.50000000000000000000   13
246.60000000000000000000   13
246.70000000000000000000   15
246.80000000000000000000   15
246.90000000000000000000   14
247.00000000000000000000   14
247.10000000000000000000   15
247.20000000000000000000   8
247.30000000000000000000   11
247.40000000000000000000   12
247.50000000000000000000   5
247.60000000000000000000   10
247.70000000000000000000   11
247.80000000000000000000   12
247.90000000000000000000   11
248.00000000000000000000   11
248.10000000000000000000   12
248.20000000000000000000   11
248.30000000000000000000   17
248.40000000000000000000   15
248.50000000000000000000   17
248.60000000000000000000   12
248.70000000000000000000   18
248.80000000000000000000   13
248.90000000000000000000   16
249.00000000000000000000   18
249.10000000000000000000   14
249.20000000000000000000   18
249.30000000000000000000   18
249.40000000000000000000   20
249.50000000000000000000   15
249.60000000000000000000   14
249.70000000000000000000   16
249.80000000000000000000   15
249.90000000000000000000   14
250.00000000000000000000   16
250.10000000000000000000   19
250.20000000000000000000   16
250.30000000000000000000   11
250.40000000000000000000   11
250.50000000000000000000   12
250.60000000000000000000   18
250.70000000000000000000   17
250.80000000000000000000   16
250.90000000000000000000   16
251.00000000000000000000   15
251.10000000000000000000   15
251.20000000000000000000   12
251.30000000000000000000   14
251.40000000000000000000   15
251.50000000000000000000   15
251.60000000000000000000   15
251.70000000000000000000   17
251.80000000000000000000   18
251.90000000000000000000   19
252.00000000000000000000   19
252.10000000000000000000   18
252.20000000000000000000   17
252.30000000000000000000   19
252.40000000000000000000   19
252.50000000000000000000   19
252.60000000000000000000   16
252.70000000000000000000   15
252.80000000000000000000   15
252.90000000000000000000   13
253.00000000000000000000   5
253.10000000000000000000   5
253.20000000000000000000   11
253.30000000000000000000   14
253.40000000000000000000   15
253.50000000000000000000   16
253.60000000000000000000   16
253.70000000000000000000   14
253.80000000000000000000   17
253.90000000000000000000   15
254.00000000000000000000   15
254.10000000000000000000   19
254.20000000000000000000   15
254.30000000000000000000   18
254.40000000000000000000   16
254.50000000000000000000   17
254.60000000000000000000   15
254.70000000000000000000   14
254.80000000000000000000   18
254.90000000000000000000   17
255.00000000000000000000   16
255.10000000000000000000   16
255.20000000000000000000   16
255.30000000000000000000   17
255.40000000000000000000   14
255.50000000000000000000   12
255.60000000000000000000   16
255.70000000000000000000   17
255.80000000000000000000   14
255.90000000000000000000   18
256.00000000000000000000   12
256.10000000000000000000   16
256.20000000000000000000   15
256.30000000000000000000   16
256.40000000000000000000   14
256.50000000000000000000   16
256.60000000000000000000   19
256.70000000000000000000   15
256.80000000000000000000   15
256.90000000000000000000   13
257.00000000000000000000   13
257.10000000000000000000   14
257.20000000000000000000   14
257.30000000000000000000   14
257.40000000000000000000   14
257.50000000000000000000   17
257.60000000000000000000   18
257.70000000000000000000   16
257.80000000000000000000   16
257.90000000000000000000   14
258.00000000000000000000   15
258.10000000000000000000   12
258.20000000000000000000   15
258.30000000000000000000   14
258.40000000000000000000   11
258.50000000000000000000   9
258.60000000000000000000   8
258.70000000000000000000   10
258.80000000000000000000   8
258.90000000000000000000   8
259.00000000000000000000   12
259.10000000000000000000   15
259.20000000000000000000   13
259.30000000000000000000   9
259.40000000000000000000   13
259.50000000000000000000   16
259.60000000000000000000   15
259.70000000000000000000   15
259.80000000000000000000   19
259.90000000000000000000   15
260.00000000000000000000   15
260.10000000000000000000   16
260.20000000000000000000   15
260.30000000000000000000   18
260.40000000000000000000   16
260.50000000000000000000   17
260.60000000000000000000   15
260.70000000000000000000   16
260.80000000000000000000   16
260.90000000000000000000   14
261.00000000000000000000   17
261.10000000000000000000   11
261.20000000000000000000   10
261.30000000000000000000   7
261.40000000000000000000   9
261.50000000000000000000   6
261.60000000000000000000   12
261.70000000000000000000   8
261.80000000000000000000   10
261.90000000000000000000   7
262.00000000000000000000   6
262.10000000000000000000   6
262.20000000000000000000   4
262.30000000000000000000   7
262.40000000000000000000   4
262.50000000000000000000   4
262.60000000000000000000   7
262.70000000000000000000   5
262.80000000000000000000   5
262.90000000000000000000   7
263.00000000000000000000   11
263.10000000000000000000   11
263.20000000000000000000   15
263.30000000000000000000   14
263.40000000000000000000   10
263.50000000000000000000   9
263.60000000000000000000   9
263.70000000000000000000   9
263.80000000000000000000   12
263.90000000000000000000   8
264.00000000000000000000   7
264.10000000000000000000   8
264.20000000000000000000   6
264.30000000000000000000   5
264.40000000000000000000   7
264.50000000000000000000   2
264.60000000000000000000   5
264.70000000000000000000   4
264.80000000000000000000   2
264.90000000000000000000   5
265.00000000000000000000   4
265.10000000000000000000   2
265.20000000000000000000   5
265.30000000000000000000   6
265.40000000000000000000   8
265.50000000000000000000   4
265.60000000000000000000   4
265.70000000000000000000   6
265.80000000000000000000   9
265.90000000000000000000   7
266.00000000000000000000   8
266.10000000000000000000   10
266.20000000000000000000   9
266.30000000000000000000   8
266.40000000000000000000   9
266.50000000000000000000   5
266.60000000000000000000   4
266.70000000000000000000   9
266.80000000000000000000   7
266.90000000000000000000   8
267.00000000000000000000   6
267.10000000000000000000   3
267.20000000000000000000   5
267.30000000000000000000   9
267.40000000000000000000   8
267.50000000000000000000   8
267.60000000000000000000   9
267.70000000000000000000   8
267.80000000000000000000   8
267.90000000000000000000   8
268.00000000000000000000   8
268.10000000000000000000   5
268.20000000000000000000   3
268.30000000000000000000   2
268.40000000000000000000   6
268.50000000000000000000   2
268.60000000000000000000   1
268.70000000000000000000   1
268.80000000000000000000   1
268.90000000000000000000   2
269.00000000000000000000   2
269.10000000000000000000   2
269.20000000000000000000   3
269.30000000000000000000   2
269.40000000000000000000   1
269.50000000000000000000   8
269.60000000000000000000   6
269.70000000000000000000   7
269.80000000000000000000   2
269.90000000000000000000   7
270.00000000000000000000   8
270.10000000000000000000   7
270.20000000000000000000   4
270.30000000000000000000   3
270.40000000000000000000   5
270.50000000000000000000   4
270.60000000000000000000   6
270.70000000000000000000   5
270.80000000000000000000   6
270.90000000000000000000   6
271.00000000000000000000   6
271.10000000000000000000   4
271.20000000000000000000   6
271.30000000000000000000   6
271.40000000000000000000   7
271.50000000000000000000   7
271.60000000000000000000   4
271.70000000000000000000   6
271.80000000000000000000   6
271.90000000000000000000   4
272.00000000000000000000   11
272.10000000000000000000   10
272.20000000000000000000   7
272.30000000000000000000   9
272.40000000000000000000   15
272.50000000000000000000   8
272.60000000000000000000   6
272.70000000000000000000   8
272.80000000000000000000   12
272.90000000000000000000   7
273.00000000000000000000   8
273.10000000000000000000   4
273.20000000000000000000   5
273.30000000000000000000   4
273.40000000000000000000   5
273.50000000000000000000   5
273.60000000000000000000   6
273.70000000000000000000   6
273.80000000000000000000   6
273.90000000000000000000   6
274.00000000000000000000   5
274.10000000000000000000   9
274.20000000000000000000   11
274.30000000000000000000   9
274.40000000000000000000   8
274.50000000000000000000   9
274.60000000000000000000   8
274.70000000000000000000   3
274.80000000000000000000   4
274.90000000000000000000   3
275.00000000000000000000   3
275.10000000000000000000   4
275.20000000000000000000   4
275.30000000000000000000   3
275.40000000000000000000   6
275.50000000000000000000   5
275.60000000000000000000   9
275.70000000000000000000   11
275.80000000000000000000   11
275.90000000000000000000   11
276.00000000000000000000   10
276.10000000000000000000   9
276.20000000000000000000   10
276.30000000000000000000   7
276.40000000000000000000   5
276.50000000000000000000   3
276.60000000000000000000   5
276.70000000000000000000   5
276.80000000000000000000   6
276.90000000000000000000   4
277.00000000000000000000   7
277.10000000000000000000   1
277.20000000000000000000   3
277.30000000000000000000   2
277.40000000000000000000   7
277.50000000000000000000   7
277.60000000000000000000   7
277.70000000000000000000   6
277.80000000000000000000   7
277.90000000000000000000   5
278.00000000000000000000   3
278.10000000000000000000   2
278.20000000000000000000   4
278.30000000000000000000   8
278.40000000000000000000   7
278.50000000000000000000   7
278.60000000000000000000   6
278.70000000000000000000   3
278.80000000000000000000   7
278.90000000000000000000   3
279.00000000000000000000   1
279.10000000000000000000   4
279.20000000000000000000   5
279.30000000000000000000   5
279.40000000000000000000   4
279.50000000000000000000   11
279.60000000000000000000   8
279.70000000000000000000   13
279.80000000000000000000   9
279.90000000000000000000   11
280.00000000000000000000   4
280.10000000000000000000   10
280.20000000000000000000   3
280.30000000000000000000   5
280.40000000000000000000   3
280.50000000000000000000   3
280.60000000000000000000   8
280.70000000000000000000   10
280.80000000000000000000   9
280.90000000000000000000   7
281.00000000000000000000   8
281.10000000000000000000   5
281.20000000000000000000   4
281.30000000000000000000   3
281.40000000000000000000   2
281.50000000000000000000   2
281.60000000000000000000   3
281.70000000000000000000   8
281.80000000000000000000   9
281.90000000000000000000   9
282.00000000000000000000   9
282.10000000000000000000   10
282.20000000000000000000   11
282.30000000000000000000   11
282.40000000000000000000   7
282.50000000000000000000   11
282.60000000000000000000   9
282.70000000000000000000   11
282.80000000000000000000   10
282.90000000000000000000   12
283.00000000000000000000   7
283.10000000000000000000   11
283.20000000000000000000   13
283.30000000000000000000   11
283.40000000000000000000   12
283.50000000000000000000   8
283.60000000000000000000   6
283.70000000000000000000   10
283.80000000000000000000   7
283.90000000000000000000   8
284.00000000000000000000   11
284.10000000000000000000   9
284.20000000000000000000   13
284.30000000000000000000   12
284.40000000000000000000   11
284.50000000000000000000   10
284.60000000000000000000   12
284.70000000000000000000   12
284.80000000000000000000   12
284.90000000000000000000   7
285.00000000000000000000   7
285.10000000000000000000   7
285.20000000000000000000   7
285.30000000000000000000   6
285.40000000000000000000   5
285.50000000000000000000   5
285.60000000000000000000   6
285.70000000000000000000   7
285.80000000000000000000   5
285.90000000000000000000   7
286.00000000000000000000   7
286.10000000000000000000   6
286.20000000000000000000   6
286.30000000000000000000   8
286.40000000000000000000   6
286.50000000000000000000   7
286.60000000000000000000   1
286.70000000000000000000   3
286.80000000000000000000   6
286.90000000000000000000   5
287.00000000000000000000   6
287.10000000000000000000   3
287.20000000000000000000   4
287.30000000000000000000   2
287.40000000000000000000   3
287.50000000000000000000   1
287.60000000000000000000   3
287.70000000000000000000   4
287.80000000000000000000   0
287.90000000000000000000   4
288.00000000000000000000   8
288.10000000000000000000   2
288.20000000000000000000   1
288.30000000000000000000   1
288.40000000000000000000   6
288.50000000000000000000   4
288.60000000000000000000   6
288.70000000000000000000   7
288.80000000000000000000   0
288.90000000000000000000   2
289.00000000000000000000   5
289.10000000000000000000   7
289.20000000000000000000   7
289.30000000000000000000   1
289.40000000000000000000   7
289.50000000000000000000   5
289.60000000000000000000   7
289.70000000000000000000   5
289.80000000000000000000   6
289.90000000000000000000   6
290.00000000000000000000   4
290.10000000000000000000   1
290.20000000000000000000   3
290.30000000000000000000   4
290.40000000000000000000   7
290.50000000000000000000   5
290.60000000000000000000   5
290.70000000000000000000   4
290.80000000000000000000   7
290.90000000000000000000   6
291.00000000000000000000   10
291.10000000000000000000   8
291.20000000000000000000   8
291.30000000000000000000   11
291.40000000000000000000   11
291.50000000000000000000   12
291.60000000000000000000   7
291.70000000000000000000   7
291.80000000000000000000   8
291.90000000000000000000   9
292.00000000000000000000   8
292.10000000000000000000   13
292.20000000000000000000   14
292.30000000000000000000   14
292.40000000000000000000   13
292.50000000000000000000   14
292.60000000000000000000   9
292.70000000000000000000   10
292.80000000000000000000   13
292.90000000000000000000   12
293.00000000000000000000   13
293.10000000000000000000   14
293.20000000000000000000   12
293.30000000000000000000   12
293.40000000000000000000   12
293.50000000000000000000   13
293.60000000000000000000   14
293.70000000000000000000   13
293.80000000000000000000   13
293.90000000000000000000   14
294.00000000000000000000   11
294.10000000000000000000   10
294.20000000000000000000   13
294.30000000000000000000   13
294.40000000000000000000   13
294.50000000000000000000   12
294.60000000000000000000   14
294.70000000000000000000   14
294.80000000000000000000   11
294.90000000000000000000   14
295.00000000000000000000   14
295.10000000000000000000   14
295.20000000000000000000   15
295.30000000000000000000   14
295.40000000000000000000   14
295.50000000000000000000   15
295.60000000000000000000   14
295.70000000000000000000   14
295.80000000000000000000   16
295.90000000000000000000   17
296.00000000000000000000   15
296.10000000000000000000   13
296.20000000000000000000   15
296.30000000000000000000   17
296.40000000000000000000   15
296.50000000000000000000   13
296.60000000000000000000   15
296.70000000000000000000   16
296.80000000000000000000   11
296.90000000000000000000   13
297.00000000000000000000   11
297.10000000000000000000   13
297.20000000000000000000   13
297.30000000000000000000   15
297.40000000000000000000   17
297.50000000000000000000   17
297.60000000000000000000   16
297.70000000000000000000   14
297.80000000000000000000   15
297.90000000000000000000   18
298.00000000000000000000   19
298.10000000000000000000   16
298.20000000000000000000   16
298.30000000000000000000   19
298.40000000000000000000   15
298.50000000000000000000   16
298.60000000000000000000   12
298.70000000000000000000   17
298.80000000000000000000   10
298.90000000000000000000   14
299.00000000000000000000   12
299.10000000000000000000   14
299.20000000000000000000   13
299.30000000000000000000   11
299.40000000000000000000   13
299.50000000000000000000   14
299.60000000000000000000   15
299.70000000000000000000   13
299.80000000000000000000   13
299.90000000000000000000   8
300.00000000000000000000   13
300.10000000000000000000   6
300.20000000000000000000   7
300.30000000000000000000   5
300.40000000000000000000   7
300.50000000000000000000   10
300.60000000000000000000   6
300.70000000000000000000   5
300.80000000000000000000   3
300.90000000000000000000   5
301.00000000000000000000   6
301.10000000000000000000   6
301.20000000000000000000   12
301.30000000000000000000   10
301.40000000000000000000   7
301.50000000000000000000   13
301.60000000000000000000   12
301.70000000000000000000   12
301.80000000000000000000   9
301.90000000000000000000   12
302.00000000000000000000   10
302.10000000000000000000   11
302.20000000000000000000   11
302.30000000000000000000   11
302.40000000000000000000   5
302.50000000000000000000   6
302.60000000000000000000   5
302.70000000000000000000   3
302.80000000000000000000   6
302.90000000000000000000   6
303.00000000000000000000   8
303.10000000000000000000   9
303.20000000000000000000   3
303.30000000000000000000   8
303.40000000000000000000   0
303.50000000000000000000   1
303.60000000000000000000   3
303.70000000000000000000   5
303.80000000000000000000   9
303.90000000000000000000   7
304.00000000000000000000   4
304.10000000000000000000   6
304.20000000000000000000   2
304.30000000000000000000   4
304.40000000000000000000   3
304.50000000000000000000   5
304.60000000000000000000   6
304.70000000000000000000   5
304.80000000000000000000   5
304.90000000000000000000   4
305.00000000000000000000   2
305.10000000000000000000   4
305.20000000000000000000   3
305.30000000000000000000   7
305.40000000000000000000   4
305.50000000000000000000   4
305.60000000000000000000   3
305.70000000000000000000   8
305.80000000000000000000   8
305.90000000000000000000   5
306.00000000000000000000   8
306.10000000000000000000   5
306.20000000000000000000   2
306.30000000000000000000   2
306.40000000000000000000   4
306.50000000000000000000   4
306.60000000000000000000   5
306.70000000000000000000   6
306.80000000000000000000   4
306.90000000000000000000   6
307.00000000000000000000   5
307.10000000000000000000   3
307.20000000000000000000   2
307.30000000000000000000   3
307.40000000000000000000   3
307.50000000000000000000   2
307.60000000000000000000   9
307.70000000000000000000   11
307.80000000000000000000   12
307.90000000000000000000   15
308.00000000000000000000   13
308.10000000000000000000   17
308.20000000000000000000   16
308.30000000000000000000   19
308.40000000000000000000   16
308.50000000000000000000   16
308.60000000000000000000   16
308.70000000000000000000   18
308.80000000000000000000   19
308.90000000000000000000   17
309.00000000000000000000   15
309.10000000000000000000   17
309.20000000000000000000   17
309.30000000000000000000   17
309.40000000000000000000   15
309.50000000000000000000   18
309.60000000000000000000   15
309.70000000000000000000   14
309.80000000000000000000   16
309.90000000000000000000   8
310.00000000000000000000   10
310.10000000000000000000   18
310.20000000000000000000   9
310.30000000000000000000   10
310.40000000000000000000   10
310.50000000000000000000   11
310.60000000000000000000   11
310.70000000000000000000   11
310.80000000000000000000   8
310.90000000000000000000   10
311.00000000000000000000   9
311.10000000000000000000   12
311.20000000000000000000   13
311.30000000000000000000   11
311.40000000000000000000   12
311.50000000000000000000   10
311.60000000000000000000   11
311.70000000000000000000   12
311.80000000000000000000   11
311.90000000000000000000   6
312.00000000000000000000   11
312.10000000000000000000   9
312.20000000000000000000   12
312.30000000000000000000   12
312.40000000000000000000   12
312.50000000000000000000   17
312.60000000000000000000   10
312.70000000000000000000   13
312.80000000000000000000   15
312.90000000000000000000   15
313.00000000000000000000   14
313.10000000000000000000   13
313.20000000000000000000   9
313.30000000000000000000   9
313.40000000000000000000   13
313.50000000000000000000   10
313.60000000000000000000   9
313.70000000000000000000   8
313.80000000000000000000   11
313.90000000000000000000   9
314.00000000000000000000   8
314.10000000000000000000   10
314.20000000000000000000   4
314.30000000000000000000   5
314.40000000000000000000   2
314.50000000000000000000   3
314.60000000000000000000   5
314.70000000000000000000   7
314.80000000000000000000   11
314.90000000000000000000   9
315.00000000000000000000   16
315.10000000000000000000   11
315.20000000000000000000   8
315.30000000000000000000   12
315.40000000000000000000   10
315.50000000000000000000   15
315.60000000000000000000   12
315.70000000000000000000   9
315.80000000000000000000   9
315.90000000000000000000   11
316.00000000000000000000   7
316.10000000000000000000   8
316.20000000000000000000   13
316.30000000000000000000   12
316.40000000000000000000   8
316.50000000000000000000   6
316.60000000000000000000   6
316.70000000000000000000   3
316.80000000000000000000   5
316.90000000000000000000   5
317.00000000000000000000   8
317.10000000000000000000   9
317.20000000000000000000   7
317.30000000000000000000   10
317.40000000000000000000   7
317.50000000000000000000   9
317.60000000000000000000   10
317.70000000000000000000   12
317.80000000000000000000   8
317.90000000000000000000   5
318.00000000000000000000   6
318.10000000000000000000   4
318.20000000000000000000   5
318.30000000000000000000   5
318.40000000000000000000   7
318.50000000000000000000   8
318.60000000000000000000   8
318.70000000000000000000   4
318.80000000000000000000   6
318.90000000000000000000   12
319.00000000000000000000   10
319.10000000000000000000   13
319.20000000000000000000   13
319.30000000000000000000   8
319.40000000000000000000   7
319.50000000000000000000   11
319.60000000000000000000   11
319.70000000000000000000   12
319.80000000000000000000   11
319.90000000000000000000   7
320.00000000000000000000   11
320.10000000000000000000   6
320.20000000000000000000   8
320.30000000000000000000   7
320.40000000000000000000   7
320.50000000000000000000   5
320.60000000000000000000   8
320.70000000000000000000   10
320.80000000000000000000   8
320.90000000000000000000   9
321.00000000000000000000   9
321.10000000000000000000   8
321.20000000000000000000   6
321.30000000000000000000   3
321.40000000000000000000   4
321.50000000000000000000   6
321.60000000000000000000   11
321.70000000000000000000   12
321.80000000000000000000   6
321.90000000000000000000   5
322.00000000000000000000   9
322.10000000000000000000   8
322.20000000000000000000   6
322.30000000000000000000   6
322.40000000000000000000   5
322.50000000000000000000   5
322.60000000000000000000   7
322.70000000000000000000   10
322.80000000000000000000   10
322.90000000000000000000   10
323.00000000000000000000   10
323.10000000000000000000   9
323.20000000000000000000   9
323.30000000000000000000   11
323.40000000000000000000   13
323.50000000000000000000   9
323.60000000000000000000   10
323.70000000000000000000   9
323.80000000000000000000   7
323.90000000000000000000   9
324.00000000000000000000   6
324.10000000000000000000   10
324.20000000000000000000   9
324.30000000000000000000   6
324.40000000000000000000   7
324.50000000000000000000   17
324.60000000000000000000   16
324.70000000000000000000   13
324.80000000000000000000   16
324.90000000000000000000   14
325.00000000000000000000   17
325.10000000000000000000   16
325.20000000000000000000   11
325.30000000000000000000   12
325.40000000000000000000   12
325.50000000000000000000   15
325.60000000000000000000   14
325.70000000000000000000   15
325.80000000000000000000   12
325.90000000000000000000   8
326.00000000000000000000   12
326.10000000000000000000   11
326.20000000000000000000   16
326.30000000000000000000   16
326.40000000000000000000   11
326.50000000000000000000   14
326.60000000000000000000   13
326.70000000000000000000   14
326.80000000000000000000   13
326.90000000000000000000   16
327.00000000000000000000   14
327.10000000000000000000   12
327.20000000000000000000   11
327.30000000000000000000   12
327.40000000000000000000   12
327.50000000000000000000   8
327.60000000000000000000   13
327.70000000000000000000   12
327.80000000000000000000   14
327.90000000000000000000   13
328.00000000000000000000   11
328.10000000000000000000   8
328.20000000000000000000   10
328.30000000000000000000   10
328.40000000000000000000   5
328.50000000000000000000   7
328.60000000000000000000   8
328.70000000000000000000   6
328.80000000000000000000   10
328.90000000000000000000   9
329.00000000000000000000   8
329.10000000000000000000   6
329.20000000000000000000   4
329.30000000000000000000   8
329.40000000000000000000   6
329.50000000000000000000   5
329.60000000000000000000   6
329.70000000000000000000   5
329.80000000000000000000   4
329.90000000000000000000   7
330.00000000000000000000   7
330.10000000000000000000   6
330.20000000000000000000   7
330.30000000000000000000   7
330.40000000000000000000   7
330.50000000000000000000   6
330.60000000000000000000   8
330.70000000000000000000   6
330.80000000000000000000   6
330.90000000000000000000   7
331.00000000000000000000   9
331.10000000000000000000   7
331.20000000000000000000   9
331.30000000000000000000   8
331.40000000000000000000   10
331.50000000000000000000   10
331.60000000000000000000   10
331.70000000000000000000   11
331.80000000000000000000   8
331.90000000000000000000   11
332.00000000000000000000   8
332.10000000000000000000   8
332.20000000000000000000   10
332.30000000000000000000   8
332.40000000000000000000   8
332.50000000000000000000   10
332.60000000000000000000   8
332.70000000000000000000   8
332.80000000000000000000   7
332.90000000000000000000   10
333.00000000000000000000   7
333.10000000000000000000   7
333.20000000000000000000   8
333.30000000000000000000   7
333.40000000000000000000   8
333.50000000000000000000   6
333.60000000000000000000   7
333.70000000000000000000   6
333.80000000000000000000   9
333.90000000000000000000   8
334.00000000000000000000   10
334.10000000000000000000   8
334.20000000000000000000   7
334.30000000000000000000   7
334.40000000000000000000   7
334.50000000000000000000   9
334.60000000000000000000   10
334.70000000000000000000   8
334.80000000000000000000   11
334.90000000000000000000   12
335.00000000000000000000   9
335.10000000000000000000   9
335.20000000000000000000   6
335.30000000000000000000   10
335.40000000000000000000   8
335.50000000000000000000   10
335.60000000000000000000   11
335.70000000000000000000   12
335.80000000000000000000   11
335.90000000000000000000   5
336.00000000000000000000   7
336.10000000000000000000   8
336.20000000000000000000   6
336.30000000000000000000   12
336.40000000000000000000   10
336.50000000000000000000   7
336.60000000000000000000   6
336.70000000000000000000   8
336.80000000000000000000   7
336.90000000000000000000   7
337.00000000000000000000   12
337.10000000000000000000   6
337.20000000000000000000   13
337.30000000000000000000   10
337.40000000000000000000   8
337.50000000000000000000   8
337.60000000000000000000   14
337.70000000000000000000   7
337.80000000000000000000   10
337.90000000000000000000   8
338.00000000000000000000   4
338.10000000000000000000   7
338.20000000000000000000   6
338.30000000000000000000   3
338.40000000000000000000   5
338.50000000000000000000   7
338.60000000000000000000   4
338.70000000000000000000   2
338.80000000000000000000   3
338.90000000000000000000   5
339.00000000000000000000   4
339.10000000000000000000   5
339.20000000000000000000   8
339.30000000000000000000   8
339.40000000000000000000   2
339.50000000000000000000   8
339.60000000000000000000   6
339.70000000000000000000   6
339.80000000000000000000   5
339.90000000000000000000   9
340.00000000000000000000   8
340.10000000000000000000   6
340.20000000000000000000   8
340.30000000000000000000   9
340.40000000000000000000   8
340.50000000000000000000   10
340.60000000000000000000   9
340.70000000000000000000   10
340.80000000000000000000   10
340.90000000000000000000   11
341.00000000000000000000   12
341.10000000000000000000   10
341.20000000000000000000   10
341.30000000000000000000   9
341.40000000000000000000   7
341.50000000000000000000   13
341.60000000000000000000   11
341.70000000000000000000   10
341.80000000000000000000   13
341.90000000000000000000   13
342.00000000000000000000   14
342.10000000000000000000   11
342.20000000000000000000   9
342.30000000000000000000   11
342.40000000000000000000   11
342.50000000000000000000   11
342.60000000000000000000   10
342.70000000000000000000   10
342.80000000000000000000   10
342.90000000000000000000   11
343.00000000000000000000   11
343.10000000000000000000   10
343.20000000000000000000   10
343.30000000000000000000   11
343.40000000000000000000   10
343.50000000000000000000   13
343.60000000000000000000   12
343.70000000000000000000   10
343.80000000000000000000   11
343.90000000000000000000   11
344.00000000000000000000   13
344.10000000000000000000   6
344.20000000000000000000   11
344.30000000000000000000   11
344.40000000000000000000   11
344.50000000000000000000   13
344.60000000000000000000   5
344.70000000000000000000   8
344.80000000000000000000   8
344.90000000000000000000   15
345.00000000000000000000   13
345.10000000000000000000   13
345.20000000000000000000   15
345.30000000000000000000   11
345.40000000000000000000   15
345.50000000000000000000   12
345.60000000000000000000   13
345.70000000000000000000   15
345.80000000000000000000   14
345.90000000000000000000   14
346.00000000000000000000   13
346.10000000000000000000   10
346.20000000000000000000   9
346.30000000000000000000   9
346.40000000000000000000   9
346.50000000000000000000   9
346.60000000000000000000   10
346.70000000000000000000   10
346.80000000000000000000   11
346.90000000000000000000   9
347.00000000000000000000   10
347.10000000000000000000   10
347.20000000000000000000   11
347.30000000000000000000   9
347.40000000000000000000   8
347.50000000000000000000   11
347.60000000000000000000   8
347.70000000000000000000   10
347.80000000000000000000   9
347.90000000000000000000   8
348.00000000000000000000   10
348.10000000000000000000   13
348.20000000000000000000   15
348.30000000000000000000   8
348.40000000000000000000   7
348.50000000000000000000   8
348.60000000000000000000   10
348.70000000000000000000   13
348.80000000000000000000   14
348.90000000000000000000   9
349.00000000000000000000   10
349.10000000000000000000   8
349.20000000000000000000   10
349.30000000000000000000   7
349.40000000000000000000   11
349.50000000000000000000   15
349.60000000000000000000   15
349.70000000000000000000   8
349.80000000000000000000   9
349.90000000000000000000   7
350.00000000000000000000   9
350.10000000000000000000   13
350.20000000000000000000   12
350.30000000000000000000   13
350.40000000000000000000   11
350.50000000000000000000   15
350.60000000000000000000   14
350.70000000000000000000   14
350.80000000000000000000   15
350.90000000000000000000   12
351.00000000000000000000   13
351.10000000000000000000   14
351.20000000000000000000   14
351.30000000000000000000   11
351.40000000000000000000   14
351.50000000000000000000   12
351.60000000000000000000   8
351.70000000000000000000   7
351.80000000000000000000   14
351.90000000000000000000   12
352.00000000000000000000   9
352.10000000000000000000   11
352.20000000000000000000   10
352.30000000000000000000   11
352.40000000000000000000   9
352.50000000000000000000   8
352.60000000000000000000   7
352.70000000000000000000   7
352.80000000000000000000   7
352.90000000000000000000   8
353.00000000000000000000   12
353.10000000000000000000   15
353.20000000000000000000   14
353.30000000000000000000   13
353.40000000000000000000   14
353.50000000000000000000   13
353.60000000000000000000   14
353.70000000000000000000   14
353.80000000000000000000   13
353.90000000000000000000   14
354.00000000000000000000   13
354.10000000000000000000   11
354.20000000000000000000   12
354.30000000000000000000   14
354.40000000000000000000   15
354.50000000000000000000   13
354.60000000000000000000   14
354.70000000000000000000   13
354.80000000000000000000   14
354.90000000000000000000   16
355.00000000000000000000   11
355.10000000000000000000   12
355.20000000000000000000   13
355.30000000000000000000   12
355.40000000000000000000   18
355.50000000000000000000   14
355.60000000000000000000   14
355.70000000000000000000   16
355.80000000000000000000   15
355.90000000000000000000   11
356.00000000000000000000   14
356.10000000000000000000   13
356.20000000000000000000   11
356.30000000000000000000   14
356.40000000000000000000   12
356.50000000000000000000   11
356.60000000000000000000   16
356.70000000000000000000   12
356.80000000000000000000   11
356.90000000000000000000   13
357.00000000000000000000   14
357.10000000000000000000   15
357.20000000000000000000   14
357.30000000000000000000   17
357.40000000000000000000   13
357.50000000000000000000   14
357.60000000000000000000   14
357.70000000000000000000   15
357.80000000000000000000   15
357.90000000000000000000   13
358.00000000000000000000   14
358.10000000000000000000   15
358.20000000000000000000   16
358.30000000000000000000   9
358.40000000000000000000   12
358.50000000000000000000   8
358.60000000000000000000   12
358.70000000000000000000   12
358.80000000000000000000   10
358.90000000000000000000   11
359.00000000000000000000   10
359.10000000000000000000   7
359.20000000000000000000   11
359.30000000000000000000   9
359.40000000000000000000   11
359.50000000000000000000   6
359.60000000000000000000   7
359.70000000000000000000   6
359.80000000000000000000   6
359.90000000000000000000   7
360.00000000000000000000   5
360.10000000000000000000   11
360.20000000000000000000   9
360.30000000000000000000   8
360.40000000000000000000   9
360.50000000000000000000   11
360.60000000000000000000   8
360.70000000000000000000   5
360.80000000000000000000   6
360.90000000000000000000   5
361.00000000000000000000   9
361.10000000000000000000   5
361.20000000000000000000   5
361.30000000000000000000   6
361.40000000000000000000   5
361.50000000000000000000   9
361.60000000000000000000   8
361.70000000000000000000   9
361.80000000000000000000   8
361.90000000000000000000   9
362.00000000000000000000   6
362.10000000000000000000   8
362.20000000000000000000   9
362.30000000000000000000   11
362.40000000000000000000   5
362.50000000000000000000   3
362.60000000000000000000   7
362.70000000000000000000   8
362.80000000000000000000   7
362.90000000000000000000   10
363.00000000000000000000   4
363.10000000000000000000   9
363.20000000000000000000   8
363.30000000000000000000   10
363.40000000000000000000   8
363.50000000000000000000   8
363.60000000000000000000   7
363.70000000000000000000   6
363.80000000000000000000   10
363.90000000000000000000   9
364.00000000000000000000   7
364.10000000000000000000   6
364.20000000000000000000   7
364.30000000000000000000   13
364.40000000000000000000   11
364.50000000000000000000   13
364.60000000000000000000   13
364.70000000000000000000   13
364.80000000000000000000   13
364.90000000000000000000   11
365.00000000000000000000   13
365.10000000000000000000   9
365.20000000000000000000   12
365.30000000000000000000   12
365.40000000000000000000   10
365.50000000000000000000   10
365.60000000000000000000   13
365.70000000000000000000   15
365.80000000000000000000   14
365.90000000000000000000   14
366.00000000000000000000   13
366.10000000000000000000   14
366.20000000000000000000   14
366.30000000000000000000   13
366.40000000000000000000   6
366.50000000000000000000   13
366.60000000000000000000   10
366.70000000000000000000   11
366.80000000000000000000   11
366.90000000000000000000   7
367.00000000000000000000   8
367.10000000000000000000   12
367.20000000000000000000   9
367.30000000000000000000   9
367.40000000000000000000   7
367.50000000000000000000   7
367.60000000000000000000   7
367.70000000000000000000   7
367.80000000000000000000   6
367.90000000000000000000   9
368.00000000000000000000   8
368.10000000000000000000   9
368.20000000000000000000   11
368.30000000000000000000   18
368.40000000000000000000   9
368.50000000000000000000   9
368.60000000000000000000   7
368.70000000000000000000   8
368.80000000000000000000   9
368.90000000000000000000   9
369.00000000000000000000   9
369.10000000000000000000   9
369.20000000000000000000   7
369.30000000000000000000   7
369.40000000000000000000   9
369.50000000000000000000   9
369.60000000000000000000   10
369.70000000000000000000   9
369.80000000000000000000   6
369.90000000000000000000   7
370.00000000000000000000   7
370.10000000000000000000   10
370.20000000000000000000   4
370.30000000000000000000   5
370.40000000000000000000   6
370.50000000000000000000   6
370.60000000000000000000   7
370.70000000000000000000   6
370.80000000000000000000   10
370.90000000000000000000   8
371.00000000000000000000   7
371.10000000000000000000   7
371.20000000000000000000   7
371.30000000000000000000   2
371.40000000000000000000   6
371.50000000000000000000   5
371.60000000000000000000   10
371.70000000000000000000   10
371.80000000000000000000   9
371.90000000000000000000   7
372.00000000000000000000   10
372.10000000000000000000   8
372.20000000000000000000   6
372.30000000000000000000   8
372.40000000000000000000   7
372.50000000000000000000   9
372.60000000000000000000   8
372.70000000000000000000   8
372.80000000000000000000   7
372.90000000000000000000   2
373.00000000000000000000   1
373.10000000000000000000   1
373.20000000000000000000   2
373.30000000000000000000   2
373.40000000000000000000   2
373.50000000000000000000   4
373.60000000000000000000   5
373.70000000000000000000   6
373.80000000000000000000   8
373.90000000000000000000   7
374.00000000000000000000   8
374.10000000000000000000   5
374.20000000000000000000   8
374.30000000000000000000   7
374.40000000000000000000   6
374.50000000000000000000   8
374.60000000000000000000   10
374.70000000000000000000   10
374.80000000000000000000   10
374.90000000000000000000   10
375.00000000000000000000   9
375.10000000000000000000   4
375.20000000000000000000   2
375.30000000000000000000   0
375.40000000000000000000   2
375.50000000000000000000   5
375.60000000000000000000   8
375.70000000000000000000   12
375.80000000000000000000   9
375.90000000000000000000   5
376.00000000000000000000   4
376.10000000000000000000   1
376.20000000000000000000   3
376.30000000000000000000   1
376.40000000000000000000   6
376.50000000000000000000   5
376.60000000000000000000   5
376.70000000000000000000   6
376.80000000000000000000   5
376.90000000000000000000   6
377.00000000000000000000   7
377.10000000000000000000   5
377.20000000000000000000   7
377.30000000000000000000   9
377.40000000000000000000   7
377.50000000000000000000   7
377.60000000000000000000   4
377.70000000000000000000   8
377.80000000000000000000   6
377.90000000000000000000   5
378.00000000000000000000   7
378.10000000000000000000   8
378.20000000000000000000   9
378.30000000000000000000   8
378.40000000000000000000   7
378.50000000000000000000   9
378.60000000000000000000   11
378.70000000000000000000   7
378.80000000000000000000   4
378.90000000000000000000   4
379.00000000000000000000   6
379.10000000000000000000   4
379.20000000000000000000   4
379.30000000000000000000   4
379.40000000000000000000   5
379.50000000000000000000   0
379.60000000000000000000   0
379.70000000000000000000   5
379.80000000000000000000   3
379.90000000000000000000   4
380.00000000000000000000   1
380.10000000000000000000   4
380.20000000000000000000   3
380.30000000000000000000   5
380.40000000000000000000   4
380.50000000000000000000   7
380.60000000000000000000   5
380.70000000000000000000   7
380.80000000000000000000   9
380.90000000000000000000   6
381.00000000000000000000   4
381.10000000000000000000   3
381.20000000000000000000   4
381.30000000000000000000   2
381.40000000000000000000   4
381.50000000000000000000   4
381.60000000000000000000   2
381.70000000000000000000   2
381.80000000000000000000   2
381.90000000000000000000   2
382.00000000000000000000   6
382.10000000000000000000   6
382.20000000000000000000   7
382.30000000000000000000   7
382.40000000000000000000   7
382.50000000000000000000   9
382.60000000000000000000   10
382.70000000000000000000   11
382.80000000000000000000   7
382.90000000000000000000   11
383.00000000000000000000   11
383.10000000000000000000   7
383.20000000000000000000   15
383.30000000000000000000   12
383.40000000000000000000   12
383.50000000000000000000   11
383.60000000000000000000   12
383.70000000000000000000   12
383.80000000000000000000   11
383.90000000000000000000   12
384.00000000000000000000   13
384.10000000000000000000   14
384.20000000000000000000   13
384.30000000000000000000   12
384.40000000000000000000   10
384.50000000000000000000   11
384.60000000000000000000   13
384.70000000000000000000   13
384.80000000000000000000   13
384.90000000000000000000   12
385.00000000000000000000   13
385.10000000000000000000   11
385.20000000000000000000   10
385.30000000000000000000   9
385.40000000000000000000   10
385.50000000000000000000   9
385.60000000000000000000   12
385.70000000000000000000   12
385.80000000000000000000   14
385.90000000000000000000   11
386.00000000000000000000   11
386.10000000000000000000   12
386.20000000000000000000   13
386.30000000000000000000   11
386.40000000000000000000   11
386.50000000000000000000   6
386.60000000000000000000   6
386.70000000000000000000   11
386.80000000000000000000   12
386.90000000000000000000   14
387.00000000000000000000   14
387.10000000000000000000   11
387.20000000000000000000   11
387.30000000000000000000   16
387.40000000000000000000   4
387.50000000000000000000   8
387.60000000000000000000   11
387.70000000000000000000   4
387.80000000000000000000   6
387.90000000000000000000   7
388.00000000000000000000   8
388.10000000000000000000   13
388.20000000000000000000   14
388.30000000000000000000   8
388.40000000000000000000   6
388.50000000000000000000   6
388.60000000000000000000   5
388.70000000000000000000   5
388.80000000000000000000   5
388.90000000000000000000   3
389.00000000000000000000   5
389.10000000000000000000   2
389.20000000000000000000   5
389.30000000000000000000   6
389.40000000000000000000   6
389.50000000000000000000   7
389.60000000000000000000   7
389.70000000000000000000   7
389.80000000000000000000   6
389.90000000000000000000   4
390.00000000000000000000   10
390.10000000000000000000   8
390.20000000000000000000   8
390.30000000000000000000   8
390.40000000000000000000   10
390.50000000000000000000   10
390.60000000000000000000   9
390.70000000000000000000   11
390.80000000000000000000   11
390.90000000000000000000   8
391.00000000000000000000   9
391.10000000000000000000   9
391.20000000000000000000   10
391.30000000000000000000   7
391.40000000000000000000   9
391.50000000000000000000   10
391.60000000000000000000   6
391.70000000000000000000   6
391.80000000000000000000   7
391.90000000000000000000   10
392.00000000000000000000   4
392.10000000000000000000   6
392.20000000000000000000   6
392.30000000000000000000   8
392.40000000000000000000   12
392.50000000000000000000   12
392.60000000000000000000   10
392.70000000000000000000   10
392.80000000000000000000   9
392.90000000000000000000   9
393.00000000000000000000   8
393.10000000000000000000   5
393.20000000000000000000   6
393.30000000000000000000   4
393.40000000000000000000   2
393.50000000000000000000   6
393.60000000000000000000   4
393.70000000000000000000   8
393.80000000000000000000   8
393.90000000000000000000   4
394.00000000000000000000   11
394.10000000000000000000   11
394.20000000000000000000   8
394.30000000000000000000   9
394.40000000000000000000   9
394.50000000000000000000   12
394.60000000000000000000   12
394.70000000000000000000   7
394.80000000000000000000   7
394.90000000000000000000   7
395.00000000000000000000   6
395.10000000000000000000   5
395.20000000000000000000   4
395.30000000000000000000   7
395.40000000000000000000   4
395.50000000000000000000   4
395.60000000000000000000   7
395.70000000000000000000   3
395.80000000000000000000   3
395.90000000000000000000   7
396.00000000000000000000   2
396.10000000000000000000   2
396.20000000000000000000   4
396.30000000000000000000   6
396.40000000000000000000   8
396.50000000000000000000   3
396.60000000000000000000   6
396.70000000000000000000   3
396.80000000000000000000   0
396.90000000000000000000   4
397.00000000000000000000   9
397.10000000000000000000   4
397.20000000000000000000   4
397.30000000000000000000   7
397.40000000000000000000   8
397.50000000000000000000   2
397.60000000000000000000   2
397.70000000000000000000   1
397.80000000000000000000   2
397.90000000000000000000   3
398.00000000000000000000   1
398.10000000000000000000   3
398.20000000000000000000   2
398.30000000000000000000   1
398.40000000000000000000   1
398.50000000000000000000   2
398.60000000000000000000   4
398.70000000000000000000   7
398.80000000000000000000   4
398.90000000000000000000   4
399.00000000000000000000   4
399.10000000000000000000   4
399.20000000000000000000   4
399.30000000000000000000   4
399.40000000000000000000   4
399.50000000000000000000   4
399.60000000000000000000   4
399.70000000000000000000   4
