200.00000000000000000000   14
200.10000000000000000000   14
200.20000000000000000000   11
200.30000000000000000000   15
200.40000000000000000000   14
200.50000000000000000000   17
200.60000000000000000000   17
200.70000000000000000000   15
200.80000000000000000000   14
200.90000000000000000000   13
201.00000000000000000000   13
201.10000000000000000000   7
201.20000000000000000000   12
201.30000000000000000000   14
201.40000000000000000000   12
201.50000000000000000000   17
201.60000000000000000000   16
201.70000000000000000000   10
201.80000000000000000000   12
201.90000000000000000000   12
202.00000000000000000000   13
202.10000000000000000000   10
202.20000000000000000000   13
202.30000000000000000000   13
202.40000000000000000000   10
202.50000000000000000000   14
202.60000000000000000000   13
202.70000000000000000000   8
202.80000000000000000000   8
202.90000000000000000000   9
203.00000000000000000000   10
203.10000000000000000000   8
203.20000000000000000000   8
203.30000000000000000000   8
203.40000000000000000000   10
203.50000000000000000000   11
203.60000000000000000000   10
203.70000000000000000000   11
203.80000000000000000000   14
203.90000000000000000000   12
204.00000000000000000000   7
204.10000000000000000000   10
204.20000000000000000000   9
204.30000000000000000000   15
204.40000000000000000000   10
204.50000000000000000000   9
204.60000000000000000000   11
204.70000000000000000000   11
204.80000000000000000000   10
204.90000000000000000000   15
205.00000000000000000000   12
205.10000000000000000000   15
205.20000000000000000000   12
205.30000000000000000000   12
205.40000000000000000000   10
205.50000000000000000000   8
205.60000000000000000000   12
205.70000000000000000000   7
205.80000000000000000000   8
205.90000000000000000000   8
206.00000000000000000000   13
206.10000000000000000000   14
206.20000000000000000000   15
206.30000000000000000000   13
206.40000000000000000000   14
206.50000000000000000000   15
206.60000000000000000000   14
206.70000000000000000000   15
206.80000000000000000000   14
206.90000000000000000000   17
207.00000000000000000000   16
207.10000000000000000000   16
207.20000000000000000000   16
207.30000000000000000000   14
207.40000000000000000000   17
207.50000000000000000000   14
207.60000000000000000000   18
207.70000000000000000000   11
207.80000000000000000000   13
207.90000000000000000000   14
208.00000000000000000000   16
208.10000000000000000000   11
208.20000000000000000000   9
208.30000000000000000000   10
208.40000000000000000000   10
208.50000000000000000000   14
208.60000000000000000000   10
208.70000000000000000000   15
208.80000000000000000000   9
208.90000000000000000000   11
209.00000000000000000000   13
209.10000000000000000000   13
209.20000000000000000000   12
209.30000000000000000000   13
209.40000000000000000000   12
209.50000000000000000000   13
209.60000000000000000000   15
209.70000000000000000000   9
209.80000000000000000000   10
209.90000000000000000000   13
210.00000000000000000000   9
210.10000000000000000000   14
210.20000000000000000000   10
210.30000000000000000000   17
210.40000000000000000000   14
210.50000000000000000000   10
210.60000000000000000000   12
210.70000000000000000000   14
210.80000000000000000000   13
210.90000000000000000000   12
211.00000000000000000000   12
211.10000000000000000000   13
211.20000000000000000000   8
211.30000000000000000000   8
211.40000000000000000000   9
211.50000000000000000000   9
211.60000000000000000000   9
211.70000000000000000000   12
211.80000000000000000000   12
211.90000000000000000000   12
212.00000000000000000000   15
212.10000000000000000000   13
212.20000000000000000000   14
212.30000000000000000000   12
212.40000000000000000000   13
212.50000000000000000000   14
212.60000000000000000000   12
212.70000000000000000000   15
212.80000000000000000000   15
212.90000000000000000000   16
213.00000000000000000000   14
213.10000000000000000000   9
213.20000000000000000000   9
213.30000000000000000000   12
213.40000000000000000000   15
213.50000000000000000000   16
213.60000000000000000000   16
213.70000000000000000000   16
213.80000000000000000000   16
213.90000000000000000000   16
214.00000000000000000000   17
214.10000000000000000000   14
214.20000000000000000000   19
214.30000000000000000000   9
214.40000000000000000000   11
214.50000000000000000000   9
214.60000000000000000000   11
214.70000000000000000000   12
214.80000000000000000000   8
214.90000000000000000000   6
215.00000000000000000000   10
215.10000000000000000000   8
215.20000000000000000000   9
215.30000000000000000000   10
215.40000000000000000000   9
215.50000000000000000000   10
215.60000000000000000000   10
215.70000000000000000000   9
215.80000000000000000000   11
215.90000000000000000000   9
216.00000000000000000000   9
216.10000000000000000000   9
216.20000000000000000000   11
216.30000000000000000000   10
216.40000000000000000000   7
216.50000000000000000000   9
216.60000000000000000000   8
216.70000000000000000000   11
216.80000000000000000000   6
216.90000000000000000000   7
217.00000000000000000000   9
217.10000000000000000000   9
217.20000000000000000000   5
217.30000000000000000000   7
217.40000000000000000000   10
217.50000000000000000000   11
217.60000000000000000000   9
217.70000000000000000000   11
217.80000000000000000000   8
217.90000000000000000000   7
218.00000000000000000000   10
218.10000000000000000000   10
218.20000000000000000000   10
218.30000000000000000000   12
218.40000000000000000000   10
218.50000000000000000000   8
218.60000000000000000000   8
218.70000000000000000000   3
218.80000000000000000000   6
218.90000000000000000000   7
219.00000000000000000000   5
219.10000000000000000000   10
219.20000000000000000000   11
219.30000000000000000000   8
219.40000000000000000000   8
219.50000000000000000000   8
219.60000000000000000000   12
219.70000000000000000000   12
219.80000000000000000000   11
219.90000000000000000000   7
220.00000000000000000000   8
220.10000000000000000000   10
220.20000000000000000000   7
220.30000000000000000000   9
220.40000000000000000000   11
220.50000000000000000000   10
220.60000000000000000000   9
220.70000000000000000000   9
220.80000000000000000000   10
220.90000000000000000000   8
221.00000000000000000000   6
221.10000000000000000000   6
221.20000000000000000000   7
221.30000000000000000000   5
221.40000000000000000000   8
221.50000000000000000000   8
221.60000000000000000000   8
221.70000000000000000000   6
221.80000000000000000000   5
221.90000000000000000000   9
222.00000000000000000000   9
222.10000000000000000000   7
222.20000000000000000000   8
222.30000000000000000000   7
222.40000000000000000000   7
222.50000000000000000000   9
222.60000000000000000000   7
222.70000000000000000000   5
222.80000000000000000000   7
222.90000000000000000000   9
223.00000000000000000000   7
223.10000000000000000000   9
223.20000000000000000000   9
223.30000000000000000000   8
223.40000000000000000000   11
223.50000000000000000000   7
223.60000000000000000000   10
223.70000000000000000000   8
223.80000000000000000000   12
223.90000000000000000000   9
224.00000000000000000000   7
224.10000000000000000000   9
224.20000000000000000000   9
224.30000000000000000000   6
224.40000000000000000000   8
224.50000000000000000000   9
224.60000000000000000000   9
224.70000000000000000000   8
224.80000000000000000000   10
224.90000000000000000000   11
225.00000000000000000000   9
225.10000000000000000000   5
225.20000000000000000000   10
225.30000000000000000000   6
225.40000000000000000000   5
225.50000000000000000000   6
225.60000000000000000000   5
225.70000000000000000000   6
225.80000000000000000000   7
225.90000000000000000000   9
226.00000000000000000000   13
226.10000000000000000000   10
226.20000000000000000000   10
226.30000000000000000000   10
226.40000000000000000000   13
226.50000000000000000000   13
226.60000000000000000000   15
226.70000000000000000000   8
226.80000000000000000000   10
226.90000000000000000000   8
227.00000000000000000000   9
227.10000000000000000000   7
227.20000000000000000000   12
227.30000000000000000000   9
227.40000000000000000000   10
227.50000000000000000000   11
227.60000000000000000000   8
227.70000000000000000000   7
227.80000000000000000000   7
227.90000000000000000000   7
228.00000000000000000000   11
228.10000000000000000000   11
228.20000000000000000000   10
228.30000000000000000000   9
228.40000000000000000000   13
228.50000000000000000000   11
228.60000000000000000000   15
228.70000000000000000000   13
228.80000000000000000000   10
228.90000000000000000000   10
229.00000000000000000000   11
229.10000000000000000000   13
229.20000000000000000000   13
229.30000000000000000000   12
229.40000000000000000000   9
229.50000000000000000000   10
229.60000000000000000000   11
229.70000000000000000000   12
229.80000000000000000000   12
229.90000000000000000000   13
230.00000000000000000000   13
230.10000000000000000000   10
230.20000000000000000000   10
230.30000000000000000000   13
230.40000000000000000000   14
230.50000000000000000000   7
230.60000000000000000000   11
230.70000000000000000000   11
230.80000000000000000000   10
230.90000000000000000000   12
231.00000000000000000000   9
231.10000000000000000000   10
231.20000000000000000000   13
231.30000000000000000000   11
231.40000000000000000000   12
231.50000000000000000000   12
231.60000000000000000000   9
231.70000000000000000000   8
231.80000000000000000000   6
231.90000000000000000000   11
232.00000000000000000000   9
232.10000000000000000000   8
232.20000000000000000000   9
232.30000000000000000000   8
232.40000000000000000000   10
232.50000000000000000000   7
232.60000000000000000000   8
232.70000000000000000000   7
232.80000000000000000000   8
232.90000000000000000000   9
233.00000000000000000000   7
233.10000000000000000000   7
233.20000000000000000000   8
233.30000000000000000000   8
233.40000000000000000000   8
233.50000000000000000000   10
233.60000000000000000000   7
233.70000000000000000000   6
233.80000000000000000000   9
233.90000000000000000000   5
234.00000000000000000000   8
234.10000000000000000000   7
234.20000000000000000000   4
234.30000000000000000000   8
234.40000000000000000000   8
234.50000000000000000000   6
234.60000000000000000000   10
234.70000000000000000000   8
234.80000000000000000000   6
234.90000000000000000000   6
235.00000000000000000000   5
235.10000000000000000000   8
235.20000000000000000000   8
235.30000000000000000000   9
235.40000000000000000000   8
235.50000000000000000000   12
235.60000000000000000000   6
235.70000000000000000000   7
235.80000000000000000000   7
235.90000000000000000000   4
236.00000000000000000000   11
236.10000000000000000000   7
236.20000000000000000000   6
236.30000000000000000000   9
236.40000000000000000000   9
236.50000000000000000000   9
236.60000000000000000000   9
236.70000000000000000000   7
236.80000000000000000000   9
236.90000000000000000000   8
237.00000000000000000000   8
237.10000000000000000000   11
237.20000000000000000000   7
237.30000000000000000000   7
237.40000000000000000000   11
237.50000000000000000000   11
237.60000000000000000000   12
237.70000000000000000000   5
237.80000000000000000000   9
237.90000000000000000000   10
238.00000000000000000000   12
238.10000000000000000000   11
238.20000000000000000000   13
238.30000000000000000000   14
238.40000000000000000000   10
238.50000000000000000000   7
238.60000000000000000000   8
238.70000000000000000000   4
238.80000000000000000000   10
238.90000000000000000000   7
239.00000000000000000000   8
239.10000000000000000000   7
239.20000000000000000000   6
239.30000000000000000000   12
239.40000000000000000000   10
239.50000000000000000000   2
239.60000000000000000000   4
239.70000000000000000000   6
239.80000000000000000000   11
239.90000000000000000000   12
240.00000000000000000000   8
240.10000000000000000000   10
240.20000000000000000000   12
240.30000000000000000000   8
240.40000000000000000000   7
240.50000000000000000000   6
240.60000000000000000000   8
240.70000000000000000000   6
240.80000000000000000000   8
240.90000000000000000000   10
241.00000000000000000000   11
241.10000000000000000000   8
241.20000000000000000000   8
241.30000000000000000000   7
241.40000000000000000000   6
241.50000000000000000000   8
241.60000000000000000000   8
241.70000000000000000000   7
241.80000000000000000000   7
241.90000000000000000000   8
242.00000000000000000000   8
242.10000000000000000000   5
242.20000000000000000000   3
242.30000000000000000000   5
242.40000000000000000000   3
242.50000000000000000000   6
242.60000000000000000000   8
242.70000000000000000000   6
242.80000000000000000000   4
242.90000000000000000000   7
243.00000000000000000000   9
243.10000000000000000000   7
243.20000000000000000000   11
243.30000000000000000000   6
243.40000000000000000000   11
243.50000000000000000000   11
243.60000000000000000000   9
243.70000000000000000000   10
243.80000000000000000000   6
243.90000000000000000000   5
244.00000000000000000000   7
244.10000000000000000000   11
244.20000000000000000000   10
244.30000000000000000000   9
244.40000000000000000000   8
244.50000000000000000000   7
244.60000000000000000000   7
244.70000000000000000000   8
244.80000000000000000000   9
244.90000000000000000000   10
245.00000000000000000000   11
245.10000000000000000000   9
245.20000000000000000000   10
245.30000000000000000000   10
245.40000000000000000000   9
245.50000000000000000000   5
245.60000000000000000000   8
245.70000000000000000000   11
245.80000000000000000000   8
245.90000000000000000000   9
246.00000000000000000000   8
246.10000000000000000000   11
246.20000000000000000000   11
246.30000000000000000000   11
246.40000000000000000000   12
246.50000000000000000000   8
246.60000000000000000000   8
246.70000000000000000000   7
246.80000000000000000000   11
246.90000000000000000000   9
247.00000000000000000000   8
247.10000000000000000000   7
247.20000000000000000000   6
247.30000000000000000000   7
247.40000000000000000000   5
247.50000000000000000000   10
247.60000000000000000000   8
247.70000000000000000000   4
247.80000000000000000000   5
247.90000000000000000000   5
248.00000000000000000000   7
248.10000000000000000000   9
248.20000000000000000000   3
248.30000000000000000000   8
248.40000000000000000000   8
248.50000000000000000000   6
248.60000000000000000000   9
248.70000000000000000000   9
248.80000000000000000000   8
248.90000000000000000000   7
249.00000000000000000000   9
249.10000000000000000000   8
249.20000000000000000000   10
249.30000000000000000000   6
249.40000000000000000000   12
249.50000000000000000000   8
249.60000000000000000000   6
249.70000000000000000000   9
249.80000000000000000000   8
249.90000000000000000000   8
250.00000000000000000000   9
250.10000000000000000000   11
250.20000000000000000000   16
250.30000000000000000000   17
250.40000000000000000000   14
250.50000000000000000000   9
250.60000000000000000000   7
250.70000000000000000000   8
250.80000000000000000000   9
250.90000000000000000000   8
251.00000000000000000000   9
251.10000000000000000000   7
251.20000000000000000000   6
251.30000000000000000000   11
251.40000000000000000000   11
251.50000000000000000000   11
251.60000000000000000000   8
251.70000000000000000000   11
251.80000000000000000000   12
251.90000000000000000000   12
252.00000000000000000000   14
252.10000000000000000000   14
252.20000000000000000000   13
252.30000000000000000000   13
252.40000000000000000000   13
252.50000000000000000000   10
252.60000000000000000000   12
252.70000000000000000000   6
252.80000000000000000000   8
252.90000000000000000000   8
253.00000000000000000000   8
253.10000000000000000000   4
253.20000000000000000000   9
253.30000000000000000000   8
253.40000000000000000000   12
253.50000000000000000000   10
253.60000000000000000000   8
253.70000000000000000000   8
253.80000000000000000000   5
253.90000000000000000000   9
254.00000000000000000000   11
254.10000000000000000000   10
254.20000000000000000000   11
254.30000000000000000000   10
254.40000000000000000000   9
254.50000000000000000000   10
254.60000000000000000000   5
254.70000000000000000000   7
254.80000000000000000000   8
254.90000000000000000000   9
255.00000000000000000000   8
255.10000000000000000000   6
255.20000000000000000000   7
255.30000000000000000000   10
255.40000000000000000000   8
255.50000000000000000000   10
255.60000000000000000000   10
255.70000000000000000000   11
255.80000000000000000000   10
255.90000000000000000000   11
256.00000000000000000000   7
256.10000000000000000000   10
256.20000000000000000000   9
256.30000000000000000000   14
256.40000000000000000000   9
256.50000000000000000000   11
256.60000000000000000000   6
256.70000000000000000000   9
256.80000000000000000000   8
256.90000000000000000000   13
257.00000000000000000000   11
257.10000000000000000000   11
257.20000000000000000000   10
257.30000000000000000000   11
257.40000000000000000000   10
257.50000000000000000000   10
257.60000000000000000000   10
257.70000000000000000000   11
257.80000000000000000000   8
257.90000000000000000000   10
258.00000000000000000000   10
258.10000000000000000000   12
258.20000000000000000000   12
258.30000000000000000000   14
258.40000000000000000000   12
258.50000000000000000000   13
258.60000000000000000000   13
258.70000000000000000000   15
258.80000000000000000000   16
258.90000000000000000000   14
259.00000000000000000000   13
259.10000000000000000000   13
259.20000000000000000000   15
259.30000000000000000000   15
259.40000000000000000000   15
259.50000000000000000000   16
259.60000000000000000000   16
259.70000000000000000000   11
259.80000000000000000000   12
259.90000000000000000000   12
260.00000000000000000000   12
260.10000000000000000000   13
260.20000000000000000000   15
260.30000000000000000000   13
260.40000000000000000000   17
260.50000000000000000000   14
260.60000000000000000000   14
260.70000000000000000000   13
260.80000000000000000000   16
260.90000000000000000000   14
261.00000000000000000000   13
261.10000000000000000000   14
261.20000000000000000000   13
261.30000000000000000000   15
261.40000000000000000000   13
261.50000000000000000000   15
261.60000000000000000000   14
261.70000000000000000000   15
261.80000000000000000000   16
261.90000000000000000000   12
262.00000000000000000000   15
262.10000000000000000000   16
262.20000000000000000000   16
262.30000000000000000000   14
262.40000000000000000000   13
262.50000000000000000000   14
262.60000000000000000000   14
262.70000000000000000000   15
262.80000000000000000000   15
262.90000000000000000000   15
263.00000000000000000000   14
263.10000000000000000000   16
263.20000000000000000000   13
263.30000000000000000000   14
263.40000000000000000000   12
263.50000000000000000000   15
263.60000000000000000000   15
263.70000000000000000000   15
263.80000000000000000000   16
263.90000000000000000000   15
264.00000000000000000000   17
264.10000000000000000000   14
264.20000000000000000000   15
264.30000000000000000000   15
264.40000000000000000000   15
264.50000000000000000000   13
264.60000000000000000000   12
264.70000000000000000000   12
264.80000000000000000000   12
264.90000000000000000000   8
265.00000000000000000000   14
265.10000000000000000000   12
265.20000000000000000000   10
265.30000000000000000000   11
265.40000000000000000000   13
265.50000000000000000000   11
265.60000000000000000000   12
265.70000000000000000000   14
265.80000000000000000000   15
265.90000000000000000000   12
266.00000000000000000000   14
266.10000000000000000000   14
266.20000000000000000000   14
266.30000000000000000000   15
266.40000000000000000000   16
266.50000000000000000000   12
266.60000000000000000000   13
266.70000000000000000000   15
266.80000000000000000000   16
266.90000000000000000000   13
267.00000000000000000000   12
267.10000000000000000000   14
267.20000000000000000000   13
267.30000000000000000000   13
267.40000000000000000000   13
267.50000000000000000000   13
267.60000000000000000000   12
267.70000000000000000000   13
267.80000000000000000000   13
267.90000000000000000000   16
268.00000000000000000000   16
268.10000000000000000000   12
268.20000000000000000000   14
268.30000000000000000000   15
268.40000000000000000000   18
268.50000000000000000000   20
268.60000000000000000000   14
268.70000000000000000000   12
268.80000000000000000000   12
268.90000000000000000000   13
269.00000000000000000000   12
269.10000000000000000000   15
269.20000000000000000000   13
269.30000000000000000000   17
269.40000000000000000000   13
269.50000000000000000000   11
269.60000000000000000000   16
269.70000000000000000000   18
269.80000000000000000000   16
269.90000000000000000000   14
270.00000000000000000000   11
270.10000000000000000000   13
270.20000000000000000000   16
270.30000000000000000000   8
270.40000000000000000000   11
270.50000000000000000000   11
270.60000000000000000000   13
270.70000000000000000000   11
270.80000000000000000000   13
270.90000000000000000000   14
271.00000000000000000000   18
271.10000000000000000000   17
271.20000000000000000000   13
271.30000000000000000000   18
271.40000000000000000000   19
271.50000000000000000000   12
271.60000000000000000000   15
271.70000000000000000000   18
271.80000000000000000000   19
271.90000000000000000000   16
272.00000000000000000000   16
272.10000000000000000000   16
272.20000000000000000000   15
272.30000000000000000000   14
272.40000000000000000000   12
272.50000000000000000000   17
272.60000000000000000000   9
272.70000000000000000000   12
272.80000000000000000000   15
272.90000000000000000000   18
273.00000000000000000000   13
273.10000000000000000000   14
273.20000000000000000000   14
273.30000000000000000000   12
273.40000000000000000000   15
273.50000000000000000000   16
273.60000000000000000000   16
273.70000000000000000000   17
273.80000000000000000000   18
273.90000000000000000000   17
274.00000000000000000000   15
274.10000000000000000000   14
274.20000000000000000000   17
274.30000000000000000000   17
274.40000000000000000000   16
274.50000000000000000000   18
274.60000000000000000000   16
274.70000000000000000000   16
274.80000000000000000000   10
274.90000000000000000000   13
275.00000000000000000000   12
275.10000000000000000000   14
275.20000000000000000000   13
275.30000000000000000000   15
275.40000000000000000000   12
275.50000000000000000000   13
275.60000000000000000000   15
275.70000000000000000000   25
275.80000000000000000000   18
275.90000000000000000000   20
276.00000000000000000000   21
276.10000000000000000000   18
276.20000000000000000000   21
276.30000000000000000000   19
276.40000000000000000000   21
276.50000000000000000000   21
276.60000000000000000000   21
276.70000000000000000000   20
276.80000000000000000000   20
276.90000000000000000000   20
277.00000000000000000000   20
277.10000000000000000000   21
277.20000000000000000000   21
277.30000000000000000000   19
277.40000000000000000000   13
277.50000000000000000000   15
277.60000000000000000000   15
277.70000000000000000000   19
277.80000000000000000000   21
277.90000000000000000000   19
278.00000000000000000000   19
278.10000000000000000000   18
278.20000000000000000000   18
278.30000000000000000000   20
278.40000000000000000000   20
278.50000000000000000000   14
278.60000000000000000000   17
278.70000000000000000000   7
278.80000000000000000000   8
278.90000000000000000000   12
279.00000000000000000000   14
279.10000000000000000000   15
279.20000000000000000000   15
279.30000000000000000000   12
279.40000000000000000000   11
279.50000000000000000000   14
279.60000000000000000000   13
279.70000000000000000000   15
279.80000000000000000000   15
279.90000000000000000000   18
280.00000000000000000000   13
280.10000000000000000000   15
280.20000000000000000000   14
280.30000000000000000000   13
280.40000000000000000000   16
280.50000000000000000000   15
280.60000000000000000000   19
280.70000000000000000000   15
280.80000000000000000000   12
280.90000000000000000000   8
281.00000000000000000000   11
281.10000000000000000000   13
281.20000000000000000000   12
281.30000000000000000000   13
281.40000000000000000000   14
281.50000000000000000000   11
281.60000000000000000000   14
281.70000000000000000000   10
281.80000000000000000000   13
281.90000000000000000000   13
282.00000000000000000000   15
282.10000000000000000000   11
282.20000000000000000000   12
282.30000000000000000000   12
282.40000000000000000000   15
282.50000000000000000000   12
282.60000000000000000000   13
282.70000000000000000000   12
282.80000000000000000000   14
282.90000000000000000000   15
283.00000000000000000000   16
283.10000000000000000000   13
283.20000000000000000000   14
283.30000000000000000000   14
283.40000000000000000000   13
283.50000000000000000000   13
283.60000000000000000000   16
283.70000000000000000000   16
283.80000000000000000000   14
283.90000000000000000000   14
284.00000000000000000000   15
284.10000000000000000000   12
284.20000000000000000000   13
284.30000000000000000000   12
284.40000000000000000000   13
284.50000000000000000000   10
284.60000000000000000000   11
284.70000000000000000000   15
284.80000000000000000000   10
284.90000000000000000000   9
285.00000000000000000000   10
285.10000000000000000000   12
285.20000000000000000000   11
285.30000000000000000000   11
285.40000000000000000000   10
285.50000000000000000000   10
285.60000000000000000000   10
285.70000000000000000000   8
285.80000000000000000000   10
285.90000000000000000000   9
286.00000000000000000000   10
286.10000000000000000000   10
286.20000000000000000000   10
286.30000000000000000000   15
286.40000000000000000000   11
286.50000000000000000000   10
286.60000000000000000000   16
286.70000000000000000000   16
286.80000000000000000000   12
286.90000000000000000000   10
287.00000000000000000000   12
287.10000000000000000000   10
287.20000000000000000000   8
287.30000000000000000000   12
287.40000000000000000000   9
287.50000000000000000000   10
287.60000000000000000000   10
287.70000000000000000000   10
287.80000000000000000000   9
287.90000000000000000000   12
288.00000000000000000000   10
288.10000000000000000000   12
288.20000000000000000000   9
288.30000000000000000000   15
288.40000000000000000000   15
288.50000000000000000000   15
288.60000000000000000000   15
288.70000000000000000000   13
288.80000000000000000000   12
288.90000000000000000000   12
289.00000000000000000000   10
289.10000000000000000000   10
289.20000000000000000000   11
289.30000000000000000000   12
289.40000000000000000000   10
289.50000000000000000000   9
289.60000000000000000000   7
289.70000000000000000000   11
289.80000000000000000000   11
289.90000000000000000000   11
290.00000000000000000000   10
290.10000000000000000000   12
290.20000000000000000000   13
290.30000000000000000000   13
290.40000000000000000000   12
290.50000000000000000000   9
290.60000000000000000000   9
290.70000000000000000000   8
290.80000000000000000000   13
290.90000000000000000000   5
291.00000000000000000000   4
291.10000000000000000000   6
291.20000000000000000000   6
291.30000000000000000000   6
291.40000000000000000000   6
291.50000000000000000000   9
291.60000000000000000000   5
291.70000000000000000000   9
291.80000000000000000000   11
291.90000000000000000000   12
292.00000000000000000000   9
292.10000000000000000000   14
292.20000000000000000000   10
292.30000000000000000000   11
292.40000000000000000000   12
292.50000000000000000000   16
292.60000000000000000000   17
292.70000000000000000000   14
292.80000000000000000000   14
292.90000000000000000000   15
293.00000000000000000000   16
293.10000000000000000000   18
293.20000000000000000000   16
293.30000000000000000000   17
293.40000000000000000000   18
293.50000000000000000000   16
293.60000000000000000000   17
293.70000000000000000000   16
293.80000000000000000000   21
293.90000000000000000000   16
294.00000000000000000000   21
294.10000000000000000000   20
294.20000000000000000000   17
294.30000000000000000000   19
294.40000000000000000000   18
294.50000000000000000000   16
294.60000000000000000000   18
294.70000000000000000000   13
294.80000000000000000000   15
294.90000000000000000000   17
295.00000000000000000000   15
295.10000000000000000000   20
295.20000000000000000000   19
295.30000000000000000000   15
295.40000000000000000000   16
295.50000000000000000000   15
295.60000000000000000000   16
295.70000000000000000000   15
295.80000000000000000000   18
295.90000000000000000000   18
296.00000000000000000000   20
296.10000000000000000000   21
296.20000000000000000000   21
296.30000000000000000000   18
296.40000000000000000000   20
296.50000000000000000000   18
296.60000000000000000000   16
296.70000000000000000000   21
296.80000000000000000000   20
296.90000000000000000000   16
297.00000000000000000000   18
297.10000000000000000000   17
297.20000000000000000000   17
297.30000000000000000000   15
297.40000000000000000000   18
297.50000000000000000000   17
297.60000000000000000000   17
297.70000000000000000000   16
297.80000000000000000000   19
297.90000000000000000000   15
298.00000000000000000000   19
298.10000000000000000000   13
298.20000000000000000000   14
298.30000000000000000000   18
298.40000000000000000000   16
298.50000000000000000000   15
298.60000000000000000000   14
298.70000000000000000000   13
298.80000000000000000000   16
298.90000000000000000000   13
299.00000000000000000000   13
299.10000000000000000000   14
299.20000000000000000000   13
299.30000000000000000000   17
299.40000000000000000000   17
299.50000000000000000000   15
299.60000000000000000000   17
299.70000000000000000000   16
299.80000000000000000000   16
299.90000000000000000000   16
300.00000000000000000000   14
300.10000000000000000000   17
300.20000000000000000000   18
300.30000000000000000000   16
300.40000000000000000000   19
300.50000000000000000000   20
300.60000000000000000000   17
300.70000000000000000000   20
300.80000000000000000000   17
300.90000000000000000000   18
301.00000000000000000000   18
301.10000000000000000000   14
301.20000000000000000000   14
301.30000000000000000000   14
301.40000000000000000000   14
301.50000000000000000000   13
301.60000000000000000000   12
301.70000000000000000000   15
301.80000000000000000000   13
301.90000000000000000000   12
302.00000000000000000000   13
302.10000000000000000000   11
302.20000000000000000000   14
302.30000000000000000000   20
302.40000000000000000000   15
302.50000000000000000000   15
302.60000000000000000000   13
302.70000000000000000000   15
302.80000000000000000000   14
302.90000000000000000000   12
303.00000000000000000000   12
303.10000000000000000000   14
303.20000000000000000000   15
303.30000000000000000000   16
303.40000000000000000000   11
303.50000000000000000000   7
303.60000000000000000000   10
303.70000000000000000000   6
303.80000000000000000000   10
303.90000000000000000000   8
304.00000000000000000000   12
304.10000000000000000000   14
304.20000000000000000000   9
304.30000000000000000000   10
304.40000000000000000000   11
304.50000000000000000000   8
304.60000000000000000000   15
304.70000000000000000000   19
304.80000000000000000000   11
304.90000000000000000000   10
305.00000000000000000000   12
305.10000000000000000000   12
305.20000000000000000000   10
305.30000000000000000000   16
305.40000000000000000000   14
305.50000000000000000000   12
305.60000000000000000000   7
305.70000000000000000000   8
305.80000000000000000000   11
305.90000000000000000000   11
306.00000000000000000000   10
306.10000000000000000000   12
306.20000000000000000000   13
306.30000000000000000000   11
306.40000000000000000000   12
306.50000000000000000000   11
306.60000000000000000000   10
306.70000000000000000000   10
306.80000000000000000000   12
306.90000000000000000000   13
307.00000000000000000000   6
307.10000000000000000000   11
307.20000000000000000000   10
307.30000000000000000000   11
307.40000000000000000000   11
307.50000000000000000000   12
307.60000000000000000000   9
307.70000000000000000000   13
307.80000000000000000000   12
307.90000000000000000000   13
308.00000000000000000000   12
308.10000000000000000000   18
308.20000000000000000000   17
308.30000000000000000000   16
308.40000000000000000000   16
308.50000000000000000000   15
308.60000000000000000000   15
308.70000000000000000000   11
308.80000000000000000000   13
308.90000000000000000000   13
309.00000000000000000000   13
309.10000000000000000000   13
309.20000000000000000000   12
309.30000000000000000000   10
309.40000000000000000000   11
309.50000000000000000000   9
309.60000000000000000000   7
309.70000000000000000000   12
309.80000000000000000000   11
309.90000000000000000000   15
310.00000000000000000000   9
310.10000000000000000000   8
310.20000000000000000000   10
310.30000000000000000000   10
310.40000000000000000000   11
310.50000000000000000000   14
310.60000000000000000000   10
310.70000000000000000000   14
310.80000000000000000000   9
310.90000000000000000000   7
311.00000000000000000000   14
311.10000000000000000000   8
311.20000000000000000000   9
311.30000000000000000000   8
311.40000000000000000000   7
311.50000000000000000000   10
311.60000000000000000000   9
311.70000000000000000000   7
311.80000000000000000000   5
311.90000000000000000000   7
312.00000000000000000000   7
312.10000000000000000000   8
312.20000000000000000000   7
312.30000000000000000000   13
312.40000000000000000000   11
312.50000000000000000000   12
312.60000000000000000000   11
312.70000000000000000000   10
312.80000000000000000000   11
312.90000000000000000000   11
313.00000000000000000000   8
313.10000000000000000000   12
313.20000000000000000000   7
313.30000000000000000000   8
313.40000000000000000000   11
313.50000000000000000000   11
313.60000000000000000000   11
313.70000000000000000000   12
313.80000000000000000000   11
313.90000000000000000000   6
314.00000000000000000000   10
314.10000000000000000000   12
314.20000000000000000000   11
314.30000000000000000000   13
314.40000000000000000000   12
314.50000000000000000000   18
314.60000000000000000000   16
314.70000000000000000000   13
314.80000000000000000000   15
314.90000000000000000000   15
315.00000000000000000000   18
315.10000000000000000000   16
315.20000000000000000000   14
315.30000000000000000000   8
315.40000000000000000000   11
315.50000000000000000000   13
315.60000000000000000000   9
315.70000000000000000000   12
315.80000000000000000000   15
315.90000000000000000000   15
316.00000000000000000000   16
316.10000000000000000000   13
316.20000000000000000000   14
316.30000000000000000000   14
316.40000000000000000000   10
316.50000000000000000000   13
316.60000000000000000000   15
316.70000000000000000000   14
316.80000000000000000000   14
316.90000000000000000000   14
317.00000000000000000000   16
317.10000000000000000000   14
317.20000000000000000000   13
317.30000000000000000000   14
317.40000000000000000000   10
317.50000000000000000000   9
317.60000000000000000000   15
317.70000000000000000000   15
317.80000000000000000000   13
317.90000000000000000000   14
318.00000000000000000000   13
318.10000000000000000000   13
318.20000000000000000000   10
318.30000000000000000000   11
318.40000000000000000000   13
318.50000000000000000000   10
318.60000000000000000000   11
318.70000000000000000000   14
318.80000000000000000000   14
318.90000000000000000000   12
319.00000000000000000000   13
319.10000000000000000000   13
319.20000000000000000000   13
319.30000000000000000000   11
319.40000000000000000000   7
319.50000000000000000000   10
319.60000000000000000000   11
319.70000000000000000000   13
319.80000000000000000000   11
319.90000000000000000000   14
320.00000000000000000000   11
320.10000000000000000000   10
320.20000000000000000000   14
320.30000000000000000000   9
320.40000000000000000000   13
320.50000000000000000000   12
320.60000000000000000000   9
320.70000000000000000000   11
320.80000000000000000000   14
320.90000000000000000000   13
321.00000000000000000000   14
321.10000000000000000000   16
321.20000000000000000000   15
321.30000000000000000000   16
321.40000000000000000000   15
321.50000000000000000000   14
321.60000000000000000000   14
321.70000000000000000000   11
321.80000000000000000000   14
321.90000000000000000000   10
322.00000000000000000000   12
322.10000000000000000000   12
322.20000000000000000000   12
322.30000000000000000000   10
322.40000000000000000000   11
322.50000000000000000000   11
322.60000000000000000000   11
322.70000000000000000000   10
322.80000000000000000000   13
322.90000000000000000000   12
323.00000000000000000000   13
323.10000000000000000000   16
323.20000000000000000000   16
323.30000000000000000000   16
323.40000000000000000000   12
323.50000000000000000000   13
323.60000000000000000000   16
323.70000000000000000000   14
323.80000000000000000000   10
323.90000000000000000000   10
324.00000000000000000000   12
324.10000000000000000000   11
324.20000000000000000000   12
324.30000000000000000000   12
324.40000000000000000000   7
324.50000000000000000000   9
324.60000000000000000000   8
324.70000000000000000000   10
324.80000000000000000000   9
324.90000000000000000000   13
325.00000000000000000000   13
325.10000000000000000000   13
325.20000000000000000000   14
325.30000000000000000000   14
325.40000000000000000000   14
325.50000000000000000000   15
325.60000000000000000000   14
325.70000000000000000000   12
325.80000000000000000000   10
325.90000000000000000000   11
326.00000000000000000000   13
326.10000000000000000000   12
326.20000000000000000000   11
326.30000000000000000000   11
326.40000000000000000000   14
326.50000000000000000000   11
326.60000000000000000000   13
326.70000000000000000000   15
326.80000000000000000000   11
326.90000000000000000000   14
327.00000000000000000000   14
327.10000000000000000000   11
327.20000000000000000000   15
327.30000000000000000000   13
327.40000000000000000000   16
327.50000000000000000000   17
327.60000000000000000000   13
327.70000000000000000000   14
327.80000000000000000000   16
327.90000000000000000000   17
328.00000000000000000000   10
328.10000000000000000000   12
328.20000000000000000000   11
328.30000000000000000000   11
328.40000000000000000000   13
328.50000000000000000000   12
328.60000000000000000000   11
328.70000000000000000000   12
328.80000000000000000000   6
328.90000000000000000000   9
329.00000000000000000000   7
329.10000000000000000000   8
329.20000000000000000000   7
329.30000000000000000000   4
329.40000000000000000000   5
329.50000000000000000000   9
329.60000000000000000000   9
329.70000000000000000000   7
329.80000000000000000000   12
329.90000000000000000000   8
330.00000000000000000000   9
330.10000000000000000000   9
330.20000000000000000000   12
330.30000000000000000000   13
330.40000000000000000000   15
330.50000000000000000000   14
330.60000000000000000000   14
330.70000000000000000000   17
330.80000000000000000000   15
330.90000000000000000000   16
331.00000000000000000000   19
331.10000000000000000000   16
331.20000000000000000000   14
331.30000000000000000000   18
331.40000000000000000000   18
331.50000000000000000000   16
331.60000000000000000000   16
331.70000000000000000000   11
331.80000000000000000000   14
331.90000000000000000000   8
332.00000000000000000000   11
332.10000000000000000000   12
332.20000000000000000000   11
332.30000000000000000000   9
332.40000000000000000000   8
332.50000000000000000000   6
332.60000000000000000000   7
332.70000000000000000000   5
332.80000000000000000000   9
332.90000000000000000000   7
333.00000000000000000000   8
333.10000000000000000000   12
333.20000000000000000000   11
333.30000000000000000000   13
333.40000000000000000000   12
333.50000000000000000000   12
333.60000000000000000000   13
333.70000000000000000000   15
333.80000000000000000000   16
333.90000000000000000000   15
334.00000000000000000000   16
334.10000000000000000000   15
334.20000000000000000000   16
334.30000000000000000000   12
334.40000000000000000000   8
334.50000000000000000000   7
334.60000000000000000000   9
334.70000000000000000000   13
334.80000000000000000000   15
334.90000000000000000000   17
335.00000000000000000000   11
335.10000000000000000000   12
335.20000000000000000000   14
335.30000000000000000000   19
335.40000000000000000000   14
335.50000000000000000000   14
335.60000000000000000000   10
335.70000000000000000000   13
335.80000000000000000000   10
335.90000000000000000000   8
336.00000000000000000000   10
336.10000000000000000000   11
336.20000000000000000000   9
336.30000000000000000000   8
336.40000000000000000000   10
336.50000000000000000000   7
336.60000000000000000000   10
336.70000000000000000000   6
336.80000000000000000000   10
336.90000000000000000000   8
337.00000000000000000000   10
337.10000000000000000000   7
337.20000000000000000000   9
337.30000000000000000000   9
337.40000000000000000000   9
337.50000000000000000000   11
337.60000000000000000000   10
337.70000000000000000000   8
337.80000000000000000000   12
337.90000000000000000000   10
338.00000000000000000000   7
338.10000000000000000000   8
338.20000000000000000000   12
338.30000000000000000000   11
338.40000000000000000000   13
338.50000000000000000000   20
338.60000000000000000000   17
338.70000000000000000000   19
338.80000000000000000000   21
338.90000000000000000000   19
339.00000000000000000000   13
339.10000000000000000000   13
339.20000000000000000000   14
339.30000000000000000000   14
339.40000000000000000000   12
339.50000000000000000000   13
339.60000000000000000000   12
339.70000000000000000000   13
339.80000000000000000000   16
339.90000000000000000000   13
340.00000000000000000000   15
340.10000000000000000000   21
340.20000000000000000000   18
340.30000000000000000000   14
340.40000000000000000000   14
340.50000000000000000000   16
340.60000000000000000000   17
340.70000000000000000000   13
340.80000000000000000000   16
340.90000000000000000000   15
341.00000000000000000000   13
341.10000000000000000000   16
341.20000000000000000000   16
341.30000000000000000000   17
341.40000000000000000000   17
341.50000000000000000000   15
341.60000000000000000000   17
341.70000000000000000000   17
341.80000000000000000000   13
341.90000000000000000000   13
342.00000000000000000000   15
342.10000000000000000000   14
342.20000000000000000000   14
342.30000000000000000000   14
342.40000000000000000000   13
342.50000000000000000000   13
342.60000000000000000000   15
342.70000000000000000000   14
342.80000000000000000000   11
342.90000000000000000000   13
343.00000000000000000000   12
343.10000000000000000000   16
343.20000000000000000000   12
343.30000000000000000000   14
343.40000000000000000000   12
343.50000000000000000000   9
343.60000000000000000000   10
343.70000000000000000000   8
343.80000000000000000000   14
343.90000000000000000000   15
344.00000000000000000000   15
344.10000000000000000000   10
344.20000000000000000000   16
344.30000000000000000000   17
344.40000000000000000000   17
344.50000000000000000000   15
344.60000000000000000000   17
344.70000000000000000000   19
344.80000000000000000000   18
344.90000000000000000000   16
345.00000000000000000000   19
345.10000000000000000000   16
345.20000000000000000000   17
345.30000000000000000000   16
345.40000000000000000000   16
345.50000000000000000000   19
345.60000000000000000000   18
345.70000000000000000000   17
345.80000000000000000000   15
345.90000000000000000000   15
346.00000000000000000000   15
346.10000000000000000000   15
346.20000000000000000000   15
346.30000000000000000000   17
346.40000000000000000000   14
346.50000000000000000000   14
346.60000000000000000000   15
346.70000000000000000000   16
346.80000000000000000000   14
346.90000000000000000000   17
347.00000000000000000000   14
347.10000000000000000000   17
347.20000000000000000000   15
347.30000000000000000000   13
347.40000000000000000000   13
347.50000000000000000000   13
347.60000000000000000000   13
347.70000000000000000000   15
347.80000000000000000000   14
347.90000000000000000000   10
348.00000000000000000000   12
348.10000000000000000000   12
348.20000000000000000000   14
348.30000000000000000000   16
348.40000000000000000000   9
348.50000000000000000000   12
348.60000000000000000000   11
348.70000000000000000000   14
348.80000000000000000000   15
348.90000000000000000000   17
349.00000000000000000000   16
349.10000000000000000000   11
349.20000000000000000000   11
349.30000000000000000000   10
349.40000000000000000000   8
349.50000000000000000000   12
349.60000000000000000000   10
349.70000000000000000000   9
349.80000000000000000000   12
349.90000000000000000000   11
350.00000000000000000000   11
350.10000000000000000000   11
350.20000000000000000000   10
350.30000000000000000000   11
350.40000000000000000000   11
350.50000000000000000000   12
350.60000000000000000000   10
350.70000000000000000000   12
350.80000000000000000000   13
350.90000000000000000000   13
351.00000000000000000000   13
351.10000000000000000000   13
351.20000000000000000000   11
351.30000000000000000000   9
351.40000000000000000000   9
351.50000000000000000000   9
351.60000000000000000000   12
351.70000000000000000000   10
351.80000000000000000000   10
351.90000000000000000000   8
352.00000000000000000000   6
352.10000000000000000000   10
352.20000000000000000000   9
352.30000000000000000000   14
352.40000000000000000000   11
352.50000000000000000000   7
352.60000000000000000000   10
352.70000000000000000000   8
352.80000000000000000000   4
352.90000000000000000000   6
353.00000000000000000000   7
353.10000000000000000000   5
353.20000000000000000000   8
353.30000000000000000000   7
353.40000000000000000000   4
353.50000000000000000000   4
353.60000000000000000000   8
353.70000000000000000000   4
353.80000000000000000000   8
353.90000000000000000000   6
354.00000000000000000000   9
354.10000000000000000000   7
354.20000000000000000000   6
354.30000000000000000000   6
354.40000000000000000000   8
354.50000000000000000000   5
354.60000000000000000000   6
354.70000000000000000000   6
354.80000000000000000000   7
354.90000000000000000000   5
355.00000000000000000000   6
355.10000000000000000000   9
355.20000000000000000000   5
355.30000000000000000000   7
355.40000000000000000000   9
355.50000000000000000000   10
355.60000000000000000000   9
355.70000000000000000000   5
355.80000000000000000000   4
355.90000000000000000000   5
356.00000000000000000000   3
356.10000000000000000000   4
356.20000000000000000000   3
356.30000000000000000000   8
356.40000000000000000000   9
356.50000000000000000000   6
356.60000000000000000000   6
356.70000000000000000000   7
356.80000000000000000000   7
356.90000000000000000000   8
357.00000000000000000000   7
357.10000000000000000000   9
357.20000000000000000000   10
357.30000000000000000000   8
357.40000000000000000000   8
357.50000000000000000000   5
357.60000000000000000000   7
357.70000000000000000000   7
357.80000000000000000000   9
357.90000000000000000000   7
358.00000000000000000000   5
358.10000000000000000000   6
358.20000000000000000000   8
358.30000000000000000000   7
358.40000000000000000000   4
358.50000000000000000000   4
358.60000000000000000000   6
358.70000000000000000000   4
358.80000000000000000000   5
358.90000000000000000000   8
359.00000000000000000000   8
359.10000000000000000000   7
359.20000000000000000000   4
359.30000000000000000000   6
359.40000000000000000000   7
359.50000000000000000000   9
359.60000000000000000000   9
359.70000000000000000000   9
359.80000000000000000000   10
359.90000000000000000000   7
360.00000000000000000000   10
360.10000000000000000000   9
360.20000000000000000000   15
360.30000000000000000000   9
360.40000000000000000000   14
360.50000000000000000000   9
360.60000000000000000000   10
360.70000000000000000000   13
360.80000000000000000000   10
360.90000000000000000000   9
361.00000000000000000000   10
361.10000000000000000000   12
361.20000000000000000000   11
361.30000000000000000000   11
361.40000000000000000000   9
361.50000000000000000000   9
361.60000000000000000000   5
361.70000000000000000000   9
361.80000000000000000000   8
361.90000000000000000000   3
362.00000000000000000000   8
362.10000000000000000000   7
362.20000000000000000000   10
362.30000000000000000000   11
362.40000000000000000000   9
362.50000000000000000000   8
362.60000000000000000000   15
362.70000000000000000000   11
362.80000000000000000000   13
362.90000000000000000000   11
363.00000000000000000000   9
363.10000000000000000000   9
363.20000000000000000000   11
363.30000000000000000000   12
363.40000000000000000000   8
363.50000000000000000000   12
363.60000000000000000000   10
363.70000000000000000000   13
363.80000000000000000000   17
363.90000000000000000000   15
364.00000000000000000000   14
364.10000000000000000000   17
364.20000000000000000000   17
364.30000000000000000000   11
364.40000000000000000000   11
364.50000000000000000000   11
364.60000000000000000000   10
364.70000000000000000000   11
364.80000000000000000000   9
364.90000000000000000000   16
365.00000000000000000000   12
365.10000000000000000000   15
365.20000000000000000000   17
365.30000000000000000000   20
365.40000000000000000000   16
365.50000000000000000000   19
365.60000000000000000000   16
365.70000000000000000000   16
365.80000000000000000000   13
365.90000000000000000000   20
366.00000000000000000000   17
366.10000000000000000000   17
366.20000000000000000000   15
366.30000000000000000000   12
366.40000000000000000000   20
366.50000000000000000000   21
366.60000000000000000000   19
366.70000000000000000000   19
366.80000000000000000000   15
366.90000000000000000000   13
367.00000000000000000000   10
367.10000000000000000000   13
367.20000000000000000000   16
367.30000000000000000000   16
367.40000000000000000000   19
367.50000000000000000000   18
367.60000000000000000000   19
367.70000000000000000000   18
367.80000000000000000000   16
367.90000000000000000000   21
368.00000000000000000000   17
368.10000000000000000000   21
368.20000000000000000000   18
368.30000000000000000000   18
368.40000000000000000000   17
368.50000000000000000000   15
368.60000000000000000000   17
368.70000000000000000000   18
368.80000000000000000000   18
368.90000000000000000000   16
369.00000000000000000000   17
369.10000000000000000000   17
369.20000000000000000000   15
369.30000000000000000000   17
369.40000000000000000000   25
369.50000000000000000000   21
369.60000000000000000000   21
369.70000000000000000000   20
369.80000000000000000000   22
369.90000000000000000000   25
370.00000000000000000000   22
370.10000000000000000000   23
370.20000000000000000000   25
370.30000000000000000000   23
370.40000000000000000000   23
370.50000000000000000000   22
370.60000000000000000000   21
370.70000000000000000000   21
370.80000000000000000000   23
370.90000000000000000000   25
371.00000000000000000000   24
371.10000000000000000000   20
371.20000000000000000000   24
371.30000000000000000000   21
371.40000000000000000000   23
371.50000000000000000000   23
371.60000000000000000000   23
371.70000000000000000000   26
371.80000000000000000000   22
371.90000000000000000000   24
372.00000000000000000000   25
372.10000000000000000000   26
372.20000000000000000000   26
372.30000000000000000000   25
372.40000000000000000000   25
372.50000000000000000000   21
372.60000000000000000000   26
372.70000000000000000000   25
372.80000000000000000000   24
372.90000000000000000000   24
373.00000000000000000000   21
373.10000000000000000000   23
373.20000000000000000000   27
373.30000000000000000000   23
373.40000000000000000000   24
373.50000000000000000000   22
373.60000000000000000000   21
373.70000000000000000000   22
373.80000000000000000000   25
373.90000000000000000000   25
374.00000000000000000000   26
374.10000000000000000000   28
374.20000000000000000000   28
374.30000000000000000000   24
374.40000000000000000000   22
374.50000000000000000000   20
374.60000000000000000000   24
374.70000000000000000000   23
374.80000000000000000000   21
374.90000000000000000000   20
375.00000000000000000000   19
375.10000000000000000000   19
375.20000000000000000000   19
375.30000000000000000000   20
375.40000000000000000000   20
375.50000000000000000000   21
375.60000000000000000000   19
375.70000000000000000000   22
375.80000000000000000000   20
375.90000000000000000000   22
376.00000000000000000000   21
376.10000000000000000000   24
376.20000000000000000000   24
376.30000000000000000000   22
376.40000000000000000000   24
376.50000000000000000000   24
376.60000000000000000000   20
376.70000000000000000000   22
376.80000000000000000000   25
376.90000000000000000000   26
377.00000000000000000000   30
377.10000000000000000000   24
377.20000000000000000000   25
377.30000000000000000000   20
377.40000000000000000000   22
377.50000000000000000000   18
377.60000000000000000000   23
377.70000000000000000000   25
377.80000000000000000000   19
377.90000000000000000000   23
378.00000000000000000000   20
378.10000000000000000000   24
378.20000000000000000000   23
378.30000000000000000000   20
378.40000000000000000000   21
378.50000000000000000000   17
378.60000000000000000000   24
378.70000000000000000000   25
378.80000000000000000000   21
378.90000000000000000000   26
379.00000000000000000000   22
379.10000000000000000000   21
379.20000000000000000000   22
379.30000000000000000000   23
379.40000000000000000000   21
379.50000000000000000000   20
379.60000000000000000000   21
379.70000000000000000000   20
379.80000000000000000000   19
379.90000000000000000000   17
380.00000000000000000000   22
380.10000000000000000000   17
380.20000000000000000000   20
380.30000000000000000000   20
380.40000000000000000000   19
380.50000000000000000000   20
380.60000000000000000000   24
380.70000000000000000000   21
380.80000000000000000000   20
380.90000000000000000000   20
381.00000000000000000000   20
381.10000000000000000000   23
381.20000000000000000000   17
381.30000000000000000000   19
381.40000000000000000000   17
381.50000000000000000000   16
381.60000000000000000000   15
381.70000000000000000000   20
381.80000000000000000000   26
381.90000000000000000000   23
382.00000000000000000000   22
382.10000000000000000000   24
382.20000000000000000000   23
382.30000000000000000000   23
382.40000000000000000000   19
382.50000000000000000000   24
382.60000000000000000000   24
382.70000000000000000000   24
382.80000000000000000000   22
382.90000000000000000000   22
383.00000000000000000000   22
383.10000000000000000000   21
383.20000000000000000000   24
383.30000000000000000000   24
383.40000000000000000000   24
383.50000000000000000000   24
383.60000000000000000000   26
383.70000000000000000000   25
383.80000000000000000000   25
383.90000000000000000000   26
384.00000000000000000000   25
384.10000000000000000000   23
384.20000000000000000000   21
384.30000000000000000000   23
384.40000000000000000000   26
384.50000000000000000000   21
384.60000000000000000000   23
384.70000000000000000000   25
384.80000000000000000000   24
384.90000000000000000000   25
385.00000000000000000000   20
385.10000000000000000000   23
385.20000000000000000000   21
385.30000000000000000000   19
385.40000000000000000000   19
385.50000000000000000000   21
385.60000000000000000000   20
385.70000000000000000000   19
385.80000000000000000000   23
385.90000000000000000000   18
386.00000000000000000000   22
386.10000000000000000000   21
386.20000000000000000000   21
386.30000000000000000000   24
386.40000000000000000000   27
386.50000000000000000000   28
386.60000000000000000000   25
386.70000000000000000000   25
386.80000000000000000000   26
386.90000000000000000000   27
387.00000000000000000000   23
387.10000000000000000000   19
387.20000000000000000000   21
387.30000000000000000000   21
387.40000000000000000000   21
387.50000000000000000000   19
387.60000000000000000000   19
387.70000000000000000000   22
387.80000000000000000000   24
387.90000000000000000000   19
388.00000000000000000000   22
388.10000000000000000000   22
388.20000000000000000000   22
388.30000000000000000000   24
388.40000000000000000000   27
388.50000000000000000000   23
388.60000000000000000000   20
388.70000000000000000000   19
388.80000000000000000000   20
388.90000000000000000000   21
389.00000000000000000000   17
389.10000000000000000000   11
389.20000000000000000000   19
389.30000000000000000000   19
389.40000000000000000000   16
389.50000000000000000000   15
389.60000000000000000000   18
389.70000000000000000000   15
389.80000000000000000000   17
389.90000000000000000000   17
390.00000000000000000000   16
390.10000000000000000000   19
390.20000000000000000000   17
390.30000000000000000000   15
390.40000000000000000000   16
390.50000000000000000000   15
390.60000000000000000000   17
390.70000000000000000000   9
390.80000000000000000000   11
390.90000000000000000000   14
391.00000000000000000000   12
391.10000000000000000000   14
391.20000000000000000000   9
391.30000000000000000000   12
391.40000000000000000000   13
391.50000000000000000000   10
391.60000000000000000000   3
391.70000000000000000000   8
391.80000000000000000000   9
391.90000000000000000000   11
392.00000000000000000000   14
392.10000000000000000000   11
392.20000000000000000000   15
392.30000000000000000000   9
392.40000000000000000000   9
392.50000000000000000000   10
392.60000000000000000000   9
392.70000000000000000000   6
392.80000000000000000000   10
392.90000000000000000000   12
393.00000000000000000000   15
393.10000000000000000000   9
393.20000000000000000000   11
393.30000000000000000000   11
393.40000000000000000000   10
393.50000000000000000000   10
393.60000000000000000000   12
393.70000000000000000000   17
393.80000000000000000000   15
393.90000000000000000000   6
394.00000000000000000000   7
394.10000000000000000000   13
394.20000000000000000000   9
394.30000000000000000000   9
394.40000000000000000000   12
394.50000000000000000000   12
394.60000000000000000000   10
394.70000000000000000000   10
394.80000000000000000000   13
394.90000000000000000000   15
395.00000000000000000000   17
395.10000000000000000000   16
395.20000000000000000000   17
395.30000000000000000000   11
395.40000000000000000000   9
395.50000000000000000000   9
395.60000000000000000000   11
395.70000000000000000000   15
395.80000000000000000000   13
395.90000000000000000000   11
396.00000000000000000000   11
396.10000000000000000000   11
396.20000000000000000000   12
396.30000000000000000000   13
396.40000000000000000000   15
396.50000000000000000000   14
396.60000000000000000000   16
396.70000000000000000000   13
396.80000000000000000000   11
396.90000000000000000000   9
397.00000000000000000000   13
397.10000000000000000000   9
397.20000000000000000000   11
397.30000000000000000000   11
397.40000000000000000000   11
397.50000000000000000000   8
397.60000000000000000000   9
397.70000000000000000000   7
397.80000000000000000000   8
397.90000000000000000000   10
398.00000000000000000000   10
398.10000000000000000000   16
398.20000000000000000000   11
398.30000000000000000000   10
398.40000000000000000000   8
398.50000000000000000000   9
398.60000000000000000000   11
398.70000000000000000000   8
398.80000000000000000000   9
398.90000000000000000000   13
399.00000000000000000000   10
399.10000000000000000000   10
399.20000000000000000000   7
399.30000000000000000000   12
399.40000000000000000000   12
399.50000000000000000000   11
399.60000000000000000000   15
399.70000000000000000000   8
